0.254887135176
0.294001170256
0.306188620822
0.313838957075
0.319570231901
0.324160210203
0.327873785297
0.331195813698
0.33415188649
0.33685213292
0.339333230161
0.341621403126
0.343768655535
0.345801123186
0.347761886658
0.349520089774
0.351203478185
0.352781823916
0.354274624909
0.355624411716
0.356940455688
0.358279263379
0.359629562816
0.360870114971
0.362167703453
0.363259756935
0.364429984527
0.365510157414
0.36658662732
0.367615549708
0.368720558365
0.36978114134
0.370780331898
0.371838536772
0.372907342828
0.37388592836
0.374745252805
0.375725901482
0.376653010168
0.377639727323
0.37853258902
0.379403483362
0.380272322686
0.381161215973
0.381955980303
0.382726302634
0.383550905737
0.384336249279
0.384916089256
0.385781665578
0.386476765207
0.387242144135
0.387938540157
0.388571834055
0.389375487406
0.390103465065
0.390830876643
0.391617732574
0.392252535641
0.392900610912
0.393713641484
0.394388899412
0.39506127525
0.395782232506
0.39642013524
0.397110447023
0.39776328751
0.398441895954
0.399012837145
0.399727998318
0.400431184064
0.401159167435
0.401860173503
0.402554940097
0.40307411361
0.403670244078
0.404260694572
0.404927690892
0.405596393816
0.406160390074
0.406730225884
0.407363392895
0.407945280906
0.408578175146
0.409219720241
0.409831325853
0.4103477789
0.410753610785
0.411386620818
0.411979049727
0.412560254105
0.413141603147
0.413680666062
0.414242837149
0.414756321727
0.415300167941
0.415684454203
0.416313902442
0.416835110223
0.417386201546
0.417938858327
0.418538881619
0.41912100311
0.419486384294
0.420041504861
0.420493433418
0.421057381669
0.421513896636
0.422033507471
0.422525526128
0.423060244783
0.423559527106
0.424029814832
0.424550772139
0.425092965422
0.425527631247
0.426005192519
0.426430732097
0.427044251064
0.427510669094
0.427972022564
0.428442240424
0.428902040897
0.429326396684
0.429842001516
0.430292543693
0.430740528768
0.43119389612
0.431631895805
0.43201552258
0.432436867594
0.432866604912
0.433185648325
0.433658192296
0.434051123356
0.434458249252
0.435017713504
0.435512977049
0.435988264712
0.436497104708
0.436924465419
0.437340872996
0.437735921743
0.438057308779
0.438360347376
0.438782758094
0.439118517706
0.439594400622
0.440042984755
0.440376506893
0.440798350689
0.441177505512
0.441586612678
0.442020796396
0.442475005133
0.442884550866
0.443140724488
0.443558334465
0.443992930727
0.444430953502
0.444772307253
0.445223928177
0.445504269055
0.44583399661
0.446245444899
0.446692693762
0.447128333471
0.447522416
0.447910776816
0.448291077284
0.448708610894
0.449212879121
0.449564504031
0.450004647077
0.450455747676
0.450874978597
0.451285000937
0.451598076879
0.452022692101
0.452348946591
0.452793657774
0.453189050621
0.453558241002
0.454025480032
0.454427349544
0.454830418934
0.455287185314
0.455547506287
0.455993453781
0.456376557169
0.456820089453
0.45724115081
0.457574600306
0.457933503955
0.458351364864
0.458759884544
0.459183051583
0.459491750643
0.459900310023
0.460287243427
0.460552568821
0.460857880075
0.461243520184
0.461562519023
0.461956913566
0.462357173651
0.462778354174
0.463129507237
0.463495335151
0.463909205838
0.464280558577
0.464751459646
0.465017592238
0.465379708733
0.465767992111
0.466060273177
0.466371499628
0.466785690352
0.467180998152
0.467579048337
0.467955915348
0.468183394499
0.468582579332
0.468946891645
0.469311867053
0.469672828229
0.469936743979
0.47023347055
0.470652339442
0.47109633251
0.471469382455
0.47182034897
0.472073283602
0.472482913917
0.472863082267
0.473351682389
0.473702170322
0.474066757691
0.474492654126
0.474912855326
0.475017824441
0.47541788878
0.475720920758
0.476133082349
0.476449457927
0.476715376572
0.477094995388
0.477540327824
0.477931785306
0.478346859357
0.478721208559
0.479050529015
0.479392246792
0.479854943768
0.480234506452
0.480568292483
0.480986763063
0.481403063771
0.481774144742
0.482136765883
0.482569202876
0.482833188074
0.483278665326
0.483595659449
0.483967605102
0.484409868908
0.484848224146
0.485232232515
0.485608614955
0.485957645363
0.486348521486
0.48676321648
0.487103705101
0.487519879357
0.487919154491
0.488384480883
0.488692554324
0.489188389622
0.48948302102
0.489859776129
0.490235337638
0.490571926007
0.490935509595
0.49134515547
0.49172272072
0.492163244889
0.49250720938
0.492801813918
0.492931726851
0.493362154683
0.493816099603
0.494277663325
0.494739035203
0.495079830551
0.495515497241
0.495782162809
0.496139297856
0.496536346836
0.496914084075
0.497227849898
0.49750348408
0.497825407611
0.498106442773
0.498415578515
0.498654864941
0.499154712461
0.499566164805
0.500073649619
0.50043185747
0.500838115766
0.500933758537
0.501245351751
0.501674411925
0.502016615608
0.502495341362
0.502900884346
0.503084105722
0.503478782874
0.503892602834
0.504192050238
0.504346467152
0.504670821332
0.505179510178
0.505705448024
0.506139453691
0.506554129955
0.506923793721
0.507350538205
0.50769313863
0.508147011185
0.508634396558
0.509009872419
0.509275922189
0.509621401701
0.510005414316
0.510426486343
0.510784112187
0.511061538589
0.511427417913
0.51179606075
0.512144742927
0.512640407772
0.512968330416
0.513493457223
0.513673290663
0.513919007508
0.514069213274
0.51463924047
0.515048814593
0.515443314565
0.516031690879
0.516489904096
0.516949405224
0.517433069434
0.517894379073
0.518394810555
0.518821811964
0.519317378534
0.519789278383
0.520045211686
0.52044673432
0.521004174357
0.521470938352
0.521888479942
0.522249555482
0.522588348549
0.523125573251
0.523548789653
0.523926850332
0.524437496878
0.52502087969
0.525552836845
0.526090041616
0.5266232182
0.527230900974
0.527810790729
0.528198861554
0.528808421078
0.529093957188
0.529665610118
0.52994461551
0.530444243169
0.530959406352
0.531334650519
0.531824355203
0.532313327438
0.532623745557
0.532901212625
0.533474987079
0.534000640584
0.534376921864
0.534983894194
0.535434310497
0.536054323595
0.536601288786
0.536763899246
0.537117073459
0.537748853025
0.538250136287
0.538779931504
0.539178052263
0.539764575713
0.540156082404
0.540708728001
0.541189226365
0.541826736188
0.542232512354
0.542780218242
0.543413864562
0.544004189569
0.544398607587
0.544976754571
0.545454619054
0.545800307759
0.546120747565
0.546643042961
0.547144455724
0.54770371453
0.548103827496
0.548479547386
0.549123265625
0.549675489147
0.550111592128
0.550763452051
0.55137416492
0.552005938467
0.552510800648
0.553193428204
0.553704341253
0.554187354384
0.554923075635
0.555575715847
0.556089317873
0.556541151533
0.556725180345
0.55742007261
0.55789754336
0.558411912666
0.559052683636
0.559447250145
0.56015092868
0.560514094309
0.561116789551
0.561635239862
0.562053843944
0.562853031263
0.563285918098
0.563794698526
0.564333604789
0.564728863939
0.565282189382
0.565899296017
0.56660372232
0.566956689736
0.567541376873
0.567962900243
0.568658425296
0.569456183117
0.570174171239
0.570854398447
0.571657792171
0.572190198349
0.572859926209
0.573486276045
0.573897278822
0.574344281917
0.57500378305
0.575550882912
0.576087406723
0.576481998459
0.577382797629
0.578210355972
0.578832050799
0.579468679056
0.58017324687
0.580741387956
0.581320379425
0.581720294375
0.582331709219
0.58318592324
0.583802622709
0.584370611438
0.584614451418
0.585324088255
0.586088653462
0.586648189216
0.587309929505
0.58793654225
0.588603390465
0.589097908213
0.589593190343
0.590461575137
0.590928124911
0.591373204511
0.592094623432
0.592732325156
0.59351595637
0.594288801462
0.594932396677
0.595375895961
0.596071747184
0.596713371887
0.597224679411
0.597889903804
0.598716729963
0.599462758437
0.60028986442
0.601172214459
0.601962403422
0.602817430689
0.603509053654
0.604294307352
0.605133545846
0.605587933632
0.606313249461
0.607388963625
0.607924757079
0.60887804523
0.609449135977
0.610227148755
0.611179449952
0.611674656443
0.612348209605
0.612218295687
0.612930203594
0.613714737355
0.614488948518
0.615319857623
0.616129693882
0.616864914522
0.616841992318
0.617103921547
0.617652106385
0.618438404167
0.619050469334
0.619634335106
0.620463625011
0.621071233983
0.621740937201
0.622303367722
0.622908947355
0.623402597949
0.624241180734
0.625060214328
0.625571235335
0.626387604067
0.627209526514
0.628053553718
0.628688108914
0.629564298691
0.630419256749
0.63135597178
0.631814096755
0.63257845769
0.633483363662
0.634571389539
0.635135432109
0.635331770744
0.636083869739
0.636556383546
0.637458408454
0.638408983549
0.638986920532
0.639918332091
0.640659195488
0.640989355308
0.641947475491
0.642815416258
0.643645307402
0.644630861387
0.645473877483
0.646084072832
0.646793114713
0.647800434349
0.648558461152
0.649364870175
0.650121937404
0.651204398044
0.65208821795
0.653163593696
0.653550745603
0.654372873399
0.65551615135
0.656044333016
0.657110574446
0.658070851134
0.659228071478
0.660149366662
0.66127443433
0.662099954308
0.662868761251
0.664001803282
0.664881484828
0.666059492268
0.667173398241
0.667707662846
0.668784730839
0.669955932014
0.670549787837
0.671447724077
0.672269569901
0.673312712652
0.674353678932
0.675384423603
0.676359401728
0.677311264306
0.678241451785
0.677515463264
0.677980258267
0.678879534149
0.679589757864
0.680508242795
0.681309349459
0.682174348232
0.683049667874
0.684106918923
0.685025480098
0.686195039766
0.687138990815
0.6878099537
0.688874940409
0.69011861394
0.690667484882
0.691450019512
0.692510732085
0.693618105867
0.694818209376
0.696057857119
0.697013006131
0.697948008586
0.699207459191
0.699993269417
0.700912978616
0.701577582598
0.702924931153
0.703238456016
0.704245505359
0.705407961646
0.706438985814
0.707467316985
0.708463690106
0.709531370628
0.710684038307
0.711522800743
0.712473161823
0.713843897627
0.715061546005
0.715840910484
0.716367931997
0.716922239077
0.718465050112
0.7193223786
0.720471318687
0.721735315121
0.72226206069
0.72314316767
0.723918669405
0.724861249233
0.726082560856
0.727600836187
0.728686810962
0.729785381547
0.730864571381
0.732129490468
0.733763909067
0.734535370579
0.735861083892
0.736869539017
0.738099417613
0.73954466474
0.741150574718
0.742810153019
0.744107749612
0.745145013663
0.746017780945
0.746907664367
0.748119541833
0.749329325019
0.750395105821
0.751199338129
0.752493461341
0.753868773329
0.754440765661
0.754838422168
0.755805816941
0.757451700827
0.75800613537
0.759187241513
0.760315071759
0.761810209974
0.763154365474
0.7645210057
0.765839909429
0.767185179171
0.768724488068
0.770891064124
0.772301361085
0.773961115524
0.775299334349
0.776631985721
0.77858478027
0.779931754103
0.781488503434
0.782603071938
0.783618762349
0.783176518072
0.785157677763
0.786723739461
0.788586147428
0.790262015831
0.791883993377
0.793182596326
0.794712405772
0.796507907302
0.797307498281
0.798240760405
0.799914248675
0.801360290033
0.802612009224
0.804143344634
0.805369954208
0.806157645642
0.807889033403
0.809193925795
0.811152771333
0.812572947767
0.81472593564
0.816422641999
0.817826246856
0.819656496449
0.821050669657
0.821967651344
0.823527260949
0.825666307499
0.827444067119
0.829170872654
0.831622094152
0.833741747769
0.835869834514
0.836912123565
0.838607486973
0.839491570499
0.841477893828
0.84224489546
0.843638462863
0.845472065948
0.847368962922
0.849377497468
0.851666779792
0.854253155269
0.855510797328
0.856122123054
0.857037701367
0.858526138988
0.860670302382
0.861990831123
0.864325926447
0.865538801606
0.867155128277
0.869155025977
0.870422889489
0.872327642699
0.873249236752
0.875177246834
0.877435105547
0.879386401489
0.881327382731
0.883891392374
0.886858110573
0.889423566058
0.89101418992
0.893560529795
0.895809224805
0.897873880131
0.899311858174
0.901701759733
0.903065486956
0.905269783896
0.907263709398
0.909619064555
0.911860688012
0.914404507033
0.916295142356
0.918812159134
0.92027998686
0.922014778334
0.9240591298
0.924723482883
0.927052058367
0.92954751441
0.932411755132
0.9339925345
0.935404589746
0.938391236092
0.940477073976
0.943709489424
0.946404645491
0.949530321526
0.953183381614
0.954479639611
0.95734162166
0.959808271719
0.963216508056
0.966028520362
0.967965847195
0.971895012961
0.975486376701
0.978902667955
0.981408298286
0.983237763066
0.987493316458
0.990094319024
0.993454046799
0.996385094537
0.999602436665
1.00273050964
1.00620891121
1.01104012021
1.01439126506
1.01785039511
1.020959616
1.02376129714
1.02626688563
1.02994624253
1.03205648205
1.03669274141
1.04028625524
1.04255035089
1.04564607411
1.04886859691
1.05184255217
1.05685844796
1.05982136513
1.06442598561
1.06793192752
1.07205585715
1.07489747176
1.07803275449
1.08058996197
1.08386182779
1.08724200663
1.08895986049
1.09305740116
1.096899052
1.09396344735
1.09735654725
1.10106835666
1.10587517178
1.109164499
1.1119134936
1.11665587979
1.12034288929
1.12334221942
1.13094009492
1.13610118201
1.14039060474
1.14447447584
1.14993435058
1.15416519564
1.15713004753
1.1606383617
1.16497523888
1.1703055745
1.17502280407
1.17864666871
1.18263281517
1.18810042902
1.19239618313
1.19690306178
1.20094870796
1.2061852066
1.21165414711
1.21470558712
1.22218184944
1.22787992462
1.23233504747
1.23866104098
1.24183705971
1.24645971364
1.24983289045
1.25542676697
1.26226174789
1.27073360871
1.2765003792
1.28191688935
1.29201631192
1.30212132617
1.31005957284
1.31402687039
1.31732441265
1.31923134044
1.32275227965
1.32986839114
1.33430001013
1.34011004375
1.35013648996
1.36001862767
1.36392332617
1.37129412537
1.37555759623
1.38184786372
1.3897036916
1.39631881542
1.40786906395
1.41720360079
1.42494218571
1.42883992251
1.43427996594
1.44394195286
1.44923101611
1.45409741666
1.4629808484
1.47144374008
1.48153259672
1.49220246661
1.5042742281
1.51294417444
1.51816605586
1.53307338292
1.54386956081
1.55134224095
1.56218624206
1.57398184019
1.58474050908
1.59852742962
1.60922764703
1.6064293928
1.61639140093
1.62773430126
1.63942590265
1.6464081792
1.65029855291
1.66672326493
1.6755597655
1.68852322784
1.70915430927
1.71572835709
1.72515557416
1.73676868169
1.75063422457
1.76348335463
1.77760662507
1.78506812421
1.80312011229
1.81260744432
1.83325100331
1.84631011764
1.86783537711
1.88715634908
1.91335140521
1.92013215637
1.93565202578
1.94285181001
1.95810111544
1.97102365578
1.98554032133
2.007926822
2.0252400549
2.04844111644
2.0572521341
2.07694508534
2.10034209386
2.1209423383
2.14048481719
2.16881548679
2.20347727835
2.2129605486
2.23642507187
2.24711131472
2.29092513348
2.34449615455
2.37924600746
2.39114669341
2.42287361681
2.46285801654
2.47509315964
2.4792672055
2.50058292341
2.56734621858
2.61004498792
2.67954664436
2.67944442168
2.72897044797
2.75202752197
2.79710211629
2.79453993962
2.83692272049
2.86432072993
2.91472012764
2.87496039246
2.82431513654
2.81474817801
2.78542853404
2.62518014698
2.76456986291
2.55655624886
2.11967683117
1.90146520681
1.50980169652
0.725046647623