0.254887135176
0.288027985547
0.299745889409
0.307415731076
0.313052914778
0.317473201298
0.321063100456
0.324036317974
0.326763409871
0.32919470025
0.331263617009
0.33331212567
0.335060916744
0.336820029065
0.338439804022
0.339902279952
0.34130255682
0.342718117261
0.344007602972
0.345293176024
0.34651148641
0.347697217078
0.348894020535
0.349936547613
0.351049521835
0.352157357311
0.353217526716
0.35426984156
0.355166449517
0.356106754602
0.356953576143
0.357888354576
0.358950302308
0.359901497981
0.36084262615
0.361779491544
0.362662375079
0.363547955244
0.364364192755
0.365253024457
0.366186414053
0.366919039157
0.367721107035
0.368482038268
0.369230193494
0.369970057343
0.37080741603
0.371644936422
0.372414241414
0.373214179418
0.37402138512
0.374769579715
0.37547591059
0.37620895362
0.376930856734
0.377609867645
0.378329535235
0.379028232982
0.379763326277
0.38050394953
0.381253412332
0.38194264445
0.382588854949
0.383290500358
0.383979633789
0.384657030711
0.385386323969
0.385987262754
0.386668928806
0.387421568255
0.388043557206
0.388669120193
0.389282270682
0.389921527666
0.390484062319
0.391096330178
0.391717812104
0.392293790208
0.392996053566
0.393657217308
0.394246632621
0.394866938103
0.395499321674
0.396077301468
0.396680802234
0.397340217268
0.397932846954
0.398543233645
0.398835519152
0.399396935816
0.399924297708
0.400479341461
0.401001517156
0.401572603851
0.402138793729
0.402568150323
0.403001691417
0.403549773227
0.404108113204
0.404643125733
0.405215809684
0.405714430597
0.406266352122
0.406802940799
0.407358080006
0.407840158063
0.408180645785
0.408612728878
0.409085199971
0.409605735952
0.410096467942
0.410580224674
0.411016159222
0.411497045344
0.411989995765
0.412353875618
0.412837817167
0.413300297783
0.4137911718
0.414258667859
0.414671149232
0.415079787536
0.415551006606
0.416065261294
0.416459248675
0.416876859594
0.417333283729
0.417745625549
0.418143583271
0.418531088887
0.418976505892
0.419371839112
0.419813787036
0.420155618076
0.420590316206
0.42108187113
0.421506136085
0.421898252179
0.422301555617
0.422634463369
0.423054587309
0.42348212315
0.423835654435
0.424237666395
0.42454151393
0.424945891671
0.425282862627
0.425603964645
0.425963079086
0.426339738196
0.426668389759
0.427057365255
0.427379166363
0.427743309017
0.428099483367
0.428494046231
0.428831528576
0.429197528258
0.429528336575
0.429826627474
0.430207293921
0.430610295169
0.430962328381
0.431352567434
0.43158450694
0.431923752776
0.432327921628
0.432705998159
0.433011671025
0.433405951151
0.433745157265
0.434134954955
0.434503061083
0.434874992176
0.435212124787
0.435598485904
0.435854640396
0.436256108732
0.436636238668
0.436952766223
0.437312306272
0.437566770752
0.437876809851
0.438298233904
0.438631964525
0.438951379629
0.439292831175
0.439618630512
0.439879674787
0.440220147236
0.440570243305
0.440831557799
0.441189470954
0.441558581106
0.441884739008
0.442246399338
0.44260774836
0.442886740391
0.443214352187
0.443530315968
0.443893059636
0.44419525394
0.444492689476
0.444851338516
0.445142514058
0.445575104526
0.445960370397
0.446267432124
0.446593557003
0.446935447976
0.447300904226
0.447595258234
0.447996463973
0.448289288612
0.448574805133
0.448942108835
0.449375719778
0.449768817359
0.450016725429
0.45037692778
0.450747144151
0.451168008436
0.451494793055
0.451864907833
0.452208488699
0.452508188675
0.452899286618
0.453184176925
0.453542378218
0.45387784606
0.454193913894
0.454498515991
0.454791607445
0.45503596099
0.455438800949
0.455750841384
0.456139973189
0.456528868101
0.457003495542
0.457327447473
0.457711235443
0.45804487125
0.458314822036
0.458758192887
0.45915900999
0.459659857109
0.46002621862
0.460370804948
0.460672998732
0.461027865057
0.461392491653
0.461805013893
0.462175363043
0.462430655297
0.462787626233
0.462965728575
0.46335678848
0.463702120953
0.464019635688
0.464381715071
0.464773844189
0.465045325266
0.465408441679
0.465615660076
0.465995651072
0.466348667756
0.466772671935
0.467127657483
0.467455401118
0.467729528703
0.468082851781
0.46848152205
0.468912387064
0.469297897275
0.46969592349
0.470005671795
0.47033998134
0.470743996295
0.471074369846
0.471412445657
0.471842879509
0.472272019311
0.472709068969
0.472907904379
0.473279162026
0.473534159214
0.4735091518
0.473830943338
0.474131419064
0.474598567029
0.474964354101
0.475375399961
0.475716944463
0.476119783635
0.476422748119
0.476864321516
0.477240764064
0.477690149572
0.478090054169
0.478451954519
0.478728425266
0.479132588729
0.479462100137
0.479777362761
0.480158127723
0.480572960881
0.480885511248
0.481231461945
0.481498367509
0.481915310763
0.482225385018
0.48260109983
0.482971759904
0.483342048559
0.483704075505
0.484136685023
0.484313389472
0.484645574794
0.48508555873
0.485465235909
0.485872796572
0.48611295173
0.486565803028
0.486795033875
0.487230132265
0.487639115196
0.488150211947
0.488517679333
0.488908581074
0.489370821429
0.489856105447
0.490179775998
0.490635175669
0.491109907257
0.491408345061
0.491864051674
0.492245890871
0.492736947212
0.492966631988
0.493392557867
0.493842877741
0.494192126178
0.494489435093
0.494753986784
0.495115357842
0.495471266066
0.495811185614
0.496267227884
0.496551510694
0.496932912272
0.497363927576
0.497523890166
0.497821491493
0.498213823914
0.498491392176
0.498829225986
0.499194741432
0.499547707317
0.499964680883
0.500286038538
0.500654892313
0.501116223573
0.501464905727
0.501980463537
0.502369506247
0.502827391048
0.503307606747
0.503780114121
0.504171965514
0.50456614698
0.504999996712
0.505201721004
0.505424169142
0.505634287642
0.506040217709
0.506459716647
0.506946088528
0.507298858895
0.507675417397
0.507973980532
0.508376904137
0.508719771073
0.50917777437
0.509109116829
0.509555961897
0.509791808517
0.510176321617
0.510481869214
0.510978745138
0.511356188509
0.511651629456
0.5121347231
0.512555260025
0.512901325599
0.51336318106
0.513815565909
0.514323841501
0.514648231198
0.515119312032
0.515583365268
0.516002570757
0.516328526822
0.516762738431
0.517127715578
0.517542338352
0.517970640045
0.518543830554
0.518959407325
0.519467497305
0.519918155305
0.520272460765
0.520640068123
0.521074709198
0.521444460364
0.521794889653
0.52227411591
0.522570718625
0.52309804611
0.523682110862
0.52405788093
0.524498601101
0.524974510325
0.525376255076
0.525750215378
0.526155496665
0.526637941643
0.527150487197
0.527617541079
0.528048539826
0.528629629721
0.529151071948
0.529688358526
0.530069453598
0.530429093091
0.530870082806
0.531315876755
0.531782420851
0.532024031675
0.532531867691
0.532979152658
0.533287714125
0.533842031741
0.534250571697
0.534476321885
0.535031756918
0.535496454799
0.53605002173
0.536578230981
0.537001516638
0.537503844689
0.538020754084
0.538514348654
0.53899419564
0.539399146058
0.539951713683
0.540342715772
0.540781869627
0.541245240945
0.541433655387
0.541997333813
0.542413354401
0.543000457529
0.543275284531
0.543662473926
0.544044306163
0.54451657496
0.54492157146
0.54529724246
0.545818127388
0.546221966088
0.546619187643
0.546898279167
0.547132650368
0.547495482544
0.547744951314
0.548329579995
0.548830683444
0.549413377197
0.549904375131
0.550280767869
0.550713031923
0.551299658406
0.551880683324
0.552346347284
0.552716788379
0.553209878066
0.553691156508
0.554151168137
0.554679734899
0.555413894337
0.555860439502
0.556463490473
0.556990552054
0.5577002917
0.558244178139
0.558807296808
0.559194530118
0.559829604061
0.560173509685
0.560627188504
0.561188838275
0.561809860316
0.562113266507
0.562604177267
0.562879408976
0.563554768646
0.564237514394
0.564782706514
0.565335450681
0.565934545725
0.566624472423
0.567167901581
0.56775833867
0.568431902227
0.569179196609
0.569838284305
0.570471952901
0.571161719118
0.571871151911
0.572186937335
0.572747289708
0.573049416785
0.573737612874
0.574316228271
0.575047146494
0.575771405657
0.57648839647
0.577028666535
0.577411848947
0.578007229382
0.578571317444
0.579218141429
0.579926504275
0.580183661071
0.580908311199
0.581421098542
0.58205454192
0.58250505744
0.583072353461
0.583607545773
0.584157972237
0.584904630294
0.58522749657
0.585697355988
0.586410235826
0.587151144605
0.587831560712
0.588507360576
0.589012815596
0.589812807321
0.590197349675
0.590655368823
0.591284924947
0.591932626394
0.592648012339
0.593340605742
0.594106520344
0.594658839442
0.595406467985
0.59619160415
0.596547498
0.596905218555
0.597610409244
0.598422007451
0.599129599133
0.599802848206
0.600398008265
0.601284624882
0.601990275769
0.602695250623
0.603042191558
0.603826650842
0.604550620999
0.605417463651
0.605818303881
0.606667548526
0.607568943425
0.608620789435
0.609286451134
0.610131921671
0.610969996522
0.61192873496
0.612731640288
0.613536499569
0.614355208161
0.615027668918
0.615596900738
0.61644248672
0.617031732857
0.617820094984
0.618277248653
0.619166468868
0.619803206418
0.620630271924
0.621276180855
0.621922723689
0.622915215787
0.623598355102
0.624518901142
0.625229005333
0.626215096162
0.627107932095
0.628006368031
0.627789086512
0.628586167249
0.62918830502
0.629769934168
0.630094308384
0.630719834291
0.631685098484
0.632645648772
0.633262481893
0.634243671481
0.635173912009
0.635788178005
0.636614377004
0.637263994618
0.638092851517
0.638719655083
0.638930567732
0.639535513562
0.640346794033
0.641062115554
0.642068983725
0.643053562023
0.644016396035
0.644912682895
0.645720607421
0.646686124022
0.647643364504
0.648244588385
0.649060316037
0.650174474605
0.651135733088
0.651773390035
0.652564583313
0.653459297252
0.654375138286
0.65562894564
0.656557082373
0.657566001688
0.658161253413
0.659224334564
0.659810646146
0.660509390033
0.661437286918
0.662609281929
0.663631162419
0.664514198589
0.665480566664
0.666135311937
0.667246241046
0.668370821881
0.669261743397
0.67026071363
0.671217963876
0.672031225594
0.673023113003
0.674219317146
0.674699795741
0.675912672691
0.676512447935
0.676987862569
0.678400445458
0.679403730318
0.680274895837
0.681083796194
0.682239632516
0.683384455216
0.684292705839
0.68480901435
0.686234405767
0.687093838765
0.688497963621
0.689422883826
0.690354107176
0.690935977209
0.692194955344
0.693186744581
0.69420545402
0.694873864833
0.696203176478
0.697422272393
0.698775486732
0.699872284294
0.700705097312
0.701309708778
0.702677372438
0.703692472538
0.70451792859
0.705854357336
0.706741351684
0.707873512927
0.709274960548
0.710406819529
0.711247010327
0.712203869817
0.713322349885
0.714437117932
0.715573225836
0.716606885283
0.717810641441
0.718926193956
0.720393146778
0.721290197919
0.721903204542
0.722739171008
0.723823600864
0.725028849014
0.726360806017
0.727348803206
0.728492788172
0.729478446939
0.730830346578
0.731912637452
0.732951419621
0.733532646723
0.734164843231
0.735233118172
0.736079407358
0.736701419706
0.737729104361
0.738662905133
0.740245246128
0.741240392361
0.74243706891
0.743634697879
0.744540304221
0.746252305385
0.7474625218
0.748968783151
0.750275424322
0.751686432099
0.75315031754
0.754214828605
0.754693013102
0.755205632352
0.756527364291
0.757556961886
0.759076707605
0.760121710623
0.7615349311
0.762314169532
0.763853957146
0.765627511393
0.765955947921
0.767571407634
0.768847780782
0.769630863537
0.77090905046
0.772200506062
0.77387530424
0.775117620283
0.776097282779
0.777002968504
0.778567129853
0.779643151542
0.78134162442
0.783268482477
0.784030007717
0.785604407886
0.786468823865
0.788010285592
0.789643596368
0.791268146095
0.792832430068
0.794171293424
0.795132342459
0.796981574963
0.798866688119
0.800326905004
0.801432221459
0.803117225834
0.805418215334
0.806505045435
0.80636103223
0.807245991707
0.809082583133
0.810649253378
0.811647855796
0.810960076519
0.812811089544
0.814740894367
0.816642640212
0.818310046273
0.819551835159
0.820946846818
0.822460468065
0.823120783083
0.824508791031
0.825942022594
0.828965729657
0.831212978626
0.832763597159
0.834353796104
0.835437555118
0.836565059131
0.838026075735
0.839863687449
0.842297401806
0.844212008071
0.84543664691
0.84646996388
0.848636994519
0.850873630302
0.85184805853
0.853798067936
0.855652595508
0.857786592571
0.860457829888
0.862477471935
0.864864030733
0.866932893766
0.868224273689
0.870689737505
0.872602367182
0.874732115353
0.876384925502
0.879039049526
0.881259652439
0.882970637494
0.885095883104
0.886329774734
0.888912790775
0.890201639062
0.891676043387
0.894088281984
0.896469544375
0.899575121932
0.901809286697
0.903605038241
0.906327427325
0.908552448666
0.911112259108
0.914179846705
0.916487186188
0.919948411914
0.922149808929
0.923880947914
0.926402718305
0.929179475573
0.932124395905
0.934935620556
0.936635631335
0.939476160308
0.940961912484
0.943348425556
0.946924435603
0.951467315604
0.953630307339
0.955888995966
0.959607056408
0.962463045251
0.965476317559
0.9698905741
0.971972012186
0.975749312403
0.978787824813
0.980614644838
0.984234809458
0.988078121743
0.991827129626
0.994894137295
0.998723409112
1.00128390411
1.00554404423
1.00839444961
1.01306103531
1.01620621349
1.01755640218
1.02188168851
1.02587833343
1.02876078971
1.03323789212
1.03724006145
1.03970596523
1.04230163345
1.04471098068
1.04965820272
1.05294659532
1.0561995909
1.06034273906
1.06511137512
1.06975705453
1.07348591614
1.0773404569
1.08072586356
1.08460532103
1.08764007707
1.09143129959
1.09449563896
1.09705281594
1.10286222147
1.10675122635
1.11381917962
1.11666953976
1.12151286536
1.12588432778
1.12987592094
1.13557187668
1.14286423405
1.14934716368
1.15461199767
1.15861615782
1.16286995154
1.16701135389
1.17452735694
1.18040892617
1.18755165704
1.19430059573
1.19851269262
1.20674059534
1.2133769608
1.22270169868
1.22912575672
1.22801648383
1.23461646273
1.23677222293
1.246799867
1.24912587058
1.26040268165
1.26670893527
1.2735369493
1.27890766701
1.28961879231
1.29767770884
1.30472277467
1.31012792675
1.31596164377
1.322423428
1.33249860554
1.34045720568
1.34669125217
1.36228499847
1.37433160561
1.38676733924
1.40059122416
1.41219382313
1.42312621528
1.43567480763
1.44799655093
1.45902894233
1.47180095791
1.4842201151
1.49659506787
1.51168579562
1.52441490432
1.5322198053
1.54379070508
1.54805060684
1.5609699925
1.57724697407
1.59333880802
1.60340635729
1.61886784671
1.63502780831
1.64359995838
1.66248875413
1.67752768769
1.69173909836
1.71087855956
1.73838931473
1.75663644139
1.75599691662
1.77846620232
1.79704271162
1.81744326302
1.84939496482
1.86843202652
1.90435110648
1.91965347272
1.95438677126
1.98303747194
2.01733740984
2.04227886566
2.05938578574
2.09077138089
2.13278590592
2.16248345251
2.20276502326
2.2178499839
2.23938693593
2.29325302509
2.35703307865
2.39615588748
2.44191425522
2.5183097079
2.52623289603
2.58403661179
2.62683641571
2.70807449748
2.69185698282
2.77962080184
2.83719442205
2.82941974295
2.95593709999
2.94454032145
2.88075485
2.44431614464
1.80757292666