0.254887135176
0.280572129866
0.295427353319
0.303762551416
0.309677172243
0.314316233048
0.318263316739
0.321785101679
0.324906728717
0.327725146321
0.330201078318
0.332637829202
0.334806027549
0.337011339575
0.33909313568
0.341119349084
0.342879849468
0.344639070229
0.346358450098
0.347956729726
0.349636914965
0.351143351851
0.352614690022
0.35400613108
0.355373087298
0.356689144206
0.357893980657
0.359101282191
0.36029489769
0.361508390953
0.36267135755
0.363809656158
0.364895795712
0.365986706086
0.366908593614
0.367783572902
0.36873047222
0.369637305701
0.370547904883
0.371423800363
0.372082097491
0.372921258108
0.373765005911
0.374552195834
0.375370062458
0.376051570888
0.376841170591
0.377606635136
0.378382204707
0.379128665347
0.379858114158
0.380464551594
0.381168905441
0.381865429094
0.382465868524
0.383109014811
0.383753381064
0.384369921964
0.384936217468
0.385605484277
0.386198254269
0.386830212775
0.387459042963
0.388065226015
0.388684896937
0.389315252592
0.389970635405
0.390563671646
0.391175664276
0.391834428615
0.392443401329
0.393075568323
0.393604892055
0.394169335242
0.394764174307
0.395220881484
0.395754734473
0.396257996417
0.396753150512
0.397257811946
0.397740835227
0.398321242967
0.398828545265
0.399214735844
0.399744953783
0.400242537862
0.400761248466
0.401299224968
0.401638754127
0.402192762878
0.402710487697
0.403271693109
0.403817813849
0.404278723479
0.404852894122
0.405279718064
0.405792100927
0.406266760409
0.406804035844
0.407322569058
0.407727620785
0.408179382083
0.408679186659
0.409204296046
0.409639149006
0.410142111452
0.410684064241
0.411093961028
0.411574068043
0.4120704925
0.412505811164
0.412946664189
0.413393546714
0.413845671662
0.414282708691
0.414704136777
0.415136044272
0.415577809006
0.41607675695
0.416584061019
0.417033367668
0.417451813755
0.417987470667
0.418429314017
0.418872156271
0.419278182857
0.419585312047
0.420013464266
0.420512444324
0.420962722948
0.421399774622
0.421854237994
0.42228230809
0.422724404824
0.42317412455
0.42354984612
0.423947173726
0.424382883394
0.424685110212
0.425171198971
0.425629665024
0.426110314042
0.426564927724
0.427009821201
0.427504114477
0.427915962797
0.428282378684
0.428721677671
0.429111353392
0.429623526665
0.430016020204
0.430406419006
0.430873677034
0.431226206119
0.431701230387
0.432079031339
0.43246084145
0.432848984676
0.433134818103
0.433621482503
0.433978056012
0.434371053061
0.434814995039
0.435297129379
0.435721570335
0.436125577775
0.436479640847
0.436889012259
0.437331089697
0.437789851105
0.438220844889
0.438626140694
0.43901424619
0.439384769455
0.439795134683
0.440248318006
0.440638168751
0.441064124961
0.441373258186
0.44171634431
0.442104196261
0.442495786217
0.442693965775
0.443128273069
0.44352223124
0.443979178434
0.444424611448
0.444748146506
0.445171082651
0.445654427671
0.446073356402
0.446485022249
0.446875443836
0.447220918641
0.447646513263
0.447988507556
0.448188767821
0.448564084473
0.448979145428
0.449378817879
0.449795691428
0.450073130293
0.450460710846
0.450778902614
0.451205845873
0.451600718986
0.452010162211
0.452449620793
0.452784732357
0.453224228203
0.453610025579
0.454043931768
0.454493952668
0.454895946621
0.455335269454
0.455703508347
0.456134150331
0.456497988804
0.456978151036
0.457412913548
0.457824503751
0.458066972324
0.458421308068
0.458874308272
0.459280692131
0.459654392864
0.459956103643
0.460428680947
0.460850362524
0.461054453863
0.461475712919
0.461946919508
0.462423680419
0.462766463303
0.463218399465
0.463642327773
0.464034167754
0.464442169918
0.464734405734
0.46513870344
0.465615813121
0.465983723447
0.466379067366
0.466701156539
0.466978755488
0.467392075973
0.467805955405
0.4678532032
0.468231066675
0.468611749054
0.469059788367
0.469533196845
0.469833890601
0.470261261546
0.470605886107
0.471041999117
0.471465666582
0.471840818874
0.472224511713
0.47266346484
0.47308901216
0.473448126579
0.473919507693
0.474342449254
0.474785538558
0.475221234761
0.475535554471
0.475951499506
0.476398166215
0.47683585262
0.477081890538
0.477507455098
0.477843049964
0.478339754971
0.478839754792
0.47928516036
0.479517508443
0.479623878157
0.480028938879
0.480437540181
0.480707401212
0.481060636722
0.481518806772
0.48189041291
0.482193417808
0.482658102006
0.482882546224
0.483340349143
0.48380106927
0.484183367113
0.484508248037
0.484815783517
0.485127152286
0.485608082824
0.486105877798
0.486487086877
0.48688288843
0.487370302905
0.487797217179
0.488211488262
0.48871131126
0.489065050305
0.489532871384
0.489993452995
0.490418554744
0.490671500608
0.491138469947
0.491325272636
0.491661924284
0.492113156512
0.492464444404
0.493004295739
0.493475808131
0.493801046697
0.494212530153
0.494525735338
0.494829320378
0.495177806971
0.495619764397
0.49610496653
0.496461261426
0.496812181957
0.497270485692
0.497745363248
0.498121458376
0.498577120897
0.49898591486
0.499134084575
0.499673017661
0.500064921483
0.500471509391
0.500973543529
0.501339660095
0.501918811055
0.502218754627
0.502593957524
0.503048263367
0.503431303438
0.503863131737
0.504235625738
0.504693595289
0.505079791671
0.505465569106
0.50585595454
0.50634351072
0.506303390052
0.506715418475
0.507071467694
0.5074888615
0.507907338112
0.508102230377
0.508554694548
0.508994651936
0.509532068462
0.510100789906
0.51069807774
0.51094726056
0.511330299678
0.511597768475
0.512111692982
0.512596011351
0.51286779686
0.513349769081
0.513858310986
0.514242551644
0.514730718776
0.51518123467
0.515551631434
0.51597030593
0.516418914037
0.51683493077
0.517248282129
0.517716918109
0.518181361413
0.518667690601
0.519012576004
0.519363913516
0.519706259056
0.520105115335
0.520624518944
0.521182768293
0.521502079553
0.521748644483
0.522158472593
0.522717639704
0.523323986514
0.523781893835
0.524280981132
0.524787532518
0.525155553655
0.525580509421
0.525959184664
0.526442339189
0.52677526623
0.527265091491
0.527534664232
0.527960790985
0.528354520607
0.528889194527
0.529443843309
0.529956124455
0.530302084402
0.530668122171
0.531286054759
0.531710792982
0.532139378338
0.532761374299
0.533335610399
0.53382332371
0.534320236912
0.534718806181
0.535413188181
0.535736572685
0.535610373645
0.536248433408
0.536731321983
0.537088737127
0.537699239268
0.538200027101
0.538617907361
0.539118439337
0.539630798035
0.540022466895
0.540467124485
0.540937714731
0.541369595188
0.541868599378
0.542520094382
0.543153654372
0.543613252662
0.54399247125
0.544454586301
0.545036679398
0.545650580142
0.546266209795
0.546874444598
0.547389843634
0.54786254848
0.548272418403
0.548906026223
0.549365740811
0.54973738154
0.550190837727
0.550800423891
0.551116084996
0.551775844135
0.552031344356
0.552430334099
0.553029180273
0.553620725251
0.554182015366
0.554830409937
0.555021226529
0.555633609699
0.556197647812
0.556603030865
0.556923233381
0.557375729708
0.557724044746
0.55812383015
0.558724396899
0.559188034528
0.559793277079
0.560353593099
0.560739385464
0.561152676539
0.561837959727
0.562654899396
0.562964567849
0.563506196747
0.564114326855
0.564551245411
0.56500788116
0.56545198624
0.565784011615
0.566219163372
0.566403676456
0.566964694533
0.567438920443
0.567816168585
0.568215541995
0.569096706726
0.569437742383
0.570009387503
0.570540558186
0.57120832576
0.57174218657
0.572104759963
0.572667088378
0.573288389149
0.573929525453
0.57411895449
0.574632574124
0.575298352832
0.575722838019
0.576339175178
0.576764497493
0.577214523081
0.577665967071
0.578297598649
0.578893502337
0.579388378655
0.580228063964
0.580730554357
0.581183991935
0.581849566335
0.582656338398
0.583332069543
0.58381500397
0.584452901282
0.585110551351
0.585546933232
0.586157742452
0.586584944999
0.587075050947
0.58763161915
0.588419767739
0.588965587096
0.589423212293
0.590159958873
0.590949933348
0.59154887209
0.59219931436
0.592886334713
0.593331125519
0.594019945934
0.594807170959
0.595361067755
0.596116412216
0.596802002313
0.597557666097
0.597761673823
0.598361416917
0.598748899303
0.599284462171
0.59997958341
0.600367715273
0.60120482466
0.601863043598
0.602634421814
0.603275121498
0.60392797274
0.604713251455
0.605413015093
0.606204479962
0.606749334512
0.607382463011
0.608055507132
0.608808800435
0.609542265761
0.610018419657
0.610763179643
0.610825025159
0.611464249644
0.612428127569
0.613172715657
0.613769008176
0.614472253954
0.615139295146
0.616026876943
0.616851677222
0.617575193515
0.618481099919
0.619115074876
0.619983308243
0.620870314522
0.621415888113
0.62230171788
0.622923014999
0.62305406251
0.623896283031
0.624888078535
0.625554270279
0.626295708304
0.627159772888
0.627767935067
0.628588700816
0.629193755974
0.629686807637
0.630608488495
0.631289440683
0.632062905882
0.6327205609
0.63382556422
0.634394619899
0.635203862503
0.636120231691
0.636829074965
0.63769130971
0.638569466873
0.639427988213
0.640040126833
0.640509856832
0.641450024509
0.642427681539
0.643164610235
0.643995503133
0.644548163829
0.645361592824
0.646289561234
0.64682151163
0.647217513399
0.648250121766
0.649042234636
0.64957852309
0.650156388555
0.650791656634
0.651514198112
0.652530357013
0.653378319207
0.65416814542
0.655046400174
0.656051026279
0.656755648857
0.657742842775
0.658646240103
0.659340191454
0.660262858792
0.660786299371
0.661706540581
0.662278299582
0.663424527375
0.664507086859
0.665095008626
0.666340234418
0.66739020242
0.667829899521
0.668330124297
0.669291874068
0.67010494788
0.671257224483
0.671791726458
0.672823568893
0.673579857317
0.674572971024
0.675820975369
0.677148670048
0.677576517011
0.678670389427
0.678847576312
0.679799628533
0.680665273775
0.681425926575
0.682653041152
0.683747715045
0.684852438409
0.68541621582
0.686376339883
0.687510816489
0.688411257794
0.689381314959
0.690632466075
0.691708166467
0.692741339226
0.693791225359
0.69475072808
0.695858227597
0.696611219724
0.697448822433
0.698369285796
0.699502938099
0.700602338786
0.701037922613
0.702106009544
0.703054243769
0.703760705042
0.70462398596
0.705737931363
0.706592533317
0.70789226842
0.708590868461
0.709720321098
0.710681726774
0.711481598882
0.712316362486
0.713625422009
0.714595267643
0.7157370734
0.717052998288
0.718238995688
0.71945821522
0.719792430831
0.720928841783
0.721849475204
0.723120708117
0.724767028541
0.726129748617
0.726934909884
0.728113577829
0.729219735387
0.730892426785
0.730884871654
0.732154850942
0.73361633077
0.734633113495
0.735881198267
0.736711644432
0.737749136078
0.738263187734
0.739421924623
0.740242735638
0.741226208361
0.74247513373
0.74342891257
0.744793471482
0.74599042489
0.747372719454
0.748992535989
0.75055376112
0.752116305059
0.753636909275
0.755163748304
0.756658640934
0.758086971382
0.759712818567
0.761088810695
0.762096622953
0.764037348706
0.765419430549
0.766715140321
0.76776505991
0.769219989259
0.770682403337
0.771646902142
0.77327911045
0.775178863297
0.776398703538
0.778171908255
0.779439847646
0.780759241264
0.782806639161
0.784742376734
0.786253885501
0.788188070568
0.78953669915
0.790707490953
0.79257341186
0.793000102578
0.794775410573
0.795935712598
0.797374482045
0.799281917486
0.800770289029
0.803120622634
0.804541413107
0.805602827624
0.807281429992
0.809161513657
0.810842239301
0.812759040049
0.814004189
0.815745246164
0.817063839023
0.819408032814
0.821686326351
0.823200957075
0.82484180455
0.826985257729
0.829048812705
0.830685825479
0.831965652944
0.833930082624
0.836065715198
0.837534228312
0.838675127821
0.840058539835
0.841569102046
0.843306459005
0.844956478128
0.844151457926
0.846056645568
0.847801044557
0.84968359452
0.852510460935
0.854827495786
0.855765297251
0.857680579671
0.858653522881
0.859247432251
0.860721197884
0.862986147831
0.864259092853
0.862332480776
0.863082992506
0.864752845086
0.867218670151
0.868438175787
0.870766068105
0.873054748772
0.875954292431
0.878312017765
0.881088758494
0.88334787541
0.885835130283
0.88743514199
0.888749757849
0.890107953996
0.891795498632
0.893180065642
0.895915200905
0.898389125506
0.900632974596
0.903551148984
0.906303037965
0.908902501621
0.911760745511
0.914129696074
0.916332245131
0.918710043172
0.921433059036
0.923562609515
0.925738473833
0.928556845267
0.931468147395
0.933498516733
0.934474465325
0.937052798013
0.93993450491
0.943345147403
0.94639177822
0.949640569257
0.953057260222
0.955235928954
0.958156620037
0.961672236119
0.96417501426
0.967378242842
0.970646690317
0.973166892435
0.97567360563
0.97862879252
0.980916144862
0.984670457973
0.986845437913
0.987979206025
0.991972825331
0.994419228332
0.997770380259
0.996403221928
0.999773871224
1.00169338694
1.00535836355
1.00802967714
1.01176775921
1.01433483156
1.01856493596
1.02221610434
1.02488066622
1.02868101906
1.03062146498
1.03362719684
1.03663096412
1.03951248959
1.04288310796
1.04490276107
1.04689019161
1.05207844352
1.05297717155
1.05851488779
1.06380945527
1.06653880638
1.07242218126
1.07639221835
1.08006046854
1.08177920565
1.08414711238
1.08807372748
1.09276378378
1.0984010001
1.10268935854
1.10488876443
1.10976553338
1.11503180255
1.11809163827
1.12398531528
1.12746923406
1.13291046792
1.13601544993
1.141105539
1.14482080116
1.1513354388
1.15537698674
1.15892709962
1.16497255606
1.16711209625
1.17060000107
1.17525345133
1.18095844568
1.18946415517
1.19353245788
1.19954033317
1.2031251639
1.21023905037
1.2144849354
1.21934875417
1.22370448816
1.2271561004
1.23189507017
1.2420799871
1.24672338234
1.25337002933
1.25980811113
1.26570102656
1.26873965233
1.27579235819
1.28322172526
1.28928372985
1.29809552943
1.30527865822
1.30962909451
1.31707237563
1.32720987552
1.33243842353
1.33768224882
1.34104515537
1.34687929846
1.35860836942
1.36902082607
1.37532631173
1.38815749145
1.39517791584
1.40279055696
1.4095687008
1.41520804077
1.42310632344
1.42997360565
1.44324882844
1.44789385062
1.45673648785
1.4664648657
1.47471051859
1.48986776987
1.49639333662
1.51115312103
1.51857308425
1.53126818344
1.54209446578
1.55420830108
1.56836755984
1.58356124548
1.59962964144
1.61826325727
1.62877078504
1.63827945833
1.64713182026
1.65611181971
1.66903137971
1.68419455245
1.69558109228
1.70548132981
1.72134802621
1.74218190381
1.76303846526
1.78644124053
1.80196615079
1.81973505004
1.8366350198
1.86463945939
1.89463636439
1.91511448316
1.94098114555
1.96153113798
1.97697325406
1.98294536036
1.99777151557
2.02103670411
2.03887414895
2.04454106897
2.04937165477
2.07470718519
2.09705591404
2.12467814082
2.14957704694
2.18885944269
2.2018400154
2.23023522526
2.25590109657
2.30616243315
2.34674941508
2.40279996066
2.41198305674
2.44025768529
2.4600407982
2.50487668091
2.51521919447
2.54181461786
2.58690569328
2.62341915285
2.6669889582
2.7348105384
2.71690260121
2.69895639405
2.60331450822
2.55315737766
2.49835338172
2.22703718614
1.85710663965
1.43747723921
0.876748971423
0.621912524459