0.254887135176
0.279316721213
0.289151204223
0.296126527205
0.301450398581
0.306016696541
0.309955597537
0.313360806301
0.316395313509
0.319181839497
0.321712120273
0.323972177398
0.326215460577
0.328264963018
0.330164817755
0.331927426755
0.333628949702
0.335349194963
0.336895400528
0.338433451098
0.339898493581
0.341330447387
0.342723903879
0.344012318635
0.345344631564
0.346607942577
0.347875508046
0.34909526521
0.350272913498
0.351424762425
0.352447670631
0.353532366911
0.354554554078
0.355624434281
0.356532576874
0.357582484168
0.358603496568
0.359578336587
0.36054711068
0.361390807646
0.362209064607
0.363093126546
0.364008511854
0.364895838276
0.365750900011
0.366536828318
0.367342965054
0.36814488831
0.368922891126
0.369703331155
0.370566877152
0.371339270029
0.372142990087
0.372793120695
0.373562567699
0.37425909101
0.375014722751
0.375769239336
0.376479132102
0.377152082736
0.377814978155
0.378547305024
0.379273477862
0.379891673406
0.380614043532
0.381224290542
0.381907395411
0.382595940017
0.383229417022
0.383859341574
0.384505883912
0.385087086743
0.385711815042
0.386347318772
0.387011521929
0.387547386483
0.388215558198
0.388837813394
0.389509891953
0.390076178228
0.39072673996
0.391362991326
0.391935513027
0.392502402403
0.393128384502
0.393753021843
0.394296282331
0.394823764207
0.395292020266
0.395848493974
0.396410640578
0.396927939468
0.397479943229
0.398018005896
0.398600176084
0.3991568742
0.399833782894
0.400267355371
0.4006420463
0.401205192343
0.401778722596
0.402244824681
0.402690383577
0.403282509983
0.403872287868
0.404301462267
0.404739388749
0.405316443357
0.405859119772
0.406451386105
0.406978772317
0.407509613364
0.408055698956
0.408595495799
0.409148134853
0.40961887726
0.410115508638
0.410575395158
0.411077422844
0.411632805479
0.412078570259
0.412534862964
0.413041154341
0.413610195606
0.414155744496
0.414639174922
0.415179407689
0.415605044239
0.416123553692
0.416641119111
0.417142559828
0.417632367781
0.418157806474
0.418627234675
0.419161671027
0.419631492218
0.420034613057
0.420505041185
0.420976221834
0.421559087054
0.422080871497
0.422629922197
0.423184818964
0.423712691824
0.424200494293
0.424551609177
0.425109284315
0.425621897136
0.426138930214
0.42665555972
0.427156571456
0.427446661372
0.427846920751
0.428335910621
0.428755538946
0.42919359004
0.429538312309
0.430029804401
0.43055733885
0.431008773571
0.431595942329
0.431985201839
0.43248437854
0.43301688655
0.433496671454
0.434007792631
0.434538335478
0.435009868689
0.435488193824
0.435973505672
0.436370741981
0.436848451288
0.437319204965
0.437867479255
0.438422832364
0.438782581522
0.439311668873
0.439729750338
0.440288616714
0.440909493406
0.441384528242
0.441781380933
0.442085324044
0.442655541928
0.44302853918
0.44362934602
0.444190509663
0.444678659233
0.445109900743
0.445589629413
0.446051665749
0.446559989359
0.447073032151
0.447663754499
0.448187189475
0.448626269842
0.449061780185
0.449597101958
0.450105367036
0.45065686345
0.451218479727
0.451664850217
0.452066554447
0.45258774552
0.452966584551
0.4535199414
0.454148761478
0.454711632152
0.455258154601
0.455684363816
0.456183870236
0.456640666733
0.45704451879
0.45757858533
0.458028420964
0.458564096277
0.459012246575
0.459509182381
0.459988387697
0.460454315903
0.460984787544
0.461530209792
0.4620116752
0.462269043896
0.462731790819
0.463156235819
0.463671886169
0.464207808428
0.464578908426
0.465105447683
0.465588202996
0.466008254806
0.466568883576
0.46699612236
0.467477941138
0.46804750048
0.468624065734
0.468953058851
0.469423419343
0.469904900292
0.470443464309
0.470931995818
0.471389125041
0.471914463355
0.472397731716
0.472861994447
0.473419829887
0.473951317887
0.474473727526
0.475090711171
0.47547917602
0.475921530517
0.476431868593
0.476987205311
0.477367448775
0.477761402967
0.478501721831
0.479029462552
0.479510624234
0.480024482971
0.480370427862
0.480952692895
0.481285114547
0.48169220819
0.481765691842
0.48199277866
0.482485079373
0.48295569105
0.483483970003
0.483861145808
0.484354846134
0.484865818717
0.485469171927
0.485942023298
0.486500247356
0.487050273562
0.487552783394
0.488025520787
0.488484345174
0.488858304377
0.489510880661
0.48999269465
0.490502038302
0.491038789306
0.491512810117
0.491941644596
0.492328667104
0.492797037484
0.493163473836
0.493653626069
0.494250491972
0.494798898337
0.495298747185
0.495830102877
0.496431264771
0.496950580384
0.497340673608
0.497897876292
0.498394067341
0.498826635039
0.499301681904
0.499966032062
0.500542552237
0.501007133492
0.501553264111
0.502093195713
0.502383502973
0.502856208401
0.503358909145
0.503913861441
0.504292774708
0.50465338983
0.505307645526
0.50590575151
0.506170841799
0.506636361231
0.50690236125
0.507410698343
0.507881405556
0.508273777558
0.508739781105
0.509215929325
0.509721063658
0.510256587174
0.510761990091
0.511376139499
0.511787777475
0.512271575441
0.512849265849
0.513199762394
0.513840965341
0.514315596197
0.514998213469
0.515409271699
0.515975991953
0.51646700934
0.516918466958
0.517512508449
0.518109363202
0.518742179174
0.519357542307
0.519864295351
0.52031935818
0.52070283846
0.521238966097
0.521533091776
0.522071556521
0.522651887342
0.523007983226
0.523525168924
0.523959016464
0.524556899302
0.524937757775
0.525490470003
0.525931680467
0.526473204901
0.527113266452
0.52774598287
0.52818300626
0.528712366084
0.52921184321
0.529752506306
0.530341238589
0.530933684279
0.531411496567
0.531791924907
0.532254843829
0.532819520842
0.53317107113
0.533797939491
0.534315849448
0.534612823732
0.535123462414
0.535679900894
0.535993407785
0.536511712772
0.53708030651
0.537681431108
0.538323873072
0.538952417467
0.53948973822
0.540252675484
0.540721417098
0.541329776078
0.541944778584
0.542686116519
0.543254545975
0.543917040616
0.544240221171
0.544834831225
0.545349349127
0.545849500837
0.546382693061
0.546796572482
0.54763758985
0.548218906461
0.548821614864
0.549516643959
0.549962597391
0.550726992738
0.551365070855
0.552007343475
0.552501363834
0.553055832807
0.55380590814
0.55445165298
0.555068390628
0.555703541492
0.556319659864
0.556744373745
0.557260817131
0.557929017519
0.558206525341
0.558595376813
0.55899833564
0.559518302338
0.560031509522
0.560641456587
0.561194199177
0.561522811792
0.562185925757
0.562577125568
0.56304663979
0.563552398334
0.564236237491
0.564934105496
0.565528598219
0.566126556625
0.566661874648
0.567507826737
0.568197463057
0.568910368117
0.569480925339
0.570323783168
0.570916819043
0.571488848509
0.572020909184
0.572613850511
0.573294084714
0.574021551213
0.574777357779
0.575365174664
0.575655897253
0.576140696615
0.576847511159
0.577327001379
0.578018566822
0.578626233358
0.579000261652
0.579432501977
0.580119951748
0.580817480801
0.581307982483
0.581992268863
0.582494125165
0.583166038361
0.583751720055
0.584281601735
0.585043213268
0.58552841224
0.586185166939
0.586458062826
0.586988304197
0.587771903668
0.58844952576
0.589194324737
0.589657177923
0.590441804404
0.591344182194
0.591965182811
0.592720095867
0.593247803084
0.594084874851
0.594781282996
0.595115805188
0.595751172507
0.596396389964
0.597091923609
0.597735047808
0.598549580425
0.599079085646
0.599951364373
0.600614824814
0.601181601786
0.601794338607
0.602432684326
0.603236392063
0.603582663328
0.604296743512
0.604981471447
0.605332994819
0.605992858942
0.606735456261
0.607144059644
0.607767128676
0.608381158027
0.609044997965
0.609658286258
0.610578635544
0.611069364766
0.611940505879
0.612864183326
0.613459770909
0.61426244104
0.615219858605
0.615919906255
0.616667553264
0.617534154527
0.617967887678
0.618663789152
0.61964682013
0.620354390764
0.621048547727
0.62184585831
0.622795831401
0.623604259693
0.624194486609
0.625019867427
0.625905898842
0.626784726624
0.627737537715
0.628731880417
0.629692653355
0.630428409665
0.631414360282
0.632119032317
0.632476171851
0.633263821809
0.634077376035
0.634705887605
0.635703072768
0.636403599589
0.637300200009
0.637706080805
0.637880222614
0.638883922954
0.639550428329
0.640296080597
0.641058436856
0.641803304842
0.642765913276
0.643231944222
0.643797013636
0.644423326779
0.645443935381
0.646338227698
0.646907603847
0.647914146394
0.648457929963
0.649316604967
0.650394658574
0.65050257923
0.651387008019
0.652353387415
0.652919662906
0.654045758039
0.655146071375
0.656032743084
0.657071065864
0.657929271653
0.658954132701
0.659604527862
0.660249105995
0.661252518021
0.661892588527
0.662858718613
0.663578922088
0.664377103866
0.665452915991
0.666163646248
0.667139409234
0.66820550752
0.669544124432
0.670488332581
0.671568945839
0.672692278954
0.673568653852
0.674738031832
0.675904918516
0.677012758928
0.677973443776
0.679204405469
0.680404704911
0.681141106533
0.682196729967
0.68273816821
0.683931407757
0.685130885176
0.68497553724
0.686062522329
0.686349038683
0.687760530684
0.688866184181
0.689995286145
0.690573173293
0.691193928307
0.69204480446
0.692581096683
0.693813347244
0.694866835104
0.696036171811
0.697133933638
0.698565432057
0.699896136823
0.701145222599
0.702054266605
0.703246936651
0.70410838923
0.705498301883
0.706882841318
0.708064541486
0.708807875227
0.709714782084
0.711025763488
0.71224771776
0.713163718845
0.71424569549
0.715449848326
0.716749011156
0.717659817845
0.718536691009
0.720073861792
0.721290283312
0.72232144927
0.72378181687
0.724855490936
0.725539326595
0.726709345614
0.728106753753
0.729310655867
0.729771630407
0.731002721192
0.732137482815
0.732897610737
0.73375046982
0.735007769079
0.736365289856
0.737819260058
0.738892509673
0.739872518155
0.740991293489
0.742484981824
0.74355335313
0.745146298417
0.746061754084
0.747670524491
0.749102652073
0.750507591242
0.751356246465
0.752466394219
0.753528169059
0.754133348136
0.755688267452
0.757061596451
0.757857031311
0.759527232592
0.760872296552
0.762231415036
0.763623768159
0.764790830624
0.766234785954
0.766759680411
0.767547279189
0.769539734785
0.771346395653
0.772720057329
0.774423370089
0.7755648274
0.776791603031
0.778741105998
0.779947620727
0.780062387237
0.781232295853
0.782726029527
0.784562977394
0.785565472717
0.786299461285
0.787539189474
0.788669495794
0.789677825059
0.790944443598
0.792722549554
0.794374192476
0.795405906141
0.796473172258
0.797513892287
0.799515818954
0.800815452919
0.802198957603
0.803591668421
0.805018713935
0.806456249627
0.80777645556
0.809515663586
0.811023430164
0.811580530702
0.813199497258
0.814711515198
0.816179275409
0.817342634074
0.818859998729
0.820591059986
0.821291902728
0.823041837107
0.824397344624
0.825649296397
0.827821808907
0.829511129487
0.831442744598
0.832649702411
0.833987652692
0.835855989698
0.837860724468
0.839377065256
0.840238302077
0.841661813621
0.843393798948
0.845519215845
0.84746146601
0.849256191902
0.85091156033
0.853107322387
0.854812528319
0.856444906918
0.858352263198
0.860444282446
0.862502714738
0.863408428391
0.865564119661
0.867330047036
0.868533213515
0.870069862416
0.872359833133
0.874017280814
0.875528223523
0.877548705599
0.87990486518
0.880773523413
0.882235350709
0.884029443086
0.887088107137
0.889026177841
0.889926201966
0.89190260579
0.893105119953
0.895152891725
0.897107152524
0.899397938098
0.901412048639
0.903133809866
0.905325168251
0.906683664908
0.908884709255
0.909984083266
0.911505038078
0.913776036564
0.915541499473
0.916731091356
0.919169256395
0.920649691983
0.923336130837
0.925578557652
0.926204271747
0.929183512175
0.932572082929
0.934965791563
0.937303397435
0.93976665895
0.941137768497
0.94355273845
0.94566414455
0.947437361589
0.950022533809
0.952541963588
0.955019367358
0.95606758226
0.958563977632
0.96014501147
0.963220348513
0.965129974324
0.967996246673
0.970302513251
0.971214407162
0.97379982147
0.976577456464
0.978691905163
0.980702339926
0.983877406135
0.987174952199
0.989455568526
0.99090508992
0.992704457942
0.994874715705
0.996893654405
0.999633419909
1.00207699054
1.00553151019
1.00851901038
1.00719614595
1.0088196666
1.01103674566
1.01349920881
1.01603658804
1.01781907986
1.02002404218
1.02230158152
1.02418284648
1.02833490326
1.03301980838
1.03627947893
1.04051014814
1.04411499461
1.04681289273
1.04975899005
1.05175457875
1.05613612164
1.05897854082
1.06445160821
1.06764275221
1.07030958498
1.07152473179
1.07596622291
1.07337852541
1.07625462884
1.08068019379
1.08341989991
1.08751266736
1.09118818163
1.09389855437
1.09512529793
1.09795850311
1.10252185916
1.1041585417
1.10811736097
1.11218550492
1.11478160402
1.11651415259
1.12259958826
1.1262005827
1.1311425376
1.13226859021
1.13535361714
1.13952085377
1.14341675393
1.14656383069
1.15113269831
1.15614068754
1.15988198165
1.16421807755
1.16753223103
1.17146250945
1.17729322911
1.18249946106
1.18865218192
1.18950034572
1.19375743693
1.19727602508
1.20176163851
1.20734391198
1.21333540724
1.21697607237
1.22033613709
1.226250518
1.23082787054
1.23801160655
1.24284460669
1.24642362502
1.25092918302
1.25453155739
1.26039805752
1.26187321144
1.26652315501
1.2718033227
1.27756403384
1.2805128328
1.28593839395
1.29206408374
1.29707306934
1.3033019559
1.30932267814
1.31502621052
1.32067762605
1.32525066599
1.33060144437
1.33330175949
1.34258410129
1.3504568651
1.35462924454
1.36075140447
1.36446018928
1.37193448243
1.37879658258
1.38444871773
1.38936883634
1.39586658386
1.40309969623
1.40777119168
1.41230209238
1.41632370995
1.42166957038
1.42802087603
1.43428615167
1.43759399813
1.44722904549
1.45408907215
1.45942090975
1.46460522872
1.47481983949
1.48403586171
1.49395493822
1.50227906609
1.51267301941
1.51920175886
1.52598514925
1.53390811085
1.53978044867
1.55297845083
1.56087678556
1.5717020542
1.57449690943
1.58599686202
1.59785581007
1.60703250082
1.61419142268
1.62243154905
1.63390723245
1.64413202486
1.65342970496
1.66646800087
1.67579269372
1.6822409803
1.69166549137
1.6972293509
1.70581004686
1.71186962596
1.71909853021
1.7349966089
1.75541677304
1.77456770212
1.78889565639
1.80096823793
1.81264632334
1.82556498728
1.84322447513
1.85393392521
1.87389897188
1.88515800699
1.89966119055
1.91074770899
1.92462433204
1.92672250582
1.93830091844
1.94635071418
1.96149293105
1.97314123345
1.98125061852
1.9971111556
2.0163729198
2.04918337739
2.07705403346
2.08701202936
2.1120428244
2.15760373024
2.1619792116
2.18283030413
2.22352003043
2.24151341974
2.28246998575
2.28678146128
2.31263565448
2.30933453026
2.34251599949
2.36320862522
2.38281467642
2.40420402529
2.44133170396
2.47597170566
2.50651358618
2.5212401487
2.57211916727
2.59819533702
2.58640383642
2.63738243216
2.71121355219
2.79894944376
2.81871106124
2.83699384875
2.86932894753
2.85119882827
2.78133611786
2.82652000257
2.73046305776
2.64900200035
2.63842752788
2.46997828572
2.23924381108
2.06357882255
1.64889222682
1.56320119574
0.673236195506