0.254887135176
0.29857446784
0.310914859014
0.318780896332
0.32447138483
0.328952750536
0.332594603019
0.335857952515
0.338635664606
0.341208642888
0.343434154539
0.345450379798
0.347525444264
0.349325587216
0.350995079453
0.352584589398
0.354022903654
0.355323269688
0.356726776765
0.358053451883
0.35932319278
0.360320285357
0.361379010409
0.36262686421
0.363814624436
0.364855756511
0.365745591515
0.366790186864
0.367840129257
0.368829179113
0.369714812576
0.370641335665
0.371493856818
0.372316356577
0.373219660115
0.374079277843
0.374937293385
0.375758005443
0.376621004035
0.377467364052
0.378156979942
0.378865035352
0.379566583499
0.380268630605
0.380949951901
0.381627907377
0.382349031708
0.383110471855
0.383831954963
0.384511318135
0.385264825843
0.385739977163
0.386361741197
0.387020304174
0.387699642765
0.388254285903
0.388892139299
0.389600089924
0.39020258714
0.39078927924
0.391434445956
0.392063341724
0.392718375048
0.393333755768
0.393916706579
0.394472534238
0.395111790145
0.395753789328
0.396369097461
0.396936879352
0.397554106918
0.398155898213
0.398870987082
0.399447380921
0.399952925634
0.400496295824
0.401080773494
0.401621550276
0.40218772449
0.402739100648
0.403084436999
0.403555139619
0.404142285178
0.404747634837
0.405330681837
0.405794635589
0.40639145849
0.406916581255
0.407407720366
0.407937987084
0.408478910416
0.409067427382
0.409669288075
0.410160027746
0.410707392758
0.411242061887
0.411728207296
0.412227658271
0.412755021082
0.413247199644
0.413845755674
0.414441468597
0.414905059781
0.41540363612
0.415969070174
0.416450823434
0.416933974832
0.417393850603
0.417830834903
0.418336093013
0.418851548035
0.419384375071
0.419867556619
0.42032476703
0.420846729809
0.421267000528
0.421648246521
0.422200527348
0.422505931495
0.423024609897
0.423486780324
0.423943405572
0.424424047067
0.424748919386
0.425292306019
0.425586519827
0.426085154038
0.426586531405
0.426935377396
0.427384181383
0.427818465596
0.428180271347
0.428641436871
0.429104816792
0.429548064479
0.429983541068
0.430336005059
0.430769791663
0.431250442864
0.431785105889
0.432166651011
0.4326158323
0.433074039538
0.433512503265
0.434002917656
0.434475427259
0.434968915428
0.435472638884
0.435993831912
0.436477922361
0.436907883077
0.437329090352
0.437764585357
0.438220497112
0.438723139238
0.439227491404
0.439638650465
0.440061441808
0.440541238727
0.440917465656
0.441413764745
0.441832334113
0.442205456724
0.442654127252
0.443177630469
0.443617070665
0.443947832763
0.44437415778
0.444756655435
0.445218567176
0.445697215967
0.446007502505
0.446373529851
0.44678856258
0.447226336431
0.447639997913
0.448123544568
0.448531185501
0.449022027155
0.449385664133
0.44986199124
0.450322437884
0.450595865545
0.450981157307
0.451444776441
0.451838193277
0.45234209925
0.452783128743
0.4531680669
0.453710228604
0.454107506322
0.454585834041
0.454945530139
0.455309966532
0.455684844717
0.456070177497
0.456406606601
0.456858720697
0.457251590148
0.457723728151
0.45807781382
0.458288713373
0.458618562066
0.458993767937
0.459305006552
0.459743297199
0.460090851536
0.46043791543
0.460799685398
0.461279011875
0.461681361248
0.462107886634
0.462435619766
0.462896545284
0.46333642512
0.463787525844
0.464142088807
0.464298135876
0.464469143107
0.4647811078
0.465082703076
0.465532079192
0.465962812081
0.466455230518
0.46685410132
0.467256766398
0.467858652409
0.468224621774
0.468627528003
0.469025713717
0.469231960544
0.469521215117
0.469925902328
0.470240545552
0.470671383929
0.471049237069
0.471430525307
0.471887557649
0.47229140002
0.472781109824
0.473195497801
0.473580494316
0.473945127791
0.474364822019
0.474697249712
0.475031227527
0.475486761026
0.47595753434
0.476244803432
0.476609895953
0.476956159192
0.477408914474
0.477748873427
0.478147620111
0.478569276317
0.478994399933
0.47939232358
0.479795855372
0.480125341424
0.480351308742
0.480687688112
0.481053462303
0.481335829561
0.481675514033
0.482109134595
0.4825096151
0.48288100421
0.483247599854
0.483610192916
0.484002895899
0.484206117908
0.484597965649
0.484959866645
0.485204949411
0.485368330272
0.485802472135
0.486226197748
0.486532137176
0.486941676132
0.487326583331
0.487728803351
0.488144037711
0.488538286295
0.488842982292
0.489119913495
0.489537946568
0.489954272297
0.49034171406
0.490675055655
0.491003446984
0.491362755303
0.491772020642
0.492105494647
0.492570197931
0.492940119805
0.493227059338
0.493616321967
0.493878565267
0.494303133435
0.494628360376
0.49501902736
0.495419463927
0.495733308868
0.496023825185
0.496465044064
0.496771732908
0.497123517245
0.497622917684
0.498003266077
0.498383380639
0.498648556706
0.499091649381
0.499412537438
0.49972251614
0.500035343928
0.500299132695
0.50060036596
0.500943351285
0.501289572599
0.501716451965
0.502154553445
0.50239813034
0.502746627102
0.50313469663
0.503504988213
0.503986584972
0.50440748122
0.504783853794
0.505163880078
0.505638461489
0.506013459005
0.506478718383
0.506840906444
0.507250787201
0.50742578543
0.507969857271
0.50839053519
0.508767908887
0.509186244058
0.509724088091
0.50998804092
0.51014199679
0.510520814582
0.510797233132
0.511209088442
0.511690828492
0.512201465963
0.512716229282
0.513214068936
0.513529847292
0.513860800517
0.514169947772
0.514151814091
0.514520256353
0.515076064006
0.515632654141
0.515874935657
0.516334656485
0.516383258653
0.516863167637
0.517275682916
0.517674414773
0.518178269768
0.518666705202
0.519162379206
0.519468429769
0.519859230292
0.520271003551
0.520563149713
0.52105030308
0.52127381907
0.521685176602
0.521988747867
0.522358411743
0.522801979076
0.523183172777
0.523488040427
0.523844516008
0.524355576342
0.524656308105
0.525204800984
0.525659357212
0.526099807235
0.526348778345
0.526763974475
0.527170001457
0.527643584727
0.528177020525
0.52863787619
0.529241475656
0.529736576919
0.530159745295
0.530374825159
0.530839516235
0.531423635305
0.531779206166
0.532273294573
0.532742200666
0.533328517227
0.533823945631
0.534242047959
0.534680302756
0.535061440877
0.535503304028
0.535917493569
0.536226104207
0.536680579935
0.537121865443
0.537543216769
0.538112892351
0.538578899033
0.538975802364
0.539520929606
0.54008693698
0.540317598105
0.540589510333
0.541031436219
0.541437574208
0.542007024782
0.542285232021
0.542863692512
0.543168992488
0.543643552208
0.544058882298
0.54452183408
0.545157806223
0.545486961277
0.546038568315
0.546372614822
0.54681177295
0.547264685323
0.547687608584
0.548291597981
0.54876755146
0.549384994652
0.549890034134
0.550301806476
0.550833876138
0.551408694085
0.551899530072
0.552522384711
0.553038155372
0.553456380757
0.554121705226
0.554642701955
0.555172442396
0.555703374649
0.556276979369
0.556791929237
0.557090020628
0.557593944532
0.558211626789
0.558751467355
0.559336702014
0.559575524627
0.55983094294
0.560336077169
0.560908380661
0.561322112063
0.561844674771
0.562308200517
0.562894775357
0.563464819961
0.564025352457
0.564678480658
0.565131549267
0.565649882405
0.566182511154
0.566863784397
0.567429281577
0.56781743051
0.568385944469
0.568984691749
0.569588435592
0.57019498726
0.570503178266
0.57120336862
0.571880975938
0.572475447669
0.572971821623
0.573462502566
0.574000308711
0.574500368305
0.575178785292
0.575773314504
0.576051739099
0.576399422195
0.577112516202
0.577704114741
0.57822122881
0.57854496256
0.579159617315
0.579655870003
0.58034140333
0.580439394125
0.580943005835
0.581507365683
0.582176711376
0.583098188815
0.583938497509
0.584657938599
0.585372348922
0.586006921938
0.586710515169
0.587417758099
0.587968410475
0.58845254079
0.589059139833
0.589400670816
0.590095655931
0.590812977109
0.591601022502
0.5921729174
0.593005843443
0.593664205784
0.594398878667
0.595000348258
0.595259380226
0.595818077859
0.596464453045
0.597180868767
0.597737220546
0.598254426378
0.598919042334
0.599701243419
0.600599769487
0.601186171612
0.601876696798
0.60259957221
0.603450694729
0.604218962344
0.604835446223
0.605298648967
0.60592820416
0.606483652149
0.606784434598
0.607396998925
0.60825591818
0.608525961764
0.609393037949
0.609826127816
0.610563961693
0.611175648315
0.611801162488
0.611689872998
0.61219293493
0.613081207618
0.613785416955
0.614719625096
0.615284564513
0.616204435382
0.616452495654
0.617178320625
0.61809171428
0.618896972857
0.619435480404
0.62021951932
0.620938160506
0.62157904467
0.62182950442
0.622640180247
0.623492097563
0.624097528537
0.625146148249
0.625732567605
0.626436877215
0.626780593759
0.627806764119
0.628823773685
0.629657463105
0.630381225291
0.631036219801
0.631690021461
0.632243503214
0.632921587751
0.63355313026
0.634206082382
0.63482836673
0.635454778428
0.636146722419
0.637327610928
0.638192738584
0.637742259855
0.638495366661
0.639117545561
0.640055586006
0.64090794969
0.641643003214
0.642274163353
0.642975833111
0.644038820985
0.644984389722
0.645857659959
0.646844025918
0.647907832534
0.648929331172
0.649618597722
0.65030653551
0.650995381781
0.651330886784
0.652103757695
0.652884946815
0.653860490553
0.654718776913
0.655610505555
0.656439567475
0.657436253742
0.658014492002
0.658508267237
0.659441308236
0.660118399086
0.660823933419
0.66149812958
0.662506236535
0.663183504581
0.664318234189
0.665100523426
0.666224640465
0.667160167252
0.667898907097
0.668563088566
0.669896209284
0.670901406433
0.671824840058
0.672894006681
0.674013265867
0.675584718757
0.676706528723
0.67735610968
0.678339547674
0.679460820281
0.680343887127
0.68122818667
0.682109515778
0.682768973738
0.68327495021
0.684510816318
0.685367601162
0.686507466411
0.687609599517
0.68893635843
0.690282087827
0.690949600607
0.692317945007
0.693509514109
0.694168992099
0.694834896881
0.695941114806
0.696839680628
0.697939386266
0.698835726881
0.699824077758
0.701171883257
0.702021026287
0.70243952682
0.703451508307
0.7046238344
0.705805727197
0.706970428479
0.707514998101
0.708706443379
0.710035450868
0.711164930647
0.711963270364
0.713314394908
0.714302566637
0.714898561801
0.715931582329
0.716808629761
0.717722915888
0.71896108374
0.719710430036
0.720783914535
0.72205158288
0.722688116296
0.723756008635
0.725038088212
0.726031253176
0.727357157358
0.728741970321
0.730016174679
0.729616215578
0.730257340651
0.731602356168
0.732427667103
0.73303751049
0.734514158228
0.735759325442
0.737241678571
0.73833702235
0.7389945063
0.739820551131
0.740458630163
0.741716952024
0.742877878471
0.743454802689
0.744303792987
0.745732398707
0.746937561536
0.748395033577
0.749583967229
0.750919443731
0.751955993443
0.753268933353
0.754679697312
0.756290129553
0.757274821355
0.75898278636
0.759707456014
0.76101373063
0.762461044036
0.76365906183
0.764969291642
0.766468317747
0.767718537845
0.769113635402
0.770218497449
0.771592035488
0.772975946435
0.773908537253
0.774814952582
0.776207218868
0.777465800583
0.778802357824
0.780252252299
0.781796050941
0.783273830526
0.784370224076
0.785977619502
0.786778016508
0.788367913034
0.789390752168
0.791399763918
0.792633176715
0.794376635566
0.795910798577
0.797484376694
0.798915077787
0.800646205036
0.801661638835
0.802986815627
0.804899711479
0.80639017296
0.807424295851
0.808836976974
0.810355429599
0.812029456876
0.813386746946
0.814541070529
0.816339931982
0.817506644354
0.819007497961
0.82024605683
0.822225957011
0.823881337062
0.825321233368
0.827413630101
0.829448350441
0.831195084936
0.832942591914
0.834754231284
0.836270066202
0.837936506948
0.839637976866
0.841074656161
0.840028752235
0.841889656363
0.843202336076
0.844713651835
0.845449912083
0.847252520228
0.848579012405
0.850452563282
0.852265778571
0.854525687132
0.856602485327
0.858165632794
0.860523267889
0.862248185832
0.863679721187
0.865468703793
0.867505609743
0.868724180094
0.87098175113
0.873906435549
0.875828963963
0.877823016841
0.880156693226
0.881917149307
0.883258499578
0.884900192926
0.886963776528
0.888594872259
0.89083575828
0.893640980888
0.896246926057
0.898906003534
0.901426164537
0.902236491216
0.903779954177
0.906618705108
0.907405797071
0.910250973314
0.912789396316
0.914919766286
0.917099319196
0.91973687677
0.921070444662
0.924117628305
0.924577338279
0.926020386585
0.928333645086
0.930580473038
0.932827700786
0.935155807368
0.938281470941
0.941025068606
0.94271129158
0.945529679127
0.94819934185
0.951285443765
0.953570936223
0.955332915902
0.957695350869
0.959244048652
0.961421818699
0.964485580165
0.96829773131
0.96911122042
0.972638072276
0.974357660276
0.976420491913
0.979634946308
0.982348775774
0.984606964247
0.986750267729
0.989416985296
0.993060540193
0.996704228502
0.994903072819
0.997914322168
0.999712817584
1.0019890164
1.00384212198
1.00759693782
1.01086656768
1.01285672957
1.01645769009
1.02071274864
1.02336997229
1.02702688728
1.03101233379
1.03506094525
1.03729746908
1.03886592018
1.04343331548
1.04741358186
1.0508885328
1.05435841868
1.05788309741
1.06152454764
1.06475422659
1.06759729862
1.0687069283
1.07262207326
1.07726166841
1.0824317819
1.08693908
1.08904523715
1.09126317709
1.09465388153
1.0989774419
1.10250080355
1.10809743393
1.11233127229
1.11680220846
1.12123492071
1.1255371519
1.12998932812
1.13380482105
1.1375345613
1.14281329785
1.14679709054
1.15124250281
1.15553400146
1.15827465605
1.15989914472
1.1640743021
1.16649603369
1.17065329761
1.17932704186
1.187231678
1.19270848261
1.19837234397
1.20326654388
1.20783745209
1.21257074951
1.21789232742
1.22388336342
1.23212474862
1.23922129276
1.24426045911
1.24951366686
1.25897634897
1.2666409734
1.27591976672
1.28484160111
1.29035519043
1.29765197176
1.30643251396
1.31509145585
1.32023400775
1.3269558951
1.33343135122
1.34055674239
1.34852956927
1.35530585294
1.36543545573
1.37398129159
1.3815420897
1.38952592866
1.39999412085
1.40796987695
1.41968761778
1.4362192226
1.4451004053
1.45210636816
1.46314528788
1.47144274008
1.48176974437
1.49122149127
1.50465792502
1.51202008931
1.52347408695
1.53193173448
1.54141253432
1.5499817596
1.56144889969
1.56985219876
1.58600225331
1.59983071095
1.61259473473
1.62659345629
1.6316612797
1.64748813379
1.65569832085
1.67204357229
1.68153754477
1.69250633959
1.70851313784
1.71909684327
1.7333926112
1.74678880527
1.76285789628
1.78774812514
1.80635742569
1.82946520007
1.84786338324
1.86350714516
1.86277468138
1.88452838039
1.90155212969
1.9186756253
1.94678788257
1.96901344892
2.00446850012
2.02706239018
2.04405419829
2.08400109781
2.09911677229
2.13658008911
2.1548495839
2.17658902635
2.21139091308
2.23940403112
2.2753218213
2.28567824698
2.32658648738
2.37023975866
2.41126527474
2.44085058935
2.4584838407
2.49363067132
2.50998724675
2.5202284399
2.60207910516
2.71172617784
2.66531220066
2.67305915629
2.77354787069
2.79058985425
2.85129270143
2.89604675021
2.84770249628
2.82070471444
2.66994004106
2.58603189697
2.27255018942
1.72347060325
1.32464312937