0.254887135176
0.281858623088
0.295514861231
0.304843471149
0.311711732226
0.316931048024
0.321116230619
0.324566710779
0.327580665074
0.330334976037
0.332700909393
0.33495193065
0.336982822661
0.338973709185
0.340860567259
0.342608042791
0.344288720457
0.345899235618
0.347401536015
0.348839117506
0.350306353274
0.351680173305
0.352981379831
0.354344753397
0.355739749393
0.356951498571
0.358194883243
0.359429329066
0.360579226749
0.361658133363
0.362630819227
0.363735780589
0.36469062639
0.365638322963
0.366676228186
0.367716647216
0.368662715328
0.369516748195
0.370514221373
0.371442249358
0.372294187767
0.373144715169
0.374084937956
0.375067886263
0.375949103474
0.376855191556
0.37774584605
0.378600263554
0.379444859851
0.380278202433
0.38105235727
0.381886593046
0.382760205861
0.383557549466
0.384309002887
0.385107883681
0.385845566138
0.386563722563
0.387312346115
0.388022527276
0.388650538797
0.389211817383
0.389882176643
0.390556959101
0.391196142324
0.391866363407
0.392574023864
0.393332071978
0.393965621407
0.394633854275
0.395259080159
0.395958942228
0.396566082271
0.397261675796
0.397888212457
0.398538291895
0.39923323328
0.399805740019
0.400415008021
0.401047752423
0.401606767142
0.402195446173
0.402781851763
0.403331202653
0.403910415153
0.404490277463
0.405094603773
0.405712466056
0.406269383418
0.406852643686
0.407378880947
0.407969468248
0.408515034451
0.409113805649
0.409644952152
0.410280031298
0.410826785827
0.411410780242
0.411980951631
0.412491874437
0.412998940987
0.413534170676
0.414111599426
0.414662597462
0.415206341764
0.415681204911
0.416320203503
0.416864433369
0.41732383293
0.417890946978
0.41841162541
0.418977114189
0.419534182896
0.420083678055
0.420542383326
0.421077284017
0.42157922497
0.421991148124
0.422597131893
0.423152717391
0.423628778505
0.424133814184
0.424678063913
0.425136599362
0.42568521008
0.426099395532
0.426533464813
0.42708771719
0.427545110375
0.428106704772
0.428632635172
0.42915409978
0.429631885493
0.430070920387
0.4305264887
0.430970769201
0.431369101387
0.431876892629
0.432390199154
0.432829453289
0.43334554777
0.433883489823
0.434246962274
0.43473140136
0.435032766228
0.435547410536
0.436052313514
0.436536605029
0.437036446973
0.437553659368
0.4379351639
0.438374761686
0.438780315164
0.439226770909
0.439641226844
0.440040224849
0.44041001028
0.440983079311
0.441384684906
0.441901751226
0.442370411398
0.442916563265
0.443380735753
0.443904759912
0.444403411692
0.444750008395
0.445061378632
0.44554208796
0.446091053879
0.446515307559
0.446822852775
0.447217683011
0.447558714437
0.448031753012
0.448447168101
0.448916695315
0.449306500678
0.449779746241
0.450204362539
0.450543178658
0.450885619315
0.451280471163
0.451699836786
0.451946281049
0.452428486932
0.45276551024
0.453205635594
0.453640726024
0.454074776315
0.454546024638
0.454914958325
0.455303824993
0.45577559993
0.456317127458
0.456734831052
0.457100259925
0.457550468949
0.458051638942
0.45848804834
0.458959846895
0.459156624669
0.459616765862
0.460061163075
0.460554135014
0.461031847947
0.461494290083
0.461952752898
0.46242905838
0.462809678419
0.463172611417
0.463509947899
0.464003925345
0.464514431139
0.464900289071
0.465311371966
0.465547219616
0.465999657378
0.466298975346
0.466741690797
0.467115058953
0.467560999723
0.468078488613
0.468500492604
0.46896606703
0.4694183916
0.469881835406
0.470218878417
0.470735118402
0.47121264614
0.471591005093
0.471963765589
0.472329474008
0.472735438112
0.473182625553
0.473560401853
0.474006407744
0.47443850444
0.474683571834
0.475137601617
0.47543006706
0.475907307974
0.476274035169
0.476810128443
0.47727124943
0.477603232029
0.477917758658
0.478407734597
0.478844367639
0.479300351442
0.479666208158
0.480259634614
0.480757810879
0.481183300829
0.48169605108
0.482098886056
0.482571583383
0.483131963972
0.483650897213
0.484232924337
0.484711066317
0.485184795346
0.48566863315
0.486070082719
0.486616282721
0.486969136623
0.487462973812
0.487936765015
0.488462696257
0.488853795938
0.489306391151
0.48963881421
0.490164457013
0.490463921062
0.490986041547
0.491466400711
0.491793195575
0.492179805308
0.492391100901
0.492895278248
0.493490079745
0.493939643809
0.494406174783
0.494910852138
0.495330119989
0.495691988224
0.496184321211
0.496652385601
0.49721161897
0.49765958387
0.498154566818
0.498517630301
0.498759856829
0.499062646003
0.499313310195
0.499726111136
0.500159246595
0.500717923091
0.501264607627
0.50164996635
0.502238382
0.50267286332
0.503223929186
0.50373831821
0.504215117576
0.504683652068
0.505201164079
0.505734113623
0.506266932754
0.506767455706
0.507144866681
0.507655892487
0.508100940334
0.508590648332
0.50898060358
0.509580525673
0.509979198146
0.510402946303
0.510730831562
0.51126657956
0.511773992123
0.512401171825
0.512841043815
0.51335723866
0.513830453547
0.514134735095
0.514632744606
0.515135251985
0.515716721633
0.516079930317
0.516565858545
0.517038409
0.517571960667
0.518202559158
0.518652980786
0.519012252878
0.51939318395
0.519783592745
0.520317665331
0.520769503007
0.521334218059
0.521991150154
0.522514469937
0.523104814161
0.5236778513
0.524178551737
0.524585725394
0.525034503581
0.525421479259
0.526099818054
0.526515078686
0.527045838924
0.527401456258
0.527870705568
0.528192495176
0.528750707574
0.529373654333
0.529619034569
0.530040938651
0.530449861689
0.530999889093
0.53150453073
0.532016634266
0.532352393275
0.532553042308
0.533173411912
0.533433981115
0.533841301352
0.534226296327
0.534827434681
0.535447410525
0.535884727204
0.536428531318
0.536925776358
0.537404602066
0.537826193949
0.538265476118
0.538618314875
0.539261288359
0.539787152817
0.540516536458
0.541209181388
0.54182818495
0.542305707469
0.542883309681
0.543496878213
0.544043807924
0.544801182397
0.545245802812
0.545730289399
0.546045960721
0.546618489765
0.54711321107
0.5476857917
0.548060199443
0.54863018124
0.549184382765
0.549568427216
0.55007995198
0.550577680036
0.551154723928
0.551691067708
0.552233607762
0.552820541222
0.55347982322
0.554089690866
0.55478965183
0.555407214053
0.555987496375
0.556571030453
0.557255613407
0.557466938863
0.557994685536
0.55859477108
0.559234128262
0.559857660969
0.560517392067
0.560856093185
0.561414903012
0.561847131571
0.562495425631
0.563039878534
0.563655501742
0.56381493086
0.564462953346
0.56510828149
0.565649662462
0.566181111186
0.566780419315
0.567396121282
0.568084521671
0.568751725739
0.56931450463
0.569843859694
0.57038788006
0.570998345638
0.571601186047
0.5722419
0.572848357476
0.573447447941
0.573975836273
0.574554223158
0.575271262922
0.575910061184
0.576361919872
0.576973922618
0.577723422132
0.578076830251
0.578661536681
0.579176308664
0.579870407526
0.58052938317
0.580914195182
0.581736644535
0.582290415422
0.582774851799
0.583493370854
0.584127996036
0.584564609658
0.585308991729
0.586075194571
0.586714786314
0.587357170776
0.588123385565
0.588738199832
0.589362840652
0.590194677404
0.590814415088
0.591411964409
0.59199256171
0.592449990188
0.593095546138
0.593862678419
0.594558725808
0.595455047062
0.596230816476
0.59685667558
0.597691391946
0.598240417817
0.59894138818
0.59955440905
0.600333202872
0.600950161474
0.60174668759
0.602396732353
0.603053965768
0.60371647715
0.604006912205
0.604280113656
0.604741379479
0.605466970107
0.60612667739
0.606963579549
0.60760701826
0.608192077008
0.609021992111
0.609646642029
0.609921255427
0.610363733822
0.611020476535
0.611770058732
0.612409936471
0.612970366583
0.613425046367
0.614165562875
0.614959240527
0.615680044172
0.616345971728
0.617075526937
0.617919298548
0.618645316108
0.619317289529
0.619740177706
0.619916762766
0.620604821757
0.621424176775
0.622141466604
0.622759194702
0.623643774544
0.6242005388
0.62488748447
0.625070469391
0.625756956766
0.626346254049
0.626981153792
0.627600126655
0.628202566495
0.628951509485
0.629527321619
0.630233142965
0.631175327449
0.631695523296
0.632580094391
0.633364046355
0.633636231228
0.634716812431
0.635392828845
0.63634291537
0.636995468867
0.63772267753
0.638599534463
0.639187330793
0.639778337234
0.640305680735
0.641338592536
0.641756784805
0.642799945306
0.643857736344
0.644674876812
0.645631144548
0.64661157227
0.647482774127
0.64829649281
0.648884105037
0.64991622675
0.650511975664
0.651070278385
0.651713808327
0.652649485696
0.653467455982
0.654316031456
0.654617132869
0.655477690375
0.656632853413
0.657336000933
0.657343937077
0.657999054677
0.65855838201
0.659578696608
0.660363080587
0.661340880432
0.661813045617
0.66268528139
0.66315225196
0.663939179513
0.664741381773
0.665592586906
0.666310500864
0.6674109343
0.66844097788
0.669112279789
0.669817321074
0.67087200105
0.671502141425
0.672045686037
0.673127554637
0.673794235079
0.674598943768
0.675332314692
0.676087497138
0.677054451748
0.678107469644
0.678725718592
0.679528075058
0.680205999735
0.680963119099
0.681458350909
0.68243066115
0.683528646005
0.684247757403
0.685342142876
0.686139210823
0.687257027303
0.687874230778
0.688857623638
0.689596699572
0.690074791387
0.691435086464
0.691983141032
0.692462340711
0.692987916988
0.694306078
0.69485790452
0.696093913129
0.697021841719
0.697676816086
0.698371749657
0.699411358774
0.700378962
0.701348128292
0.702806276947
0.703938651858
0.705059011382
0.705795225284
0.706777932485
0.708021032577
0.709095292537
0.710026039106
0.710379061122
0.711460258922
0.712283242648
0.713504202723
0.714648940554
0.715507245238
0.716350321668
0.717373995007
0.717866861376
0.719260398678
0.720326975823
0.721331379854
0.722416410971
0.723430503294
0.724355587479
0.725474476032
0.726710856986
0.727803411272
0.729282628014
0.730384425995
0.731433717748
0.732834086973
0.733799702799
0.735005492896
0.735625240731
0.73656527359
0.737695326023
0.7388591693
0.740256175497
0.741115822985
0.741822679168
0.743411722601
0.74488862482
0.746341462964
0.747267741316
0.748400432565
0.749371247007
0.750582296357
0.752460940601
0.753507621124
0.754119395852
0.755465077839
0.756619272993
0.758056689253
0.759490886454
0.760672072955
0.762104211706
0.763000863216
0.764513644791
0.765747165175
0.767199074729
0.768232410107
0.769935664729
0.771344155058
0.77096998466
0.771960755071
0.772793917018
0.774037145291
0.775943749254
0.777064382633
0.779202922173
0.781101305666
0.78281134333
0.784227712584
0.785773236415
0.786771416879
0.787316681137
0.789117581069
0.790158364744
0.791349636886
0.793112616099
0.794579479617
0.795594702627
0.79715966323
0.798065216239
0.799606638299
0.801104664555
0.802028181428
0.803744602731
0.805603712647
0.806603341379
0.80844172373
0.810293846242
0.811872362953
0.814001600375
0.81573011124
0.817095062384
0.818357988599
0.819730857878
0.822147466816
0.823780983724
0.825858984567
0.827201231992
0.828811681018
0.830267405353
0.831735164546
0.833236672326
0.834595059295
0.836139797251
0.837550163242
0.839654028112
0.840978414071
0.842561585948
0.843949802466
0.84562590156
0.846666619538
0.848359566563
0.849646619853
0.850616000262
0.852455867321
0.854533490549
0.85480581166
0.856124354787
0.857996167118
0.85920769642
0.861295045844
0.861319153651
0.862979367777
0.864145286713
0.866079566087
0.867480819045
0.868550255018
0.870706408084
0.873002426307
0.874711605964
0.87700004422
0.878854281934
0.880916532467
0.883473595051
0.885927354986
0.886718627713
0.888842026416
0.890525844229
0.892502335255
0.893870492725
0.895666136265
0.898271694437
0.899977836835
0.902039025361
0.903855153847
0.905898536822
0.908267000266
0.911736932868
0.912769402424
0.914257033591
0.916118846929
0.918940958687
0.920500277352
0.922326058485
0.924413877783
0.9270146257
0.927697750595
0.92867316216
0.931329750272
0.933288154614
0.936031972947
0.937854784477
0.939920506578
0.942404463805
0.945474506653
0.948479347697
0.949045140833
0.951079707626
0.955157196214
0.956013721985
0.958930739347
0.961074264587
0.962964201074
0.965154026316
0.968171107742
0.970528826059
0.972362110566
0.974773715361
0.977363977107
0.980024217358
0.977496526809
0.980479012103
0.983054645825
0.983836814651
0.986169720256
0.988672730403
0.991745319168
0.993342266735
0.995839626791
0.999912100855
1.00205628751
1.00464550909
1.00739982377
1.01036234179
1.01357612092
1.01643147314
1.0208020707
1.02311458416
1.02554304321
1.02924673043
1.03094597145
1.03334981583
1.03637387106
1.03870532043
1.0417304996
1.04590727468
1.04920409487
1.05187188313
1.05473015299
1.05766489956
1.06126651475
1.0642237277
1.06849338299
1.07342643654
1.07676478614
1.07796161004
1.08131261146
1.08606612371
1.08839954976
1.09173672816
1.09389465682
1.098185775
1.10294635509
1.10668067478
1.11066026367
1.11544373608
1.11602621353
1.12014493103
1.12522131499
1.12822606207
1.13244233024
1.1355057044
1.13807133816
1.14450959211
1.14811278035
1.152454762
1.15520193512
1.15899492077
1.16209038649
1.16558782641
1.17125590232
1.17470284605
1.17939688022
1.18462835471
1.19117883779
1.19448612535
1.20179149041
1.20648970018
1.21455716781
1.21100923935
1.2138010311
1.21897399496
1.22206529195
1.22603689362
1.23022926377
1.2334426177
1.23934989088
1.24639092374
1.25305968487
1.25608564888
1.263956128
1.27149518875
1.27711362545
1.28020533483
1.28717920683
1.29379264405
1.29954558574
1.30493055378
1.31251600556
1.32050098039
1.32894713735
1.33453822524
1.34243765628
1.34857855856
1.35563557071
1.36122824025
1.36958956685
1.37699698533
1.38259688609
1.39056139065
1.39706360293
1.40234248418
1.40962307314
1.41605030197
1.42373238775
1.42954365827
1.43599538273
1.44140249878
1.45275481505
1.4603344419
1.46822126668
1.47484968864
1.48638354072
1.49619813084
1.50421996679
1.5150149164
1.52890042738
1.53673277874
1.5435220867
1.55359991413
1.56200804729
1.57626729016
1.58830201743
1.59719482535
1.6067430765
1.62114859168
1.63065304542
1.64502528293
1.65076886342
1.66065972009
1.67415261869
1.68205446821
1.70019779424
1.70938806117
1.71819779191
1.73257891527
1.74577013462
1.75755746927
1.76898034952
1.77679209488
1.78292117567
1.79507614594
1.80621849376
1.82595701525
1.84240054258
1.84317772483
1.87144208178
1.89075529029
1.90144895634
1.91070993182
1.92965257262
1.9341344683
1.95119054489
1.96559671501
1.97672262111
1.99840000015
2.01534985808
2.02035586133
2.04689299195
2.05793915429
2.07536749192
2.09943996787
2.11871878297
2.13725785676
2.15367462681
2.18197579944
2.22575156492
2.24831113152
2.26068663544
2.28198616869
2.31560991561
2.35072201772
2.37493749938
2.38240163649
2.37925890765
2.40351814003
2.42181834835
2.44601650138
2.47150040503
2.51415970157
2.50431946282
2.51367715898
2.54152787845
2.57350962975
2.60328405539
2.5876013519
2.60068146059
2.68225868897
2.60017629863
2.63948925501
2.60595308319
2.52081834279
2.40211706927
2.27514593129
2.08519885234
1.95472692716
1.53502840525
0.953946287283