0.254887117051
0.291462413952
0.302009733019
0.309160799059
0.314523185989
0.319035960582
0.322741873573
0.325861794598
0.328699285379
0.331318527517
0.333641882907
0.335779068863
0.33771246138
0.339601846928
0.341296747193
0.342896509984
0.34437161733
0.345853451459
0.347263059855
0.348556882027
0.349828209855
0.351062345991
0.35232525415
0.353507192773
0.354625280111
0.355760321857
0.356793748074
0.357863270001
0.358931250139
0.359914829778
0.360922996554
0.36189827438
0.362859297467
0.363699515809
0.364567847352
0.365424011193
0.366298151667
0.367102179056
0.367915857417
0.368763026815
0.36954627338
0.370376932848
0.371089239715
0.371890996584
0.372420687533
0.373213957774
0.373955064479
0.374615978903
0.375396500199
0.375994919472
0.376666958618
0.377345074584
0.378071699679
0.378755746043
0.379395260438
0.380145942553
0.380784860391
0.381403107266
0.382076825143
0.382778068695
0.383461554931
0.384139886337
0.38477077246
0.385450984073
0.386075564493
0.386738001713
0.387328741382
0.387941625675
0.388530412054
0.389211489605
0.389835493088
0.390467483865
0.391047956848
0.391657745856
0.392285458602
0.392870795692
0.393358507101
0.393997936743
0.39456820601
0.395196099432
0.39586197156
0.396455832776
0.396990671849
0.397385685301
0.398047451046
0.398631502811
0.399113018373
0.399688414447
0.400256169701
0.400773310917
0.401348000443
0.401954683189
0.402479322868
0.402995872095
0.403521200517
0.404032993824
0.40458488341
0.405067239404
0.405597996586
0.406132658321
0.406683401299
0.407269730535
0.407781748508
0.40828993139
0.408849584417
0.409401532942
0.409948420772
0.410409140256
0.410900882318
0.411467078924
0.411924003835
0.41237730899
0.412837788824
0.413354049587
0.413854330885
0.41427844553
0.414779890104
0.415234609146
0.415773438618
0.416216476757
0.416812961278
0.41734594907
0.417770551964
0.418222672146
0.418667771023
0.418954803376
0.419387275524
0.419722696642
0.420215551838
0.420678552255
0.421159718648
0.4216595002
0.422117709234
0.42264113656
0.423114146915
0.42357234834
0.423911216286
0.424337683382
0.424744831853
0.425167529431
0.425582047287
0.426067043222
0.426545112767
0.426966247497
0.427382030048
0.427678927768
0.428053892492
0.428482598084
0.428913457801
0.429324089033
0.429743891678
0.430129400156
0.430548326916
0.430733716015
0.431158467772
0.431564356541
0.431943230501
0.432341990897
0.432739949943
0.433269467167
0.433447682984
0.433959204889
0.434448443605
0.434892520087
0.435324123994
0.43573625755
0.436145015218
0.436388381858
0.436868763367
0.437262812055
0.437679371148
0.438046055202
0.438501712088
0.438951049524
0.4393944269
0.439796706235
0.440159625771
0.440571344017
0.440979127784
0.441311491967
0.441634547175
0.441966193481
0.442367811643
0.44274560485
0.443185848898
0.443644841635
0.444094537285
0.444432499462
0.444868193063
0.445293200841
0.445648359283
0.446087641936
0.446411884534
0.446846218586
0.447247101551
0.447694024782
0.448090347842
0.448533313897
0.44899207803
0.449375711453
0.449765370228
0.450135922657
0.450594347652
0.451011119666
0.451457321703
0.451699389555
0.452066063379
0.452414374634
0.45271968496
0.453136631837
0.453556237662
0.45397448753
0.454425468289
0.454729829504
0.455184711964
0.455563729429
0.455954056861
0.456347794797
0.456768211991
0.45716239032
0.457345073375
0.457699328155
0.458010749104
0.458413067537
0.458902293165
0.45932255853
0.459804638003
0.460118924951
0.460505087719
0.460940974871
0.461351497234
0.461811311058
0.462290579242
0.462644895388
0.463111827554
0.463481443133
0.463794377182
0.464090029586
0.464434768049
0.464839831931
0.465255568466
0.465361709912
0.465780616997
0.466075952564
0.466452663416
0.46690449279
0.467302965608
0.467643383441
0.468022310099
0.468345384867
0.468637716202
0.468998899143
0.469263778562
0.469677732411
0.470051857598
0.470470020265
0.470858040293
0.471283598281
0.471735960939
0.472158520434
0.47254082441
0.473007915012
0.473573890619
0.474044203187
0.474416146501
0.474843395935
0.475260302456
0.475618867974
0.475967513865
0.47621053052
0.47641614758
0.476840302637
0.477312018733
0.477707166262
0.478098001374
0.478606223595
0.479089087495
0.479521616927
0.479805646976
0.4801933363
0.480447322919
0.480858314045
0.481285893664
0.481679381735
0.482111701741
0.482468962723
0.482963390729
0.483287131691
0.483683187736
0.484162563905
0.484538053828
0.484957377074
0.485393251428
0.485606776093
0.486023321429
0.486382400618
0.486785338206
0.487168775016
0.487616626594
0.488020098008
0.48847095812
0.488795000085
0.489301318
0.489728760709
0.490146355073
0.490500625624
0.490858708872
0.491252371051
0.491609142619
0.492055133351
0.492468473555
0.49296605755
0.493342722919
0.493531777072
0.493862382408
0.494182694087
0.494556659548
0.494837669292
0.494918343239
0.495240914164
0.495381920243
0.495712641372
0.495818266441
0.496245826238
0.49669500963
0.497124564929
0.497585145421
0.498176435945
0.498582581953
0.49905483616
0.499455809574
0.499853417002
0.500347768065
0.500842947619
0.501158199219
0.501443224961
0.501905992006
0.502399778862
0.50283732089
0.503120171342
0.503520245652
0.503949735534
0.504445719046
0.504771077483
0.505227285261
0.505364536782
0.505830123383
0.50625331368
0.506626321419
0.507029336894
0.50738725583
0.507723419212
0.508070428737
0.50849764272
0.508941245612
0.509289493278
0.509718805635
0.510303144386
0.510532693361
0.511037908586
0.511524206442
0.512045043089
0.512433027961
0.512844436068
0.513226398374
0.513641895104
0.514086946682
0.514578769971
0.514923993967
0.514943876687
0.515483701655
0.515805826762
0.516207933725
0.516663604966
0.517071551772
0.517570503084
0.51797704516
0.518484343943
0.518792880063
0.518921584277
0.519402198457
0.51977146595
0.520287957896
0.52055253891
0.52092761306
0.521307731187
0.521857665773
0.522454437663
0.522693369018
0.52305192523
0.523659286964
0.524130176323
0.524652435797
0.525052397736
0.525499501163
0.52595293067
0.52641844187
0.526944151819
0.527506829453
0.528029108969
0.528497503193
0.529135213668
0.529605142923
0.529826102955
0.530144795434
0.530702394085
0.531246036411
0.531913683418
0.532429068753
0.532860283503
0.533409831609
0.533877257481
0.534304092836
0.534980478662
0.535438853071
0.536076068672
0.53643502441
0.537081882941
0.537447250412
0.537792978864
0.538335498043
0.538841821179
0.539487755727
0.540078088651
0.540545237473
0.541063535553
0.541412966282
0.541985488927
0.542429429436
0.543023806976
0.543522591972
0.544003239808
0.544570279562
0.545142940147
0.545773690818
0.546232361153
0.546827998064
0.547266198385
0.547572030982
0.548137563612
0.548821126268
0.54945062804
0.54998005083
0.550588664125
0.551201499231
0.551797943943
0.552362761212
0.55292898068
0.553506926959
0.554138597528
0.554751905956
0.555170892587
0.555809826535
0.556220877879
0.556752539469
0.557443237193
0.558014261209
0.558559775281
0.559199077277
0.559584692978
0.560037964278
0.560661722296
0.561394737261
0.562085957021
0.562688275999
0.563494652089
0.563959920029
0.56451346191
0.56495349885
0.565695032461
0.566032529235
0.566797449622
0.567344563955
0.567904448678
0.568362700579
0.568936892124
0.5694798724
0.570186291394
0.570866227187
0.571131158544
0.571736479718
0.572209783875
0.572838143181
0.573581019428
0.57414639992
0.574684371861
0.57506949061
0.575370508985
0.575854203988
0.576418212444
0.576994416235
0.577748189283
0.578367669963
0.578950489599
0.57966643728
0.58017152239
0.580972885362
0.581664789096
0.582346384243
0.582946432128
0.583401717572
0.584021155814
0.584797041864
0.58550632961
0.586195856842
0.586780500003
0.587397045551
0.587936282637
0.58865179164
0.589113051218
0.58958176595
0.590139420116
0.590888264298
0.591514958126
0.592128340787
0.592633543649
0.593229183081
0.593793730784
0.594597417915
0.595651436654
0.596383482162
0.596974561893
0.597648823883
0.598406448791
0.599142444788
0.59977633569
0.600561172416
0.601195578787
0.601746033375
0.602499298457
0.602841609389
0.603337165838
0.604076452696
0.605005903458
0.605773658481
0.606188798267
0.606453549124
0.606824951187
0.607347344646
0.60816810216
0.609159749247
0.610023578627
0.610635917335
0.611567251461
0.612559733132
0.613187401169
0.613999958243
0.614445695545
0.615273186615
0.616289875653
0.617199983918
0.617878465477
0.618597405482
0.619530806533
0.620275242236
0.620944661705
0.621739035514
0.62245195328
0.623431082099
0.624348010448
0.625027773027
0.62559903067
0.626181217202
0.626784034411
0.627732031695
0.628206322564
0.628655916664
0.629229692771
0.630152366648
0.631108627604
0.632048698828
0.63285522313
0.63344104842
0.633829560979
0.634655459563
0.63568683837
0.636757824073
0.637414330659
0.638145955298
0.638710864909
0.638665990057
0.639501877879
0.639889247182
0.640659290573
0.641436912226
0.642423149638
0.643275417634
0.644104181442
0.644820151361
0.645669277509
0.646296476357
0.646970637281
0.647439651856
0.648021943132
0.64922803816
0.649989789419
0.650545826288
0.6513449819
0.651979699598
0.653062018547
0.654032456925
0.654765156589
0.655502966193
0.656767390623
0.657649885586
0.658390533916
0.659128046151
0.659907619892
0.660595456271
0.66155641602
0.662410525882
0.663401343199
0.664172065313
0.664702847857
0.665359334455
0.666390875362
0.667360179972
0.668240033548
0.669731527736
0.670103048856
0.670828646918
0.671724972837
0.673046951076
0.674354218263
0.675561796861
0.676886781753
0.67779138281
0.678787972972
0.680187298788
0.681332895783
0.682406539969
0.68369551352
0.684838239114
0.685970970601
0.686996620232
0.688509243782
0.689773715994
0.690438134811
0.691234573738
0.691749753251
0.692764812891
0.694385384392
0.695419874865
0.696408796014
0.697922248416
0.698308565975
0.699929803418
0.700953575888
0.702034285693
0.703789005669
0.70494096099
0.706278092065
0.707661702996
0.708720690294
0.710331916785
0.710993038807
0.711851103413
0.71295730297
0.71394427716
0.714920544349
0.715847564461
0.716805263632
0.717431016756
0.718445243441
0.718275335399
0.719577305785
0.720801803851
0.721918454976
0.722690197181
0.723673303219
0.724625471133
0.725662631481
0.727192968892
0.728322452166
0.729955515674
0.73145680825
0.733499014474
0.734875219437
0.735954697398
0.736833365356
0.738386110455
0.74040010543
0.741818660147
0.743736982228
0.745150800481
0.747182532162
0.74897384778
0.750605801987
0.752501087327
0.754245359632
0.755290154651
0.756523836065
0.758342843889
0.760092077321
0.761713897694
0.763232567201
0.7644270006
0.766159915534
0.767797592439
0.768886937815
0.770964189711
0.77239422426
0.774245954621
0.775453105774
0.777201421906
0.778103009489
0.779904783955
0.781486701193
0.783389516509
0.784983016632
0.786708828859
0.787969885914
0.788912866992
0.790593323142
0.790547153035
0.793161278947
0.794805537873
0.796288578605
0.798220218551
0.799871725335
0.801195739385
0.802617542411
0.803363422774
0.804698081789
0.806169138124
0.808073641651
0.809800976801
0.811216879844
0.813360007374
0.814613373786
0.815516946084
0.816832371248
0.818046456089
0.819903183929
0.821343285238
0.822773793754
0.823905065854
0.825460576893
0.82747548592
0.829226031241
0.830873815436
0.832389007746
0.834593152158
0.836372404634
0.836646420777
0.838853747895
0.84019871993
0.842612318254
0.844728730369
0.846689718875
0.84876256246
0.851285276302
0.85355616059
0.85543262969
0.857446332692
0.859048873206
0.861684623319
0.863636639814
0.866253856797
0.866494586791
0.868734921981
0.870895948862
0.87145569029
0.873629391919
0.875682469227
0.878251131698
0.879675342964
0.882184589841
0.883749664649
0.886235935609
0.88786155082
0.889882270037
0.892329092328
0.89371531639
0.896353846098
0.898299864779
0.901007869563
0.903214313755
0.905720655686
0.908474230882
0.910845282396
0.913648919824
0.915680159415
0.917626585673
0.921252744543
0.923298613712
0.926355087019
0.928649366296
0.929619969207
0.931103456536
0.933956043454
0.936707428189
0.938655208615
0.942003849126
0.944912170265
0.947910180258
0.949481810589
0.952604151727
0.955378006508
0.957148256008
0.958705594753
0.961091139227
0.965137452085
0.968678345704
0.970283288623
0.972501387082
0.976474756263
0.979265155826
0.982265681297
0.984970116981
0.987887701313
0.99078584538
0.992580737302
0.994801736766
0.998121143286
1.00068016617
1.00317004522
1.00576408066
1.00838454425
1.01075243153
1.01331627908
1.01660453438
1.01997574896
1.02388592389
1.02646856888
1.03067859709
1.03415468194
1.0377435428
1.04160673276
1.04557329402
1.04809792317
1.05044847933
1.05416288535
1.05804191233
1.05914063686
1.06102029175
1.06475325121
1.06715212429
1.07122808672
1.07378345708
1.0783122553
1.08221415936
1.08590544377
1.08773838534
1.08712962111
1.09001722344
1.09301591486
1.09663567624
1.09765993348
1.10135740612
1.10489208772
1.10614778383
1.11081123101
1.11212206177
1.1163466696
1.12082006626
1.12522063629
1.12818785712
1.13296236925
1.13837038955
1.14257363712
1.14767729914
1.1522217
1.15666258203
1.16041364132
1.16430417022
1.16845687325
1.17334529251
1.17498951739
1.18044534598
1.18842487228
1.19474613594
1.19866624998
1.20317588475
1.20877193031
1.21192396351
1.21791315181
1.22126616113
1.226757601
1.23187828098
1.23554219045
1.23942659991
1.24656103099
1.24972535926
1.25333443943
1.25896468552
1.26221284947
1.26864070576
1.27323594165
1.27855230703
1.28436748844
1.28977186232
1.29257573779
1.30020532995
1.30932642814
1.3126651873
1.32075918344
1.32835038242
1.3367315797
1.34418746682
1.35077994129
1.35829225374
1.36625570475
1.36845656302
1.37294562781
1.38307767076
1.3921472717
1.39979264503
1.40282328895
1.41403296728
1.41718941195
1.4258067576
1.43463445857
1.44521438859
1.44071446089
1.44992436799
1.45898049968
1.46657458539
1.4709711918
1.48104493738
1.49220301112
1.49745454656
1.50640558423
1.51702115145
1.52870226388
1.53855602193
1.55251431522
1.56644720538
1.57686996419
1.58395030129
1.5948412443
1.6023625821
1.62004280232
1.62997969522
1.63718499385
1.64733290999
1.65594238923
1.66089824781
1.66708248656
1.6856247859
1.7041921656
1.72161592839
1.73524426194
1.75279987542
1.76992166988
1.77158113683
1.78210602831
1.80061374359
1.81827469163
1.8359187743
1.84671835834
1.86986424215
1.88802329366
1.90202044457
1.90707085472
1.91964961345
1.93770424475
1.96192608756
1.98037148286
2.00384764468
2.02527231876
2.02023270458
2.03015098025
2.0414888751
2.07055280413
2.09071984175
2.12047624018
2.15205221025
2.16347440433
2.17769572996
2.21865659343
2.24165874055
2.27871297382
2.3113738861
2.32478764861
2.3458206223
2.3728492832
2.41350548321
2.44759813715
2.4656866222
2.4962112924
2.51108175901
2.5534718818
2.56608176992
2.60705241097
2.6660482283
2.69289033208
2.72580343287
2.73865146937
2.77902268951
2.80367382506
2.82930737333
2.82939722987
2.84942603491
2.78550871809
2.56398375819
2.34016379621
2.06328963848
2.19823808366
1.5708575515