0.229475135972
0.256918199185
0.257814217922
0.258312950807
0.257024360554
0.257566334815
0.258382885728
0.258514452873
0.258744984405
0.258935202568
0.258772015382
0.258493545193
0.258931781088
0.258994475261
0.258152107604
0.258584697707
0.258749901928
0.258460668096
0.25828033654
0.25837013232
0.258209497662
0.258198462756
0.258250000066
0.258155460203
0.258394674899
0.258417388503
0.258169999267
0.258410256003
0.257972570449
0.258014352914
0.257746009872
0.257646020955
0.257780915284
0.257651267988
0.257853000075
0.258027767411
0.258087725843
0.258278552642
0.258610340494
0.258599488684
0.258733425347
0.258835061325
0.259083424727
0.259306863126
0.259476982077
0.259611157287
0.259617465475
0.259910899267
0.259861703211
0.259849888686
0.259627061851
0.259701930189
0.25981162503
0.259893280084
0.260145697884
0.260129768476
0.260233588838
0.260323782209
0.260303482134
0.260332845974
0.26037690835
0.260264080657
0.260191575705
0.26027809432
0.260330851751
0.260464535106
0.260511856972
0.260561515668
0.260530056687
0.260643740377
0.260612680812
0.260804754966
0.260772670596
0.260713716445
0.260736936375
0.260747575883
0.260540985872
0.260331201309
0.260244310554
0.26040635389
0.260326504024
0.260456244244
0.260488626283
0.26066832677
0.260768286883
0.260929342039
0.260934614032
0.261039991103
0.261199501109
0.261332343099
0.261467249539
0.261441480951
0.261517557941
0.261614551078
0.261644086669
0.261510010323
0.261572863421
0.261476324077
0.261614717325
0.261588541617
0.261566611856
0.261589132286
0.261703736198
0.261695849908
0.261747988974
0.261820437502
0.261678324402
0.261821656947
0.261742744828
0.26156993853
0.261223505022
0.261289127573
0.26127140963
0.26109608536
0.2611270763
0.261227924154
0.261169853857
0.261190455057
0.261228551029
0.261343653763
0.261306018705
0.261328814949
0.261179945862
0.261230266698
0.261194308167
0.261231746506
0.261293112127
0.261272470406
0.261278941664
0.261131593953
0.261017806272
0.261127128917
0.2610757881
0.261165908569
0.261084261994
0.261115006479
0.261056089847
0.261030315324
0.261129364244
0.261069675363
0.261080188357
0.26097248187
0.261007172405
0.261100135994
0.26054572562
0.260524034027
0.260637225793
0.260733993223
0.26064908972
0.260748842551
0.260569716429
0.260478023
0.260172529484
0.260099230156
0.260171458479
0.260103179629
0.260223003287
0.260335065507
0.2604127787
0.260422582239
0.260419305878
0.260514163576
0.26053010399
0.260450834898
0.260301640255
0.260384069455
0.260396124777
0.260510476252
0.260499908893
0.260584194522
0.260575377255
0.260686389522
0.260771158075
0.260861579687
0.260939208348
0.261037045044
0.261105620963
0.261190778157
0.261160382904
0.261247135133
0.261226539804
0.261305441311
0.261376207195
0.261384948184
0.261450126481
0.261515500427
0.2614708055
0.261254824038
0.261271366355
0.261357752483
0.261439160115
0.261368890173
0.261437151294
0.261530701836
0.261570012144
0.26158956433
0.261586342432
0.261657671724
0.261663515141
0.261645041541
0.261732529109
0.261802159822
0.261865296784
0.261772756884
0.261865836078
0.261949254686
0.261911673316
0.261863161446
0.261942140418
0.262012359319
0.262015873664
0.262102566534
0.262124553155
0.261951142894
0.261915119975
0.261979071622
0.261799842181
0.261691890956
0.261694403238
0.261748815821
0.261820541349
0.261697175015
0.261764816563
0.261838638788
0.261916585652
0.261986447624
0.26205237799
0.262112407404
0.262190436632
0.262261145391
0.262289853345
0.262324939587
0.262244733792
0.261999186288
0.261903246487
0.261965198457
0.26199450657
0.26191748432
0.261992876366
0.261588797809
0.261588388809
0.261656113856
0.261606251894
0.261681586823
0.261619148445
0.261464493414
0.261373301389
0.26114902419
0.261107103101
0.261076388024
0.261085489999
0.261170903192
0.26124424489
0.26111477047
0.261185489734
0.261254975669
0.260949885775
0.261021247815
0.261023396878
0.261024966052
0.261083631895
0.261150671509
0.261087157697
0.261148601761
0.261215478524
0.261291530282
0.261346433284
0.261370306801
0.26141665892
0.261480906775
0.261535347435
0.261602954228
0.26164982159
0.261705151055
0.261681635942
0.261744693614
0.261719300665
0.261779686799
0.261843452942
0.261917282333
0.262005743123
0.262089436031
0.262068604815
0.262041609425
0.262100639233
0.262144574542
0.262192492244
0.262080361404
0.262137325891
0.262205552605
0.262268041698
0.262350349943
0.262437504507
0.262489461589
0.262406283662
0.262280625652
0.262307812798
0.262299433424
0.262285591272
0.26214942145
0.262020309363
0.262101231862
0.261910427711
0.261912987868
0.261992388859
0.261971150766
0.262033771715
0.262088062622
0.262043262443
0.261949394352
0.261757826507
0.261810265683
0.261882997489
0.26192399406
0.261987233843
0.262037118964
0.262016028328
0.262063931493
0.26214560207
0.262149169524
0.262104825766
0.262162414269
0.262194417529
0.262087943242
0.261990800974
0.26203064609
0.261980985322
0.262056100457
0.26198321561
0.262027683977
0.262082379598
0.262139234906
0.262192985966
0.2621431213
0.262192383388
0.262263855448
0.262139706198
0.262194313033
0.262235875805
0.262149942101
0.26222155227
0.262091578331
0.262146229845
0.262165005235
0.262208180514
0.262259183063
0.262148402431
0.262122265146
0.262170942866
0.26209006254
0.26205638382
0.262124932866
0.262199121516
0.262249796627
0.262304448124
0.262261508597
0.262325721171
0.262381953575
0.262350753329
0.262398488143
0.262216455209
0.262177187799
0.262232568059
0.262273456972
0.262261775915
0.262324684896
0.262366545968
0.262347237534
0.262396417618
0.262456318212
0.262513472707
0.262571199967
0.262562942857
0.262413490494
0.26214311537
0.262209560964
0.262290040469
0.262345572135
0.262406443132
0.262463522394
0.262527150037
0.262588022488
0.262562627338
0.262611594392
0.262683461555
0.262733298471
0.26271605162
0.262758189154
0.262798476478
0.262853427679
0.262919047513
0.26288859436
0.262925826572
0.262977990749
0.263021230675
0.263082336775
0.26312634697
0.263074185964
0.263114620277
0.26306833564
0.26309684415
0.263050805698
0.263131684778
0.263214182193
0.263264606626
0.263313717276
0.263370207034
0.263408419653
0.263389073543
0.263359187238
0.263432804331
0.263485569239
0.263471069175
0.263325737781
0.263278440805
0.26333579376
0.263383467242
0.263438864492
0.263481356348
0.263522414854
0.263591632889
0.263572889586
0.263625994102
0.263459876402
0.263177477982
0.26325270998
0.263306190691
0.263353294509
0.263403854028
0.263466610889
0.263528387067
0.263580791883
0.263659515534
0.263729097349
0.263775155974
0.263728041919
0.263773202016
0.263720115726
0.263773475668
0.263836362573
0.263886273983
0.263952260228
0.264022905022
0.264082262573
0.263817258876
0.26369497788
0.263789067447
0.263739361019
0.263811925885
0.263753403679
0.26381608502
0.263858441536
0.263927084346
0.263989318661
0.264053856396
0.264129565536
0.264178964801
0.264238931245
0.264161753684
0.264202129811
0.264246953105
0.264139370679
0.264203596518
0.26424054528
0.264303983628
0.264347580789
0.264287396958
0.264234965983
0.264287159854
0.264352108953
0.264291498603
0.264359797043
0.264330197592
0.264290803069
0.264238352559
0.26420527256
0.264231108399
0.264292353101
0.264345002511
0.264392797403
0.264274593188
0.26406980415
0.264116259894
0.264185680553
0.264014482839
0.263983858213
0.264025088524
0.2640130223
0.264075398995
0.264138847951
0.26412770731
0.264180526404
0.264229562406
0.264275693779
0.264336226787
0.26438208352
0.264439077496
0.264503218269
0.264494732787
0.264552122557
0.264615837032
0.264682146276
0.264730001668
0.264794761938
0.264854023128
0.264797911247
0.264847639088
0.264669835102
0.26468245542
0.264734216033
0.264798576245
0.264880540216
0.264937209993
0.265000890102
0.265056474043
0.265023787593
0.26507634721
0.265060143797
0.265048732544
0.265023685263
0.265090750023
0.2651526868
0.265100975255
0.265159562007
0.264966988241
0.264965560871
0.264955449473
0.264815712604
0.264873665801
0.264923464412
0.264632781601
0.264639387553
0.264704652293
0.264760551141
0.264825757332
0.264909612701
0.264960660664
0.265019828461
0.265075656941
0.265128721257
0.265191249679
0.265289419933
0.265373567461
0.265352462865
0.265403673725
0.265316662134
0.26537700731
0.265355396505
0.265403686192
0.265406185534
0.265479481171
0.265538651911
0.265593894562
0.265631038495
0.265686432639
0.265609187248
0.26541084277
0.26524643392
0.265313557563
0.265358703848
0.265412513427
0.265414520083
0.265367590584
0.265236602989
0.265231613996
0.265282564477
0.265276429861
0.265321214651
0.265233940494
0.265283342365
0.265345106096
0.265384840053
0.265432923854
0.26549257688
0.265446549695
0.265448541837
0.265501462541
0.265558730226
0.265538569303
0.265604319425
0.265664634473
0.265595406951
0.265544630587
0.265600718942
0.265656815167
0.265632402094
0.265702295076
0.265771536132
0.26572580727
0.265790848662
0.265732712398
0.265808237773
0.265785218088
0.265830319359
0.265887117922
0.265788533386
0.265754315926
0.265827902696
0.265751584778
0.265816494849
0.265881759635
0.265862365327
0.26591140288
0.265865420028
0.265794019893
0.265845757623
0.265797746497
0.265770339593
0.265745594492
0.265787174379
0.265734979496
0.265465157707
0.265467744032
0.265533685572
0.265262225775
0.265320776553
0.265391914047
0.265483213765
0.265533629801
0.265471082371
0.265442465256
0.265402138365
0.265481474757
0.265541781348
0.265547423983
0.265500275272
0.265566622347
0.26562457019
0.265308868605
0.265267654576
0.265212490305
0.265301941204
0.265380640597
0.265471041023
0.265532394261
0.267703721519
0.267766738259
0.267848598203
0.267820078987
0.267879128377
0.267761620125
0.267839624366
0.267907385588
0.267961046241
0.268038390069
0.268109702928
0.267971705171
0.268050921626
0.26803730429
0.267934841519
0.267892885175
0.267951636361
0.268024642297
0.268090237046
0.268163952537
0.268278120812
0.268338278116
0.268404650041
0.26831644253
0.268277554573
0.268342896173
0.268415581915
0.268286240953
0.268354232951
0.2684096924
0.268397395124
0.268492502613
0.268568602003
0.26864266938
0.268707199432
0.268777524306
0.268839513765
0.26889423894
0.268969591016
0.268968721672
0.269044639388
0.26901395164
0.268943103692
0.269010562441
0.268899876107
0.268953403487
0.269024429323
0.269004005805
0.268836101678
0.268900897636
0.268965470118
0.269004912216
0.269086089831
0.269062062481
0.269143738513
0.269216232782
0.269304854449
0.269290909752
0.269210289914
0.269241571436
0.269071333669
0.268979620766
0.268842798877
0.268696946582
0.268614045438
0.268674588904
0.268783758253
0.268874351859
0.268557549825
0.268622436671
0.268700736247
0.268718347378
0.268817263565
0.268904024744
0.268974399848
0.268917177504
0.269009941818
0.269067636394
0.269057345365
0.269141187096
0.268880301282
0.268960617177
0.26893880206
0.269027296904
0.269114822019
0.269204581024
0.269283723782
0.269402991811
0.269398576343
0.269483276988
0.269560702775
0.269554790146
0.269550037775
0.269541775009
0.269624559197
0.269639621492
0.269717715335
0.269792869615
0.269888289758
0.269981046005
0.270044138859
0.270094800537
0.270011765528
0.270109727241
0.270083528818
0.269814166511
0.269803886054
0.269767804267
0.269753286526
0.269842383686
0.269666124558
0.269659447602
0.269732256347
0.269582284609
0.26956004614
0.269563354574
0.269475912151
0.269570112895
0.269544333243
0.269634957249
0.269751253092
0.269847458908
0.269843371438
0.269645894125
0.269658919105
0.269743998417
0.269750937665
0.269833731689
0.269891565857
0.270008717505
0.270137479791
0.270133755582
0.270222252591
0.270296580953
0.270410562069
0.270497641388
0.270469759743
0.270432224077
0.27036100307
0.270464465531
0.27058700325
0.270542420441
0.27067216096
0.270527242302
0.270657919591
0.270781864259
0.270877291329
0.270984370134
0.270705120859
0.270685625201
0.270695932226
0.270784965009
0.270785837095
0.270877617089
0.270866658209
0.270979551779
0.271098991007
0.270930478781
0.271047759949
0.270789131534
0.270905835893
0.271007057265
0.271033627376
0.270856207929
0.270450585648
0.270058931369
0.270185834184
0.269973204118
0.269987894628
0.269727386622
0.269837524743
0.269826366338
0.269812705584
0.26979228937
0.269878418875
0.269914310455
0.27005961946
0.270073107907
0.270176961706
0.270285362782
0.2703410142
0.270445256145
0.27050012027
0.270606095032
0.270560614479
0.270585183896
0.270588210204
0.270562786522
0.270678603467
0.270710399631
0.270563135025
0.270706879892
0.27069970953
0.270388008986
0.270377057428
0.270428412606
0.270549087246
0.270452797566
0.270175326083
0.270326814483
0.270501578573
0.270341587829
0.270325202224
0.269774520726
0.269932189027
0.269979432541
0.270008680134
0.270144123708
0.270303513806
0.270354869605
0.270480642449
0.270623910671
0.270611811006
0.270476017651
0.270487683671
0.270659449576
0.270809810489
0.270869468692
0.270915872942
0.271068009853
0.271160048548
0.271036595941
0.271204122376
0.270984303415
0.271008104674
0.271049465283
0.271059465346
0.270990839349
0.271081290057
0.271021672312
0.271036093628
0.271145083405
0.271173631943
0.271228792224
0.271389563581
0.271572789522
0.27172275586
0.27191785855
0.271982788478
0.271991847637
0.27211360113
0.272287777364
0.272232834319
0.272331236615
0.27218144469
0.272359159308
0.272050543682
0.272096038644
0.271188839137
0.271313681238
0.271425505335
0.271503446114
0.271661566948
0.271875004896
0.271987149456
0.27189858546
0.271628824765
0.271468024458
0.271683010607
0.271887755517
0.27192591481
0.27214471046
0.272261454976
0.272471553677
0.272680570972
0.2725146866
0.27259761761
0.272664719289
0.272897290816
0.272844935321
0.272644280568
0.272510940282
0.272658966455
0.27241356049
0.272618053508
0.271849633208
0.271984557336
0.272272831799
0.271779341517
0.271585846949
0.271604780738
0.271585142139
0.271849185223
0.271882425991
0.272111640481
0.272230318151
0.272498993009
0.272187076228
0.271958319713
0.272052126935
0.272349422889
0.272530663036
0.272456576506
0.272526824469
0.272646288675
0.272395810345
0.272636399129
0.27263261551
0.272515511702
0.272186348377
0.271833937654
0.27197967726
0.271715067982
0.271929346649
0.272322159313
0.272641921908
0.272138546566
0.271929867439
0.271403504677
0.271340260689
0.271697256883
0.271787098078
0.271805183568
0.271625103603
0.271773701355
0.271790073358
0.270938460817
0.271185438376
0.271223693483
0.271338780227
0.271671685999
0.271781042027
0.271796106103
0.271640538939
0.271626962356
0.271953425316
0.272050604137
0.272213855405
0.271943277247
0.272247945638
0.27205086725
0.272520836659
0.271714776558
0.27155315816
0.271175581966
0.271468780047
0.271499986613
0.271943227836
0.27199863805
0.271452644029
0.272169574725
0.273038414994
0.273580488281
0.273766328928
0.274206793416
0.274550545888
0.273180337416
0.273788713948
0.273905963301
0.274978212298
0.274607545856
0.275613783093
0.275688195708
0.275110976402
0.273876659119
0.273017415567
0.273553132862
0.2739795708
0.272160125434
0.270678010827
0.269867379286
0.266859312818
0.270959232143
0.273404922993
0.267249461369