0.254887135176
0.28662798478
0.299331842437
0.306654391878
0.311884109788
0.316037472936
0.319488021939
0.322617802158
0.325372126641
0.327828489133
0.330203812136
0.332309684037
0.334269816401
0.336174087965
0.337918352092
0.339654150626
0.341330295359
0.342921323456
0.344452229861
0.346031502501
0.347478714543
0.348910900252
0.350277354704
0.351399776443
0.352721811007
0.353908528223
0.355162375365
0.356278185186
0.357449158339
0.358588245446
0.35962505281
0.360693396178
0.361771521901
0.36263796404
0.363573951709
0.364616574659
0.36558675183
0.36658372145
0.367575104243
0.368509222987
0.369430461527
0.370374199203
0.371231270163
0.372052722071
0.372853776298
0.373673920724
0.374548543707
0.375338756153
0.37607841516
0.376920658492
0.377725021961
0.378395933472
0.379170234395
0.37990832724
0.380706868837
0.381427004411
0.382092179079
0.382821858429
0.383489247438
0.384225309769
0.384873261742
0.385603019465
0.386278727384
0.386990471236
0.387646990536
0.388318671886
0.388905825964
0.389529365963
0.390190338962
0.390803593526
0.391365667107
0.392042772334
0.392732414865
0.393301109876
0.394038035648
0.394671111073
0.395251447354
0.39582778597
0.396525582028
0.39711141064
0.397846349349
0.398403576613
0.398921054764
0.399445432614
0.399901078134
0.400427521149
0.40093948671
0.401513254584
0.402026400244
0.40256281205
0.403120971161
0.403661492962
0.404210507594
0.40472849366
0.405257909394
0.40577834097
0.406371639921
0.406880928923
0.407408798028
0.407974627704
0.408423842583
0.408753777927
0.409253638395
0.409792731037
0.410208188885
0.410736601177
0.411266831157
0.411759674394
0.412255632313
0.41281534342
0.413286841039
0.413704836259
0.414238960205
0.414782579708
0.415233426141
0.415734034463
0.416206943407
0.416597985289
0.417020390142
0.417433431797
0.417875023557
0.41818378322
0.418628655723
0.418987507866
0.419468882782
0.41987374158
0.420330246602
0.420786797053
0.421213772913
0.421653234803
0.422137693719
0.422550822205
0.422996093662
0.423415160346
0.423911017538
0.424415938279
0.424864584516
0.425326329383
0.425772549032
0.42617915661
0.426680555137
0.427113981483
0.427554939324
0.427925357684
0.428430187352
0.428856361566
0.429347952233
0.429740147421
0.430169047002
0.430542696292
0.430816617138
0.431327736177
0.431787936344
0.432234660189
0.432645799321
0.43314144265
0.433575958554
0.43402827338
0.434389549557
0.434830085097
0.435271989867
0.435673304417
0.436067010181
0.436495730798
0.436901619852
0.437388980304
0.437804823393
0.438256399096
0.438599376604
0.438997077413
0.439514866585
0.439887991064
0.440291804112
0.440700357464
0.441089279361
0.441312067145
0.441741845975
0.442219037496
0.442556078667
0.442985359457
0.443350044542
0.443713936451
0.444098999426
0.444542214788
0.444837004644
0.445233274572
0.445696677
0.446042055765
0.446486269425
0.446873834811
0.447357658965
0.447723850166
0.448075563998
0.448420641717
0.44887006284
0.449197284919
0.449627218467
0.449990498018
0.450365538626
0.450775838302
0.451197804435
0.451603752575
0.451951267948
0.452368402968
0.452694440382
0.453136050247
0.453552186888
0.453949655694
0.454277438515
0.454532552406
0.454655669288
0.455014452322
0.455380336017
0.45585738876
0.456172008677
0.456581342994
0.456907368484
0.457278728348
0.457683216302
0.458148616151
0.458516081468
0.458879796412
0.459028358918
0.459437459445
0.459714010746
0.46010692151
0.460568661581
0.460937738273
0.46134684637
0.46166748465
0.46206927217
0.462529444819
0.462837944805
0.463237953203
0.463500317398
0.463905516262
0.464289311969
0.464603095485
0.46501826796
0.465459055729
0.465883229366
0.466363065
0.466763527039
0.467113133065
0.467458156183
0.467754150952
0.468178206916
0.468451208752
0.468826268543
0.469124712554
0.469479444817
0.469849128415
0.470146987729
0.470570634218
0.470931036113
0.471363045679
0.471604584175
0.472020382734
0.472255316184
0.472682247667
0.473173492843
0.473579121545
0.473957541836
0.474437342548
0.474803176305
0.475156259959
0.475559805678
0.476028413413
0.476440439294
0.476479456189
0.476977545581
0.477257385363
0.477711872455
0.477948487019
0.478313973909
0.478601945993
0.478997379151
0.479348164099
0.479781405378
0.480157140728
0.480548338356
0.480810217725
0.481024088161
0.481428929113
0.481844477757
0.482266306858
0.482765051936
0.483232969532
0.483645809411
0.483787427641
0.484215577837
0.484761675443
0.485105367076
0.485469765179
0.485809970482
0.486144453443
0.486578568395
0.48694922461
0.487373232668
0.48770068772
0.4881704031
0.488554382677
0.488597067413
0.48898229055
0.489340045683
0.489729053727
0.490162326224
0.490644384115
0.491135192271
0.491561748978
0.492063136107
0.49246300445
0.492629738995
0.493146270563
0.493460758507
0.493884375832
0.494399144155
0.494873418617
0.495333508213
0.495787786957
0.496165721499
0.496405816568
0.496854147841
0.49722111388
0.497606494441
0.497871419412
0.498226808969
0.498692411441
0.499188306748
0.499688456644
0.499972180967
0.500407147997
0.500844625606
0.501251006876
0.501552312641
0.502033053393
0.502492643227
0.502857007324
0.503244462126
0.503583422043
0.503910826398
0.504377747669
0.504638258879
0.505107022578
0.505506912123
0.506058505842
0.506332446661
0.506762344375
0.507109496777
0.507201563834
0.507527440519
0.508108694761
0.508361296137
0.508820224643
0.509355168112
0.509854892759
0.510299271289
0.510680959541
0.511190745405
0.511576161036
0.512054826757
0.512448643741
0.512808484447
0.513275281046
0.513690440755
0.514137158038
0.514546348072
0.515090716067
0.51554559193
0.515580842196
0.515898774025
0.516080137563
0.516600960675
0.516970544404
0.517400099555
0.517869884738
0.518355550089
0.518805866992
0.519328931169
0.5198946079
0.520216477893
0.520812825103
0.521214681515
0.521706359061
0.522162720115
0.522587060808
0.523007766985
0.523544668035
0.523887908192
0.524325965762
0.524643417693
0.52518555726
0.525758486051
0.526102392335
0.526498634029
0.526911338656
0.527265067321
0.527809574627
0.528157517645
0.528536108914
0.529104736629
0.529582369452
0.529963553484
0.530532357673
0.530928474727
0.531424567577
0.532023397051
0.53253435916
0.533195163541
0.533549253638
0.533925559347
0.534487102863
0.534790001231
0.535341618596
0.53587109997
0.536410716887
0.536880112156
0.537461373164
0.537652529742
0.538127423654
0.538551576451
0.539082379683
0.539568980856
0.539868475859
0.540465552219
0.540886476268
0.541410619493
0.541909265231
0.542546148967
0.5431150558
0.543646911936
0.544078430899
0.544771429114
0.545342324786
0.54599804357
0.546526099804
0.547070999857
0.547351431448
0.547964431894
0.548363450499
0.548912903074
0.549211424098
0.549646736513
0.55024653744
0.550787309723
0.551304707942
0.551749385766
0.55230988849
0.552688562987
0.553103252779
0.553621551388
0.553937522012
0.554460626873
0.55507004026
0.555312518958
0.555708459375
0.556362421302
0.556907154195
0.557511334276
0.557664399383
0.557922397222
0.558493197541
0.55905077254
0.559518973987
0.559868511843
0.560430887816
0.560866052863
0.561163717528
0.561758495417
0.562424328959
0.5630280925
0.563785853411
0.564206856326
0.564849389783
0.565206576427
0.565760258633
0.566350365856
0.566911565742
0.567401176308
0.567941094611
0.568648117439
0.56903667969
0.569696562821
0.570226795026
0.570314444003
0.570982620296
0.571573532676
0.572040381556
0.572735378822
0.573362274198
0.573858263342
0.574610961033
0.575067026493
0.575751939733
0.576249157638
0.576551182813
0.577183145816
0.577924083278
0.578373677845
0.578681781643
0.579204608794
0.579893534107
0.580351992945
0.581001294958
0.581836893416
0.582514662411
0.583142201498
0.583659083331
0.583996536519
0.584673065036
0.585191809349
0.585535305656
0.586062217835
0.586852064365
0.587288311612
0.587779885355
0.588498381429
0.589151487014
0.589751158452
0.590086268881
0.590483363191
0.590877044279
0.591547270433
0.59206039579
0.592886433154
0.593389221061
0.594092398201
0.594640229886
0.594981734104
0.595398072621
0.595977252219
0.596622019705
0.597512615216
0.598381875884
0.599114992298
0.599845582121
0.600292532578
0.600601297992
0.601280381706
0.601926548065
0.602033970401
0.602926052974
0.603453119222
0.603937300367
0.604634618019
0.605310426516
0.605851009621
0.606260516791
0.606765628071
0.607391394439
0.60779678567
0.608537422951
0.608899512987
0.609500898683
0.610069077104
0.610891305222
0.611588683933
0.612353809745
0.612852267669
0.613532604531
0.614428433149
0.615310565048
0.61627211309
0.616808917026
0.617396976941
0.618212113989
0.619114716139
0.620018143475
0.620551175152
0.621298551223
0.621932175439
0.622350067732
0.622972484424
0.62372223586
0.624521398367
0.625070273506
0.625880863806
0.626320501171
0.626967316443
0.627843276367
0.628431594412
0.629145268597
0.629539875998
0.630186492993
0.630665918406
0.631431496497
0.63246532515
0.633343924759
0.634229318133
0.635163085215
0.635840125816
0.636395594563
0.637064504362
0.637970798538
0.638922973955
0.639630305703
0.640271945421
0.641211600899
0.641781268445
0.642370612334
0.643252228553
0.643657617429
0.644708973439
0.645623194057
0.646512583851
0.646951283257
0.647855718078
0.648683287869
0.649699163576
0.650346650567
0.650741386825
0.650997538611
0.651694678951
0.652735502133
0.653436418736
0.654367717455
0.655312112593
0.656255530934
0.656940481374
0.657771353406
0.658251132404
0.659097368647
0.659923732353
0.660967858353
0.661878121783
0.662255863031
0.663133099299
0.664028721604
0.664683610103
0.665644652405
0.666745444573
0.667901397676
0.668882700587
0.670163151789
0.670687045055
0.671757302831
0.672772904518
0.67365265941
0.674674840531
0.675665071463
0.67648614917
0.6774069958
0.67838931784
0.679197566148
0.68019758719
0.680748763254
0.682077155156
0.683137225448
0.684219603696
0.685401845696
0.685807837164
0.686972359064
0.68812874239
0.689364931322
0.690843988477
0.691995614319
0.69307814196
0.693994700419
0.695314800837
0.696476079748
0.697584658513
0.698613392829
0.699372100384
0.700645523376
0.701681880712
0.702221315532
0.70330714065
0.703979931794
0.705148296523
0.706026015843
0.706904718767
0.708540613933
0.709794315879
0.710750579058
0.711242311905
0.712345799492
0.713608201636
0.714609691608
0.71590790901
0.717455991161
0.71855160247
0.71992908824
0.720625049578
0.721246947317
0.722525252183
0.722894078503
0.723888525367
0.724808638194
0.726287813357
0.727850015447
0.729089880599
0.729765502213
0.730999202021
0.731951641212
0.73311947099
0.734685677167
0.735844365199
0.737227954304
0.738544558728
0.739670880643
0.738208064761
0.739591395022
0.740511540733
0.740741543674
0.742321431109
0.742963069347
0.744434184168
0.746084154209
0.746850683298
0.74814824098
0.749485811731
0.750959517217
0.752600400735
0.753852662629
0.755330265945
0.756080367794
0.757550230914
0.75871597878
0.760427850253
0.761932743171
0.762886677427
0.76357564654
0.764751687699
0.765883101397
0.76505906447
0.766802000176
0.768302387586
0.769605283392
0.770764333677
0.772248774111
0.772943192514
0.772630592254
0.77314730254
0.77360285961
0.775175280735
0.776756830511
0.778436814968
0.779571677341
0.781158474594
0.782404230039
0.783125268448
0.784958542393
0.78599590243
0.787751713949
0.789729642637
0.79130343931
0.793053165884
0.794123325535
0.795849732049
0.797433060939
0.798589710094
0.800228385643
0.802075535905
0.803900315613
0.806199926885
0.807968375258
0.809633290664
0.811872150258
0.814036424572
0.814850655527
0.817049459982
0.819010480463
0.820681453043
0.822405607602
0.824381932238
0.826224306718
0.828182443607
0.830754626795
0.833594242524
0.834977868742
0.836820367493
0.838570288023
0.841124730015
0.843539370688
0.845022343673
0.847493618869
0.848438938024
0.850880282644
0.852642777832
0.854626976527
0.857319114989
0.85930731264
0.862219359279
0.863911265146
0.865338131979
0.86782234232
0.869422671985
0.871885330428
0.874125611075
0.87630533314
0.878306090355
0.879758653925
0.882825451452
0.885086835558
0.887273782451
0.889499698116
0.892823845081
0.895303992082
0.896861886038
0.899653905256
0.900026554143
0.902218729229
0.90519493673
0.907789496164
0.9095098578
0.911706283274
0.913549953091
0.915548759779
0.916900522789
0.919545373704
0.920582454051
0.923443575606
0.924504151775
0.927077728534
0.929703195087
0.932521630116
0.935871431555
0.938530148852
0.940100270153
0.942679427581
0.944669271167
0.946371023706
0.949971601696
0.953711638616
0.959185143593
0.96131246383
0.964898824571
0.968177161893
0.97165203329
0.975491992729
0.977105205193
0.979923335708
0.982380603109
0.984281703988
0.988659449613
0.993131464403
0.996868560854
1.00031438602
1.00327205247
1.006980496
1.01027880767
1.01387718344
1.01830662679
1.02042334409
1.02394934759
1.02659565582
1.03009905752
1.03551522762
1.03940365078
1.04281549103
1.04701765336
1.05069756965
1.05333063414
1.05685650954
1.06066078427
1.0644240117
1.06693562796
1.07106963399
1.07489820588
1.07762782645
1.0811035031
1.08491818096
1.08850230655
1.09297941412
1.09631376067
1.09913494445
1.10232013944
1.10874356293
1.11094024511
1.11391643422
1.11758295859
1.1197738331
1.12497160536
1.13000048283
1.13279300673
1.13649866124
1.13970938599
1.14568999762
1.15115316036
1.15609195733
1.15906570897
1.16356666041
1.1670536076
1.17501040658
1.1798983207
1.18313663962
1.18981871951
1.19463927709
1.20119484883
1.20386269516
1.20841483979
1.21382907555
1.22006672086
1.22637216249
1.2314329368
1.23645601963
1.24289707393
1.25241504685
1.25730182468
1.26095824265
1.26456774583
1.2690012373
1.27608555428
1.28505783719
1.29355470679
1.30151401084
1.30771885454
1.31431468902
1.32075283484
1.3302113265
1.33781638615
1.3444965606
1.35434340137
1.36082779635
1.36639190417
1.37265602689
1.37829832377
1.38503074708
1.39108368269
1.40368561479
1.41162695507
1.41883915124
1.42715356833
1.4369882652
1.44597816536
1.45419488852
1.46584187408
1.48327591552
1.49041326174
1.49967519992
1.50937158031
1.51831435638
1.53280638033
1.54868847027
1.56236306903
1.57413937173
1.58887756986
1.60068229692
1.61448177351
1.6295878805
1.64766180158
1.66142678389
1.67787938638
1.68943189758
1.70673745569
1.71852847275
1.73910226083
1.75445309709
1.77411581657
1.78300157496
1.79674170474
1.81425609113
1.83201950958
1.83069430447
1.85074372945
1.87213636047
1.89796393096
1.91810096774
1.93121299711
1.96871650829
1.9989762316
2.01112248975
2.01566042674
2.04629094504
2.06858448431
2.09911870536
2.1222621116
2.14699271922
2.17650080214
2.20104349852
2.23709744693
2.25496677283
2.28696614123
2.33311232376
2.37047895273
2.40858091688
2.40126636028
2.4014714143
2.43215000695
2.45473604292
2.47838287693
2.49279415732
2.51736066476
2.54829566148
2.56584048785
2.61018859748
2.64709528852
2.69020956328
2.72893136622
2.74335988393
2.70861397544
2.66605874177
2.63337958718
2.70736036315
2.49033625271
2.3119358574
2.44060770707
2.06799602808
1.43102604628
0.718282341592