0.254887180383
0.296517666147
0.306704135578
0.313183721459
0.318084510543
0.322112346042
0.325577996198
0.328454328365
0.33101651229
0.333430223781
0.335663078851
0.337627654604
0.339583403873
0.341390152983
0.343127032089
0.344746657308
0.346302443984
0.347825217015
0.349250632075
0.350680101336
0.351936246923
0.35314669242
0.354420952484
0.355642433329
0.356811659084
0.358005463384
0.359208289499
0.360262501403
0.361231061703
0.362254789114
0.363370536134
0.364225153922
0.365220160357
0.366148593762
0.367002571089
0.36794707251
0.368914631971
0.369876616401
0.370747350432
0.371585351918
0.372338588092
0.373042147521
0.373789892268
0.374648016041
0.375471383217
0.37618673391
0.376944567721
0.377716690092
0.378411610371
0.379172879046
0.380032003086
0.380721715189
0.381411603866
0.382122129674
0.382830061933
0.383537593794
0.384280881679
0.384895217685
0.385556435805
0.386258823117
0.386923768466
0.387585594278
0.388131198761
0.388813413917
0.389412497926
0.389965796134
0.390573812246
0.391143192079
0.391712380877
0.39235747322
0.392924249099
0.393542787645
0.394146459291
0.394705645014
0.395184066115
0.395752670613
0.396197866284
0.396809695926
0.397357030184
0.397928433777
0.398467473763
0.39900753916
0.399610031022
0.400212581902
0.400721796089
0.401238693804
0.401740202178
0.402331015497
0.402878201759
0.403453892562
0.403980328265
0.404516409642
0.405031875452
0.405588449146
0.406128751122
0.406618696255
0.407130163096
0.407560210948
0.408084074753
0.40855842736
0.409136759196
0.409670956858
0.410022519019
0.410509187774
0.410955898515
0.411403602352
0.411738683293
0.412191287107
0.412711456193
0.413184683583
0.413639186875
0.414196260099
0.414699891703
0.415194321422
0.415661918119
0.416109580075
0.416588141187
0.417069979106
0.417580139373
0.418072692047
0.418590573597
0.419022694236
0.419476750872
0.419880719851
0.42036460339
0.420811117797
0.421308410393
0.421723428089
0.422223716354
0.422718946609
0.423071236332
0.423442425478
0.423873318346
0.424349359487
0.424721284926
0.425146754111
0.425615996449
0.426085044162
0.42649518578
0.426911644537
0.427394775647
0.427855581582
0.428265605018
0.428782445856
0.429227651107
0.42959111064
0.429973572554
0.430408140192
0.430840133702
0.431250062654
0.431719524313
0.432141576967
0.432586897433
0.43301375509
0.433462253349
0.433724100352
0.434013826998
0.434394334117
0.43480521357
0.435259618442
0.435693994825
0.436135123028
0.436421680815
0.436874961049
0.437264315876
0.437672995791
0.438113474296
0.438559011793
0.439010160131
0.439436732928
0.439835251755
0.440256991616
0.440728130955
0.441104028323
0.441501660477
0.441846653552
0.442217615566
0.442668312918
0.443024012738
0.44334501736
0.443753670897
0.444070364062
0.444485207535
0.444716384109
0.445088827508
0.445499639729
0.445954807287
0.446408553361
0.446671874411
0.446979927045
0.447331189536
0.447704884204
0.448118044968
0.448571289531
0.448979390404
0.449304197201
0.449735270569
0.450113663393
0.450497493816
0.450868422597
0.451141547954
0.451549739297
0.451731625215
0.452027782826
0.452412992173
0.452787979617
0.453199128354
0.453513792448
0.453977167046
0.454369179009
0.454791908229
0.455119512064
0.45548882585
0.455878179988
0.456257216652
0.456729240647
0.457128797362
0.45743336216
0.457796842701
0.458204842442
0.45865548078
0.45905752933
0.459393168892
0.459751200407
0.460147164969
0.460571323986
0.461011388499
0.461467721465
0.461871068066
0.462209475141
0.462600998288
0.462823413295
0.463260433669
0.463628551935
0.463936391747
0.464309129073
0.464729864022
0.464987768856
0.465371411409
0.465681826225
0.466012991335
0.466429089165
0.46680174715
0.467172589812
0.467435149038
0.467571905031
0.468000222356
0.468299779447
0.468693343815
0.469110823214
0.469438118426
0.469792317906
0.470175609106
0.470576946035
0.470880659729
0.471261357626
0.471617926348
0.471937740255
0.47229888131
0.472652481904
0.473013027004
0.473445848621
0.473788136419
0.474176620063
0.474599167922
0.474935236008
0.475218065125
0.475630642833
0.476036763562
0.476426339456
0.476717931801
0.476948228527
0.477349279936
0.477745500229
0.47819147958
0.478610822706
0.4789581284
0.479365391183
0.479703299983
0.479998573391
0.480401614932
0.480642817512
0.480878246924
0.481279035273
0.481433184321
0.481774121026
0.482146055704
0.482519677107
0.482919154889
0.483378991362
0.483783467729
0.48421201926
0.484718431485
0.485039667448
0.485349590873
0.485808950783
0.486164477283
0.48653255501
0.486851938522
0.487315866932
0.487741470202
0.48806135067
0.488400060677
0.488786602083
0.489045849413
0.489464893126
0.489858353736
0.490217637053
0.490535573042
0.490794413794
0.491119564287
0.491496832794
0.491990969507
0.492416625251
0.492868892478
0.493298123358
0.493734794141
0.494192482004
0.494639220824
0.495035990705
0.495409566174
0.495843594928
0.496204346377
0.496586118248
0.496974932036
0.497286595223
0.497680407255
0.49800839073
0.498419018359
0.498715939406
0.499088233998
0.4994127306
0.499799196224
0.500138514227
0.500431150137
0.500705126877
0.501160955402
0.501544668853
0.501960540462
0.502233143242
0.502608176744
0.50305275915
0.503292807891
0.503682532781
0.504085248046
0.504552007725
0.505036098228
0.505483904918
0.505832494611
0.506233723721
0.506403079001
0.506733787379
0.507130118314
0.507429296864
0.507778812966
0.508294766018
0.5088624167
0.509281387481
0.509673701822
0.510022262179
0.510491936905
0.510824504663
0.511246858017
0.511579438546
0.5120014496
0.512371681191
0.512748925355
0.51317578477
0.513407163158
0.513710161963
0.513970465039
0.514263515035
0.514596438219
0.515022671067
0.51535938778
0.515747526612
0.51621168139
0.516012887055
0.516485599808
0.516874291925
0.517221894931
0.517504564276
0.518112869536
0.518526400448
0.51874476712
0.519127386712
0.519594546997
0.519923432629
0.520478972032
0.520991942467
0.521577887922
0.521900951263
0.522529483346
0.523065400939
0.523687874042
0.524350974178
0.524653941733
0.525145286494
0.525640306409
0.526435751318
0.526888099511
0.527731127519
0.528514075206
0.529172832892
0.529475239584
0.530003483722
0.530522226274
0.530893312072
0.531511966572
0.532036598135
0.532491905317
0.532855316242
0.53346621654
0.534009295242
0.534533601351
0.534983740008
0.535573640268
0.535829002609
0.536285062463
0.536895961188
0.537631900628
0.538171805006
0.53869553266
0.539239640224
0.539652191057
0.540188142791
0.540770686153
0.54130158493
0.541577893978
0.542080988369
0.542504926745
0.543107270263
0.543569479343
0.544190448713
0.54464577759
0.54529030495
0.545863373091
0.546331541863
0.546846665412
0.547554138834
0.548014492665
0.54854947735
0.54921708711
0.549964161987
0.550543188928
0.550811769644
0.551600296244
0.552199766441
0.552772783473
0.553277360793
0.553781622908
0.55440914637
0.555026826602
0.555583003663
0.556167180133
0.556780526657
0.557210380349
0.557820382033
0.558298684212
0.558850447899
0.559544209395
0.560225911356
0.560663216122
0.561184652227
0.561599883611
0.562083244246
0.562712491381
0.563294109693
0.563930783974
0.564519193675
0.565068322491
0.565299655572
0.565903702807
0.566361032901
0.566998259002
0.567537849056
0.56813970991
0.56884310336
0.56942720926
0.570021658617
0.570725116724
0.571545502868
0.572250413271
0.572849614523
0.573248805676
0.573806466972
0.574149242355
0.574713346652
0.575482670257
0.576093065178
0.576774741114
0.577360291069
0.578015106796
0.5785566175
0.579048060167
0.579874284419
0.580589522396
0.581538430405
0.582160108694
0.582846492217
0.583497451205
0.584226828085
0.584864642568
0.585716027011
0.586467179378
0.587005558939
0.587479943483
0.588389917121
0.588700877623
0.589379208715
0.589949071853
0.590774926767
0.591462708613
0.592187102177
0.592983239743
0.593286465379
0.593958107089
0.594676025012
0.595520741669
0.596050587516
0.596683858696
0.59748094599
0.597987392406
0.598704904168
0.59916299885
0.599990509585
0.6007943636
0.601210295145
0.601891249626
0.602603298882
0.603375339046
0.604071872669
0.604731489066
0.605448990823
0.606254744771
0.607044083195
0.60768946876
0.608258417715
0.60878609003
0.60942864882
0.610174222045
0.611086168233
0.611565095991
0.612178136678
0.61226545858
0.612950102522
0.613689249454
0.61449912535
0.615183910639
0.615515610008
0.616037845252
0.616647480476
0.617121929398
0.617785814327
0.618576282701
0.619095655315
0.619900963532
0.620706338706
0.621384634503
0.621531778757
0.621875802462
0.622415217974
0.622938833487
0.623699191398
0.62447383859
0.625249572974
0.626018485103
0.626990844899
0.627874968659
0.628611665392
0.629491474848
0.630242542918
0.630928346854
0.631847868599
0.632518742602
0.633009636799
0.633655349198
0.634400925329
0.635478959322
0.636169260135
0.637256624958
0.637800428898
0.638538049294
0.639105223687
0.639960157354
0.64080951574
0.641580480931
0.642063782088
0.642521613883
0.642909360243
0.643598937518
0.644544427244
0.645457187653
0.646217104706
0.646025957532
0.646946922472
0.64762693911
0.648727658613
0.649770148915
0.650581692278
0.651305246066
0.65185767619
0.652677946273
0.653558790126
0.654437582423
0.655238465006
0.655986883785
0.656530730932
0.657567761609
0.658302362415
0.659161403466
0.659994767159
0.660783679881
0.661766248165
0.662870346602
0.662946139736
0.664072718591
0.664949387945
0.665791476796
0.666399306539
0.667108241711
0.667935015267
0.66861427533
0.669213311591
0.669761022677
0.670760344248
0.67139282544
0.672437244398
0.673255365519
0.674360215281
0.675156011375
0.675933694345
0.676876923962
0.677406799856
0.678351863186
0.679237931057
0.679824537254
0.680812483308
0.682005979246
0.682689007265
0.683551560285
0.684718886657
0.685940027022
0.687195443557
0.688231064127
0.689334489108
0.690585760627
0.691149745694
0.692302989844
0.693291807108
0.694394610717
0.695181388543
0.695751645864
0.696450705503
0.69712676026
0.698373454103
0.699025687784
0.699927038364
0.700943815498
0.702206111782
0.702646222253
0.703319696803
0.704165285346
0.705123249873
0.706600422651
0.707860133579
0.70897790543
0.70968362084
0.710357274998
0.711345743943
0.712489560446
0.713098575012
0.714356182724
0.715405826651
0.715994188191
0.716712017578
0.717611954578
0.718501736383
0.719258946245
0.72024799693
0.721154798979
0.721206856783
0.721803594833
0.723746593505
0.725307901396
0.725942463846
0.72658734439
0.727390776645
0.728739578781
0.72982998953
0.730983405266
0.73208349741
0.733248231028
0.734633418238
0.736032435148
0.737500910592
0.738556499812
0.739941499219
0.741248150508
0.742250612919
0.743390332105
0.744819700123
0.746048564802
0.747305308738
0.748228541159
0.749790050336
0.750891707968
0.752001288661
0.753581221825
0.754964451486
0.756520847459
0.757593604229
0.758971062359
0.759735368156
0.760953959635
0.76213055069
0.763517943904
0.764550399399
0.766068214428
0.767891317795
0.769388512907
0.770778335245
0.771800639271
0.773182598637
0.774268567847
0.7755260268
0.777370177105
0.778896930665
0.781008334843
0.782463778342
0.783474851174
0.784810157463
0.786041997172
0.787746094498
0.789782251206
0.790837058565
0.791929843873
0.792326709887
0.794341476169
0.795827350919
0.797556150653
0.799210521451
0.800636454891
0.800864403802
0.802413033826
0.804028885888
0.804729646987
0.805937315404
0.807585326929
0.809359312961
0.810581150226
0.811431935454
0.813092074844
0.814766741581
0.816331903316
0.818654898254
0.820353883997
0.822628756506
0.823898079451
0.824914740834
0.826547330442
0.828609223458
0.830516586091
0.832158534394
0.834124982483
0.836461471136
0.838312846035
0.840960642175
0.842767992548
0.844527016727
0.847074374201
0.848519406872
0.850722037397
0.852301816413
0.854103035672
0.855605122026
0.857485954201
0.858870440445
0.860446757219
0.862248530348
0.864275411998
0.865824664217
0.867173170231
0.869198766324
0.871431777841
0.873363272974
0.87650147228
0.877904588955
0.879564933402
0.881435110486
0.883129546891
0.884876327676
0.887837997155
0.889475053991
0.889647221578
0.892132845187
0.894538130898
0.896563759067
0.899130888011
0.902187686542
0.903558195904
0.905705066534
0.907574789697
0.909644314473
0.912374614591
0.914957532245
0.91722613658
0.919130028679
0.922032650214
0.924588896352
0.927707081201
0.929600119457
0.931574546274
0.933562817176
0.935559662989
0.938820845322
0.940737093137
0.943147583774
0.945146785678
0.947747829176
0.94967209537
0.952434016576
0.954265374241
0.956998436256
0.95936122976
0.960505394588
0.962297976513
0.965577036828
0.969040421162
0.971823240706
0.975526810315
0.977874895367
0.981500072022
0.983586079216
0.986058840904
0.989140681741
0.99175217347
0.993877822979
0.995649728142
0.997915230417
0.996626330971
1.00205750049
1.00697871551
1.01015657706
1.01433153336
1.01744090564
1.02084799297
1.02444918853
1.02759911527
1.02878710547
1.03195096113
1.03505010242
1.03909462879
1.04195207617
1.04481726168
1.0478204153
1.05018794052
1.053373492
1.05754776934
1.06080247638
1.0645260158
1.0678851418
1.07287262372
1.07667580337
1.07958780205
1.08258898884
1.08761567341
1.09311133957
1.09826343713
1.09918598332
1.10303257418
1.10822346901
1.11218635685
1.11464069055
1.11972163413
1.12313452821
1.12626810381
1.13107269593
1.13813777752
1.14255912515
1.14885365834
1.15622327163
1.16063658618
1.16529313952
1.16875164381
1.17322331186
1.17698378243
1.18271517051
1.18708918071
1.1893542585
1.19205845876
1.19845820256
1.20624475508
1.20518117526
1.21044513917
1.21182766324
1.2171334128
1.22351849182
1.22835180457
1.2342960311
1.24201181882
1.24823832557
1.25596199573
1.26144537912
1.268562604
1.27286969812
1.28070276353
1.28797403519
1.29267798802
1.30064049993
1.30834905215
1.31538605469
1.32163124407
1.33100804956
1.34014772949
1.3494895552
1.35690041214
1.35800673974
1.36882370605
1.37837868885
1.38189751945
1.39059990307
1.3988363418
1.40579052494
1.41225347342
1.41598435975
1.42522280551
1.43884830493
1.44329873706
1.45537610648
1.46201137342
1.47538010196
1.48371513739
1.49154218686
1.50539310717
1.51117059761
1.51776405384
1.53564676837
1.54791422149
1.55786475352
1.56312566516
1.57509462318
1.58638571819
1.59919603633
1.61622085347
1.6249335347
1.64233665281
1.65931316849
1.671096183
1.68648929921
1.7058463085
1.7237852999
1.73862296545
1.76165092191
1.77922892948
1.79955313276
1.82761675201
1.84255205314
1.8633093543
1.88301312328
1.90203987564
1.92311782586
1.94348814883
1.98082719775
2.00759600462
2.03173964133
2.02677797973
2.04830701802
2.08230540142
2.10753173604
2.13166235294
2.1633068368
2.185291605
2.19940559093
2.22174519188
2.2542542384
2.30137122117
2.2948576374
2.33243928373
2.36291431322
2.37936144367
2.42532069206
2.48167670258
2.52948133679
2.55563925809
2.57122918818
2.64179730836
2.66586847148
2.70938805695
2.73007820684
2.74484382656
2.73168288184
2.81423264231
2.84958097361
2.84092059863
2.80558035721
2.72413028706
3.03927948393
2.63166387143
2.0605955591