0.254887135176
0.288577748371
0.300709425826
0.309154326258
0.315307111564
0.320300243139
0.32425438675
0.327625263039
0.330567408461
0.333285520036
0.335713380489
0.337967730607
0.339901705557
0.341835745654
0.343639091307
0.345437942387
0.34704935563
0.348636213072
0.350020274235
0.351461570934
0.352840989285
0.354138285086
0.355339791378
0.356555122134
0.35771785319
0.35889282989
0.359969792353
0.361055832277
0.362167802672
0.363209305517
0.364249774744
0.365246567756
0.366080076274
0.366966684181
0.367872881093
0.368744201561
0.369622590662
0.370505771297
0.371388999425
0.372287491141
0.373131793619
0.374014447922
0.374792799338
0.375628843315
0.376432907054
0.37727244196
0.378086489245
0.378856234752
0.379595685794
0.380409482821
0.38114013528
0.381801043219
0.382499671845
0.383215645524
0.383921544875
0.384585263355
0.385170786087
0.38583665009
0.386539414519
0.387245140603
0.387904123979
0.388515508358
0.38903426477
0.389642411817
0.390225591734
0.390830928779
0.391465253549
0.392063086838
0.392544207111
0.393177781409
0.393770568683
0.394339903249
0.394931596037
0.39548007793
0.395987656483
0.396423930015
0.396922443981
0.397427255369
0.397934724343
0.398489444409
0.398906640278
0.399415073974
0.39997307853
0.40045798495
0.4009398241
0.40143501094
0.401961015433
0.402490705434
0.403008951076
0.403454048192
0.403925143347
0.40437243013
0.404867453606
0.40537134775
0.405785534645
0.406292831844
0.406738240799
0.407269248967
0.407797644158
0.408396000541
0.408898238261
0.409422230457
0.410001277129
0.410514859294
0.410927158654
0.411480774965
0.411924414489
0.412401975222
0.41285335673
0.413421160342
0.413937061758
0.414273810158
0.414805731012
0.415310886576
0.415835935496
0.41628775811
0.416732006901
0.417216018766
0.417688688261
0.418192448581
0.418659672122
0.418983245839
0.419503293819
0.419992104431
0.420458802867
0.421014327251
0.421497482987
0.42193188358
0.422471217636
0.422947919599
0.423501474552
0.424013874143
0.42452655485
0.424992485753
0.425492872385
0.426032532177
0.4264610538
0.426949944661
0.427438994104
0.427957206234
0.4283871436
0.428872081436
0.429430540946
0.429954130434
0.430250326645
0.430648646623
0.431095860775
0.43151284071
0.431823167655
0.432264415967
0.432668504866
0.43308445347
0.433537654177
0.434002045034
0.434372722489
0.43472955751
0.435198834715
0.435646236934
0.435961184609
0.436384699832
0.436580988049
0.437098915132
0.437542284144
0.43798870404
0.438448516806
0.438787195472
0.439191910349
0.439614978644
0.440085601764
0.440518200504
0.44096483555
0.441409257115
0.44184608545
0.442216320278
0.442610235311
0.442982267978
0.443357686048
0.443768674562
0.444077546744
0.444463687772
0.444850959934
0.445272510556
0.445620698064
0.446140019197
0.446481940949
0.446915182543
0.447167432845
0.44752526902
0.447997529637
0.448427171879
0.448801920325
0.449241283196
0.449616546768
0.450024084161
0.450469156684
0.450797328442
0.451177502794
0.451276724941
0.451673446474
0.45197901814
0.4523113062
0.452642431533
0.453014943482
0.453426250712
0.453839278581
0.454145326141
0.454478911695
0.454876790269
0.45516676588
0.45553125596
0.455982366729
0.456170444809
0.456540633918
0.456891718314
0.457246147133
0.457587726712
0.457904814885
0.458345971911
0.458773367514
0.459119991165
0.459491089162
0.459754022887
0.460095765765
0.460444585945
0.460832014256
0.461181964714
0.461575792585
0.462042796912
0.462251471482
0.462655026955
0.463109075987
0.463453100513
0.463838915074
0.464132441694
0.464400104459
0.46481804523
0.465193377053
0.465556846522
0.465948191232
0.466352766215
0.466747715929
0.467115971145
0.467356984154
0.467801719332
0.468219332327
0.468526846431
0.468902870661
0.469333460523
0.469700571038
0.470096448865
0.470492278728
0.470797369506
0.471188589334
0.471537331645
0.4718611987
0.472291275737
0.472583879765
0.472972625737
0.473276544071
0.473617312165
0.474068549686
0.474472448053
0.474845075024
0.475233793225
0.475580528574
0.475886845752
0.476315531369
0.476671140165
0.477020850684
0.477353855169
0.477779945005
0.478130031537
0.478512529868
0.478885769704
0.479330183347
0.479676662578
0.480102049617
0.480423841051
0.480801954062
0.481211137327
0.481663239189
0.482034873732
0.482390942128
0.482770862736
0.48319988835
0.483396535326
0.48376662385
0.484206937923
0.48458262194
0.484996967579
0.485393102244
0.485672884555
0.486113278752
0.48652152368
0.48689313032
0.487279967277
0.487667385481
0.488037273108
0.488410737297
0.488355658524
0.48876142887
0.489210614469
0.489440346138
0.489864057283
0.490177860333
0.490568554937
0.490959968378
0.49126222332
0.491520732452
0.491742983977
0.49207204169
0.492441779086
0.492821324082
0.493217181928
0.493641289213
0.494051266929
0.494487263694
0.494789583617
0.495215241538
0.49537445205
0.495596885633
0.495867435114
0.496134077549
0.49654454581
0.496885826786
0.497316442599
0.497735699684
0.498056720881
0.498282240156
0.498381710701
0.498828789373
0.499116973188
0.499374259199
0.49989081575
0.500210931601
0.500577808622
0.500935949622
0.501227523828
0.501642737489
0.502077730513
0.502576726283
0.502949654246
0.503419236798
0.503859426381
0.504269933839
0.504614660174
0.505043047167
0.505523822763
0.505697577012
0.505992762905
0.506352403426
0.506619227859
0.507083160793
0.50738107557
0.507787995713
0.508272942514
0.508533009753
0.509021207446
0.50955804594
0.510058512758
0.510207934523
0.510644081415
0.511096393244
0.511462058275
0.511919906468
0.512192633352
0.512538990066
0.512867941932
0.513225881594
0.513718945565
0.514220762931
0.514633171596
0.515071880761
0.515602476488
0.515683030051
0.516270667
0.51659393898
0.517025211405
0.517395253613
0.517869426035
0.518337572299
0.518773343091
0.519174683203
0.519509244387
0.520005028276
0.520395653437
0.520758567054
0.52099209649
0.521301873853
0.521828582942
0.522206971894
0.522616781696
0.523029407299
0.523627994067
0.52426457327
0.52476020861
0.525261489363
0.525537091169
0.526092094256
0.526590531026
0.527054460875
0.527563140404
0.528042943047
0.528419444904
0.528856280367
0.529469340609
0.530081341498
0.530597795526
0.531086026083
0.531498719939
0.531884266933
0.532421642345
0.532903660484
0.533402291585
0.534009909534
0.534452841433
0.534887284085
0.535331585241
0.535722935898
0.536244040321
0.536711939377
0.537246896833
0.537602743339
0.538009893245
0.538372410316
0.538799290387
0.539245449904
0.539870632395
0.540374621363
0.540798197373
0.541262665538
0.541823587088
0.542428907008
0.542935379919
0.543373712845
0.543659679959
0.544104639245
0.544584861505
0.545049570093
0.545639631658
0.546219840191
0.546677182166
0.547025568747
0.547402464343
0.54789007462
0.548407226079
0.549224101986
0.54973515621
0.550234022109
0.5508505401
0.551214122287
0.551684354186
0.552100105265
0.552737475933
0.553257990454
0.55375972863
0.554324728245
0.554826329244
0.55532574903
0.555862420921
0.55633163199
0.556905842496
0.557437727986
0.557926502417
0.558359939594
0.558938157033
0.559377531849
0.560183432254
0.560696992716
0.561271109768
0.561713878852
0.561959039914
0.562400629113
0.56305370931
0.563699805917
0.564225616479
0.564812840816
0.565474220667
0.566018161778
0.566324799348
0.566808407351
0.567392069831
0.567890253552
0.568361015618
0.568860612535
0.569563285687
0.570202216746
0.570673230687
0.571361697616
0.572086781438
0.572688054867
0.573243659167
0.573945216455
0.574790084592
0.575267801052
0.575373312966
0.576004337843
0.576593960497
0.577399995077
0.577955597243
0.578754604744
0.57911609171
0.579833562285
0.580552028366
0.581129348865
0.581715461828
0.582419905615
0.58311403798
0.583801095362
0.584442305631
0.585023553589
0.585694268282
0.586302298274
0.586946440103
0.587591350603
0.588233779988
0.589123025167
0.589795574839
0.590413393055
0.591043100013
0.591611273972
0.591899946063
0.592530139536
0.59298275743
0.593511861149
0.594185444871
0.594675299366
0.595350851994
0.596221304403
0.597077310993
0.597546854204
0.598274721952
0.59916993681
0.599889143073
0.600726951969
0.601414496008
0.602230244961
0.603095001222
0.603812750305
0.604652304736
0.605193444076
0.605697607859
0.606391440981
0.606995029144
0.607687747331
0.607953765299
0.608660618913
0.609412932562
0.610330028512
0.611009147405
0.611991028542
0.61282896757
0.613448740351
0.614079795772
0.614677612333
0.615446693605
0.615904684663
0.616791199133
0.61730296195
0.618005244978
0.618799236731
0.619309436143
0.62000786121
0.62052348759
0.621346128937
0.622060345081
0.622599290922
0.622978438276
0.6234850577
0.624041989348
0.624937312026
0.625482324852
0.626138793267
0.626860652028
0.627505583887
0.627931211325
0.628778154373
0.629328799194
0.630041834279
0.630920347296
0.631646532657
0.632541507123
0.63336005316
0.634011694789
0.634244267079
0.634681275504
0.635521952898
0.636302362312
0.637183700854
0.63812089242
0.639277661347
0.640007688037
0.640583983343
0.641423862799
0.642318914652
0.642766550489
0.643650727867
0.644573212915
0.645525477984
0.646462043931
0.647287226552
0.64834014697
0.649006612352
0.649855701798
0.650869269551
0.65177699028
0.652634364412
0.653088751408
0.653773222411
0.654657726997
0.655382124412
0.656248301413
0.65707082648
0.657170284511
0.65800406923
0.658440358159
0.659275427765
0.660103428931
0.661150422854
0.662019533903
0.663010113109
0.664252968403
0.66512437853
0.665859449313
0.666841588683
0.667111874451
0.668135930207
0.669113920161
0.669893462572
0.67097595947
0.671829704813
0.672756894365
0.673655087005
0.674806081761
0.675785873413
0.676657431516
0.677221963189
0.677948176877
0.678837450346
0.679834571767
0.680576660281
0.68120123321
0.682527819642
0.68351906375
0.684466338332
0.685421594573
0.686467517578
0.687326908391
0.68868068209
0.689864036656
0.691204090181
0.692357688624
0.693524896102
0.6943138978
0.695402552282
0.696185642506
0.697307264381
0.698279647455
0.699531040215
0.699415492493
0.700096239131
0.701252684549
0.702342588648
0.703505485026
0.705023091812
0.706119119342
0.706733578862
0.707876538664
0.708928929745
0.709841168967
0.711282648068
0.712411037962
0.713576153238
0.714733126394
0.715660171678
0.716600037433
0.717848843248
0.718877400447
0.719774910672
0.720982766436
0.722392562142
0.724092394096
0.725564915189
0.72680107751
0.728862349212
0.729955243128
0.731049923482
0.732043069843
0.732733558674
0.734007288252
0.735187094012
0.736972176362
0.738144940779
0.738724407938
0.739110900182
0.740386169896
0.741330523985
0.74237886879
0.74363989712
0.745020958489
0.746662058553
0.747617016174
0.7476470583
0.749029756278
0.750377946423
0.751949226566
0.752034302067
0.753694618089
0.754111418588
0.755637517126
0.75725896152
0.758591344573
0.759737811301
0.760658382517
0.761721027992
0.762691165373
0.764263287357
0.766126017112
0.767500781249
0.768558831146
0.770066758755
0.77149580567
0.772951957536
0.773825873936
0.775322502406
0.776729539781
0.777988899775
0.779592336527
0.781020175592
0.782829504011
0.783806650491
0.785973039964
0.786730655551
0.788451547954
0.79012475295
0.790492073154
0.79221326995
0.794317427614
0.796845777012
0.798901761535
0.800861910624
0.802211062534
0.804632388538
0.80656035527
0.808119893787
0.809488617958
0.810348658856
0.811944364879
0.813062059372
0.814502489063
0.815843460028
0.817499894595
0.819294871843
0.821396389767
0.823608867394
0.825168433768
0.827324255499
0.828872616582
0.830532600287
0.832033953339
0.833893799199
0.834890658011
0.836425888826
0.83815813624
0.839732977381
0.840880008662
0.842170699695
0.843435720987
0.845587479234
0.847593240417
0.849431460349
0.851578866629
0.853203223134
0.854707521837
0.856686583851
0.858902392957
0.85981838913
0.862115506622
0.865018762116
0.86729900256
0.869072107672
0.871990831859
0.87376021249
0.875425074635
0.877723961284
0.880617344121
0.882684371557
0.885072661914
0.88714124825
0.888798904357
0.890827454378
0.893181017213
0.89484295485
0.896800405026
0.898131911028
0.900573929998
0.902926997747
0.905590696
0.907941952361
0.910673398186
0.913082530825
0.914392241294
0.916361028182
0.918479905773
0.921224200034
0.923316640188
0.925073715583
0.926744786226
0.925755173544
0.927905659084
0.928344649493
0.931064943631
0.933476141179
0.93645522914
0.939221789002
0.941864123784
0.943900772246
0.94581009304
0.9480797701
0.949980257567
0.949189639451
0.951828477994
0.953954472581
0.956578835072
0.958435431436
0.961328616232
0.963878081368
0.966715440686
0.97046420525
0.972211245049
0.974854800593
0.978477868286
0.982680185517
0.985036402266
0.987030263551
0.990658007352
0.992837542977
0.996462590491
1.00056358708
1.00380843413
1.00745780175
1.01073073614
1.01437111325
1.01687069853
1.02039723076
1.02225075852
1.02609958049
1.02962868443
1.03187509662
1.0338136541
1.0381516035
1.04406989012
1.04750168482
1.05109854289
1.05363370778
1.05686422171
1.0604002826
1.06433369233
1.0671138373
1.06828122531
1.07118450114
1.07339382246
1.07864164928
1.08167392631
1.08598691927
1.09008737307
1.09499964595
1.09756131076
1.10206409905
1.10551730296
1.10844132835
1.11319314584
1.11824922862
1.12235647557
1.12614496588
1.12886650239
1.13212299565
1.13695294156
1.1427461828
1.14723801385
1.15075275327
1.1544267767
1.15887709912
1.16474775939
1.16996828858
1.17627967727
1.18179296733
1.18610256431
1.19273196966
1.19780865453
1.20335810665
1.20992522787
1.21347395667
1.21813412652
1.22279968625
1.22679464362
1.23122234004
1.2381157859
1.24219113231
1.24893673102
1.25376795402
1.26076633695
1.26785298715
1.27040258195
1.27446797597
1.28490977685
1.29480061692
1.30241457457
1.31187964106
1.31555713868
1.31944026986
1.33109437421
1.33946391523
1.34990264677
1.35776141492
1.36500629035
1.37221139219
1.38147973075
1.39037081964
1.40200558219
1.4136142547
1.42257717931
1.43139779526
1.44164236963
1.45193884697
1.45870460825
1.46558806591
1.4783881757
1.48589582392
1.50166162763
1.51309128953
1.52617270677
1.53817476711
1.55074533217
1.564552438
1.57641569891
1.58154220146
1.58942075832
1.60441664726
1.6216571168
1.63499312514
1.64356552105
1.65172122456
1.66367274968
1.67567125425
1.68871886808
1.70473871571
1.71736049835
1.73173338936
1.74694238119
1.76230722334
1.77268920821
1.78550026556
1.80255867647
1.8309270853
1.84844062575
1.85845112929
1.87364363292
1.89374634997
1.90901623825
1.92315633474
1.95322543846
1.98092407251
2.01525057331
2.04285023931
2.0679191638
2.08573068161
2.1295638631
2.13582571821
2.15551406344
2.17560403447
2.18629073108
2.22428859133
2.23962595165
2.26378211033
2.29366315799
2.31796821871
2.32158807025
2.35562396927
2.37444695896
2.39377884561
2.4216871648
2.45525976522
2.52681542953
2.5716090139
2.65983910974
2.7127904131
2.75543349809
2.79025155535
2.85033824295
2.89624747248
2.8971448833
2.93396662393
2.95183229709
2.84031571432
2.8411007954
2.7022884255
2.26015708963
1.84562153209
1.13954907385