0.254887133363
0.29147816583
0.303391389398
0.311215092087
0.317040173628
0.321814866109
0.32583307378
0.329331083618
0.33236853338
0.335168980029
0.3376886234
0.339996060927
0.342171054606
0.344174849133
0.346082975423
0.347843682575
0.349529815169
0.351072336091
0.352548634195
0.354012272247
0.355435119276
0.356795182677
0.358076464884
0.359294894045
0.360497595584
0.36165617355
0.362788242802
0.363875589136
0.364904909416
0.365952938295
0.366923635099
0.367946324331
0.368882678245
0.369772090815
0.370660192468
0.371552080131
0.372445244668
0.373330290735
0.374152931058
0.374960242415
0.375809613644
0.37664054763
0.377426119779
0.378213712349
0.378961863965
0.379710148944
0.380436759063
0.381177594746
0.381876953037
0.382609004994
0.383308151757
0.384029500825
0.384727474389
0.385382362741
0.386055931919
0.386721962606
0.387402242405
0.388043819976
0.388713917835
0.389375580522
0.390014804169
0.390629935055
0.391252851021
0.391878898874
0.392455031054
0.393022554992
0.393657666209
0.394242890992
0.394820239464
0.395428872283
0.395962591391
0.39656588255
0.397155022612
0.397727468961
0.398320728011
0.39889341389
0.399452755104
0.400023125211
0.40054660528
0.401083047158
0.401684047332
0.402207209784
0.402713209723
0.403277656177
0.403824171887
0.404363039607
0.404834612651
0.405373846329
0.405901046433
0.406476681818
0.407004619059
0.407516274499
0.407998721644
0.408507366467
0.40902964533
0.409568034511
0.410086698778
0.410623810339
0.411114367728
0.411596162807
0.412067763895
0.412565005638
0.413089699958
0.413580906648
0.414122915957
0.414591868626
0.415093806034
0.415566937871
0.415997650383
0.416503820888
0.416976644446
0.41742237486
0.417900911151
0.418364808311
0.418854068085
0.419333134152
0.419789161051
0.420297064997
0.420749505313
0.421234930704
0.421718405326
0.422184214007
0.422631386495
0.423099307068
0.423582269559
0.424069406494
0.424532556842
0.424992886303
0.425473988346
0.42595007082
0.426378849669
0.4268355226
0.427266230136
0.42773746597
0.428247277253
0.428754253007
0.429218695331
0.429684992995
0.430172864148
0.430579615658
0.431039049162
0.431509668984
0.431959995471
0.432420421371
0.432850048583
0.433325968839
0.433727307515
0.434205743202
0.434686607353
0.435109775151
0.435567488926
0.43603954271
0.436443037669
0.436887009623
0.4373022992
0.437741102331
0.438202698774
0.438681786598
0.439128867381
0.439591437993
0.440012590959
0.440481797929
0.440931383301
0.441372165912
0.441774460611
0.442244306125
0.442686569908
0.443142791742
0.443546733445
0.443975310604
0.444400746125
0.444803966549
0.445254313116
0.445725400167
0.446214688
0.446590308726
0.447033504211
0.447429581334
0.447849933479
0.448294262257
0.448692918059
0.449160374598
0.449503593219
0.449884368455
0.450297320248
0.450735444772
0.451104286511
0.451519628041
0.451962717142
0.4524091879
0.452865146119
0.453301847626
0.453726430908
0.454141113492
0.454572447716
0.455007588786
0.455443626021
0.455882183532
0.456319914911
0.456732879207
0.45716277677
0.457537250662
0.45791450045
0.458359736262
0.458851148012
0.459250623645
0.459704311851
0.460016057574
0.46039512849
0.460795167113
0.461205117454
0.461585206814
0.461940627661
0.462325234843
0.462706801605
0.46309183009
0.463421716957
0.463863078064
0.464271341002
0.464663566127
0.465122073778
0.465463978659
0.465857108561
0.466305730529
0.466710344516
0.467055763113
0.467448904987
0.467886191006
0.468290967263
0.468770810091
0.469226254716
0.469659058066
0.470079476785
0.470473731531
0.470819968158
0.471227773767
0.471614303279
0.47208206508
0.472452861619
0.472804499643
0.473174112085
0.474046916157
0.474463986204
0.474864270304
0.475267721803
0.475652399099
0.476054505924
0.476453436861
0.476842949829
0.477188383371
0.477532483226
0.477776153849
0.478147209831
0.478491970288
0.478807687311
0.479168987177
0.479546152401
0.479902791274
0.480291922665
0.48068599721
0.480965988962
0.481320586361
0.481658875114
0.482055490708
0.482419070484
0.482809476127
0.48313606565
0.483522666081
0.484041757941
0.484363671426
0.484770007112
0.485072131808
0.48535173436
0.485738655277
0.486035900116
0.486392224333
0.486676812734
0.48705273636
0.487401389555
0.487753500415
0.48809246883
0.488474891923
0.488795681834
0.489111962871
0.489469993491
0.489838046037
0.490159199994
0.490454023587
0.490841140523
0.491187449318
0.491446334627
0.491843077174
0.492189689964
0.492586322454
0.492959648084
0.493244421131
0.493554987465
0.493831714638
0.494224425932
0.494623233722
0.494942453494
0.495274126016
0.495628532314
0.495939432418
0.496353860945
0.496729240872
0.49704697125
0.497414505282
0.497770588988
0.498164979785
0.49857970511
0.4989546946
0.499411185082
0.499818422004
0.500242750492
0.500719738346
0.501164101605
0.501628022264
0.502099768753
0.502525339412
0.502958382954
0.503356744422
0.503772887313
0.504161202564
0.504573212032
0.504891873041
0.505207087749
0.505583337625
0.505953159185
0.506361601913
0.50675308652
0.507149593954
0.507563761088
0.507936586548
0.50826225511
0.508631345116
0.50904861144
0.509346367938
0.509741640855
0.510108381282
0.510989934005
0.511401895799
0.511828318303
0.512172959662
0.512536855382
0.512934867263
0.513289228518
0.513612795986
0.514020080588
0.51441496002
0.514865895099
0.51526391946
0.51566843618
0.516087078011
0.516514191479
0.516894444684
0.517288395759
0.517667327511
0.518035927411
0.518436503129
0.518804873958
0.519177777811
0.519488557956
0.519893476702
0.520298175758
0.520576740507
0.520970577027
0.521340407841
0.52165456277
0.52200340449
0.522338129123
0.522708562184
0.5230822841
0.523472319039
0.523876348884
0.524283584596
0.524673431959
0.525106544867
0.52552827559
0.525869714598
0.526304493887
0.526678094902
0.527109999601
0.527418210611
0.527836844317
0.528240006544
0.528709240889
0.529152114644
0.529598920463
0.530010432536
0.530376406753
0.530795572932
0.531194790323
0.53153695017
0.531933191862
0.532339386395
0.532730864663
0.533006862192
0.533418985351
0.533793865377
0.534205348916
0.534637452222
0.535006856089
0.535365746188
0.535777839496
0.536271762083
0.536674576646
0.537089729766
0.537528099651
0.537897270774
0.53836579923
0.538746390417
0.539113798712
0.539427852256
0.539845258887
0.540244204197
0.540686153243
0.541077049906
0.541518351333
0.541963067135
0.542308458009
0.542748353252
0.543186547072
0.543595288922
0.544026966419
0.544452458384
0.544919414365
0.545309304904
0.545790113117
0.546230844654
0.546723667729
0.547220988667
0.547698837294
0.548145089916
0.548585567313
0.549047781898
0.54946926509
0.549953733695
0.550394017544
0.550826945537
0.551262507891
0.551663728895
0.552101609273
0.552596915826
0.55300811735
0.553300594133
0.55374647182
0.554228052993
0.55466806008
0.555095685833
0.555559071622
0.556044842249
0.556583622211
0.557087647858
0.557630670883
0.558182506143
0.558658571143
0.55902219465
0.559505331795
0.560076177754
0.560629301637
0.561297592623
0.561885998753
0.56233921991
0.562798353569
0.563298837603
0.563782529227
0.564183964284
0.564700867739
0.565192656379
0.565683836024
0.566197440235
0.566673551791
0.567176484362
0.567703337875
0.568184743277
0.568665808243
0.569029783065
0.569491217089
0.569935368595
0.570390066683
0.570915185215
0.571374731423
0.571985773056
0.572503328149
0.573000346969
0.57354788184
0.573893079388
0.574425377872
0.574976130987
0.575462383062
0.576002485548
0.576549262263
0.577023710794
0.577594353073
0.578074935319
0.57865096442
0.579198318393
0.579786529
0.580381429065
0.581024492831
0.581565036371
0.582181842467
0.582738721105
0.583358233252
0.583953515654
0.584496939112
0.585167656526
0.585747452106
0.586493960929
0.587182076507
0.587804052554
0.588494997596
0.589138013964
0.58972051136
0.590590655297
0.591317473114
0.59205522343
0.592656441776
0.593444111696
0.594174127923
0.594867365645
0.59564783285
0.596325858978
0.596976701301
0.597601054047
0.59827830553
0.599073205319
0.59966507806
0.600383229628
0.601167871216
0.601792115056
0.602399318256
0.603137697011
0.603931085588
0.604574634836
0.60527459349
0.60598477402
0.60667516616
0.607422869306
0.608147944352
0.608905857898
0.609671379386
0.610401985684
0.611082536163
0.611874203643
0.612553156798
0.613196248842
0.614043449143
0.614783967113
0.61561648321
0.616421324557
0.617160979609
0.618089689772
0.618705546925
0.619335498534
0.62015853849
0.620805418183
0.621572365838
0.622389317385
0.623182730946
0.623913349846
0.624343487055
0.625221042313
0.626060624858
0.627018672862
0.627866940806
0.628769547929
0.62943004206
0.630089257274
0.630845012187
0.63140494467
0.632337084712
0.633160412803
0.634070708825
0.634889708917
0.635794450667
0.636647284079
0.637500844001
0.638348118007
0.639071193382
0.63973337146
0.640581936492
0.641250626754
0.641954035859
0.642712575992
0.64365158978
0.644672040319
0.645477725091
0.646424651692
0.647383034875
0.648284624489
0.649303442172
0.650162372601
0.650906532338
0.651672414558
0.652825807444
0.653901900071
0.654764649186
0.655657426083
0.656616596649
0.657327137514
0.658117301694
0.658997604952
0.659840706794
0.660883045557
0.661830271217
0.662747054429
0.663748347867
0.664609455763
0.665423647099
0.665959187338
0.667015579325
0.667943452521
0.668733941251
0.669667745664
0.670533897812
0.671570933809
0.672484544698
0.673403552403
0.674325932765
0.675315614207
0.676197839509
0.677353216203
0.678471741469
0.679486848019
0.680551394473
0.681355174009
0.682108859197
0.683324118838
0.684310894849
0.685486502212
0.686410723958
0.687452156091
0.68831057065
0.689409124214
0.690338639795
0.691634128408
0.692606185726
0.693505863793
0.694646973562
0.695786116637
0.696801058165
0.697981632562
0.699041451691
0.700095470555
0.700819374665
0.702025110203
0.702750930098
0.703730545703
0.704953022537
0.705965570642
0.707290937471
0.70860773354
0.709634420301
0.710867555647
0.711958632049
0.712984120521
0.714288972021
0.715236018828
0.716442365725
0.717665948582
0.718919632776
0.720106079232
0.721486147058
0.722652205455
0.72359300164
0.72481130292
0.725597892389
0.726966228242
0.728152428076
0.729420537521
0.730351086742
0.731506184933
0.732738397871
0.733986221523
0.735171275889
0.736221593793
0.737291160503
0.738219159631
0.739486408137
0.740561768233
0.741833201201
0.743134217002
0.744455868527
0.745701445345
0.747063051311
0.748229029477
0.749321924749
0.750472851294
0.751615517813
0.752704721186
0.754147710921
0.755504258799
0.756376784216
0.757840702295
0.7592084259
0.76019894626
0.7614292987
0.762654911327
0.764067064989
0.765459461811
0.766759493121
0.768039178829
0.769124847949
0.770311732324
0.771937546982
0.773492936741
0.774996942261
0.776291347875
0.777634212839
0.779113747019
0.780314103861
0.781679984156
0.783152946973
0.78472695927
0.786125289079
0.787413439491
0.788472382535
0.790028760932
0.791315796367
0.792475631256
0.79424766073
0.795507782099
0.796859815284
0.798537794273
0.799689589145
0.801146917282
0.802371176775
0.803770833362
0.805632353264
0.807160491628
0.808688734929
0.810398241277
0.811843572288
0.813619198702
0.815578544935
0.817231766757
0.818781646324
0.820112711134
0.821410078571
0.822654470928
0.823900442318
0.825556149627
0.827422815594
0.829053520747
0.830653325933
0.832424658474
0.833918266936
0.835888098326
0.837654797955
0.839631899572
0.840853347612
0.842298053505
0.844140887921
0.846038507204
0.84799065925
0.849718681317
0.851683398289
0.853921925201
0.855629987751
0.857849035963
0.859319839933
0.861058358074
0.862814881499
0.864351442899
0.865981976099
0.867887711113
0.869664162526
0.871368757984
0.87310639849
0.87537972788
0.877075634655
0.878665130143
0.880565570106
0.882835994693
0.884563386538
0.88661983844
0.88874277057
0.890645251658
0.893240682747
0.89502909673
0.897290400498
0.899077354027
0.900950347232
0.903220258738
0.905260862452
0.907590427678
0.909272832938
0.912039232535
0.914092275319
0.916108880354
0.918479799878
0.92033593044
0.923116882154
0.92563827795
0.927728590059
0.92956483367
0.93191902508
0.934603179868
0.937411575943
0.939869767489
0.942227710754
0.944525098346
0.946490469292
0.94868107609
0.951751351759
0.954440684761
0.957211274511
0.95886264718
0.961300446312
0.963915361025
0.966996951891
0.969854412232
0.971858033117
0.97427782879
0.976763295918
0.978455796819
0.979540581175
0.982131217532
0.984303686759
0.986723625411
0.989719435742
0.992554093527
0.995163422905
0.998287922142
1.00060865893
1.00307358389
1.00537138746
1.0082171241
1.01113953755
1.01426948217
1.01723692642
1.01962520806
1.0223250635
1.02588023799
1.02784566218
1.02997594497
1.03304710505
1.03575655894
1.03917458395
1.04184819514
1.0451432069
1.04750732112
1.05015384132
1.05427996274
1.05780190907
1.06099522506
1.06344170966
1.0662463847
1.07020732371
1.07407741619
1.07749376125
1.08164290331
1.08541773298
1.08913323864
1.09214893467
1.0959186223
1.10023578404
1.10376676909
1.10792240432
1.1111308939
1.11508620492
1.11980648227
1.12430480165
1.12875655852
1.13317523282
1.13808053984
1.14319650666
1.14793229904
1.15243803182
1.15618927372
1.16115288202
1.16622148043
1.16993542313
1.17457217696
1.17957232856
1.18355181061
1.18764429301
1.19220021837
1.19765025651
1.20024710036
1.20426767281
1.20815404822
1.21349422271
1.21939022277
1.22457408735
1.23086203957
1.23698206399
1.24296844882
1.24923855489
1.2544253097
1.26004076065
1.26685696087
1.27194469168
1.2778401942
1.28506427269
1.29218549226
1.29884259766
1.30660150933
1.31207247868
1.31630838792
1.32286015866
1.33019384227
1.33803588457
1.34339950203
1.35028262214
1.35519165323
1.36248046587
1.36897626084
1.37533955977
1.38434213012
1.39131696822
1.39928089843
1.41028925736
1.41636863637
1.42303875225
1.43197471611
1.4412596614
1.45149067758
1.46343023305
1.47038365055
1.47991031272
1.4891114903
1.50096322708
1.51078404641
1.51859005534
1.52833979981
1.53890742132
1.54910868169
1.55798916188
1.57077901439
1.57874751112
1.59002319604
1.60177996428
1.61434469199
1.62469166833
1.63700306412
1.64828386854
1.66055746136
1.67463594083
1.68740407324
1.70244046655
1.71479766302
1.73002073293
1.74533930153
1.75936048
1.77572838389
1.79395722154
1.80942490291
1.82440557609
1.8390628867
1.85500338532
1.86903613045
1.88796153918
1.90839094273
1.92834276467
1.94859459734
1.96206536243
1.98149188184
1.99936928947
2.01473478201
2.02959748241
2.0526743622
2.07703964259
2.10116482288
2.1188273855
2.14492006444
2.1676309632
2.1856963321
2.20495833499
2.22909979192
2.24939248578
2.27863752489
2.30195067404
2.3332472135
2.37341111036
2.41459542041
2.44748995786
2.48116241554
2.51624445261
2.53757604596
2.58730604511
2.60779393514
2.64324480766
2.67763862402
2.71589810447
2.71800252843
2.71941688561
2.74136205999
2.73058764731
2.71458116225
2.71678564441
2.74378884312
2.70175253246
2.59625561686
2.53262786941
2.35568385418
1.88187808165
1.26967907263