0.254887126113
0.288395887118
0.298638101337
0.305305064565
0.310554508475
0.315167812558
0.319127247431
0.32273306452
0.325852405233
0.328823645232
0.331528042128
0.334150960739
0.336557803688
0.338800237765
0.340937440834
0.342913503354
0.344826572722
0.346569945467
0.348238696336
0.349867542193
0.351424716874
0.352867355941
0.354123981443
0.355442286926
0.356694456038
0.357845993891
0.359002714006
0.360158156119
0.36124512097
0.362386173675
0.363436690214
0.364465602691
0.365379615735
0.366210649802
0.36703271738
0.367901697747
0.368843403522
0.369723508273
0.370600458771
0.371399464182
0.372316831443
0.373110015625
0.373970696076
0.374742204818
0.375540445802
0.37619491146
0.37696536174
0.37778854381
0.37853622488
0.379255972396
0.379986226376
0.380742961766
0.381492300383
0.382139667477
0.382751060839
0.383498937838
0.384100216716
0.38482486756
0.385466805158
0.386133847298
0.386689227904
0.387283681248
0.387902615896
0.388541747716
0.389172862983
0.389771251736
0.390379660823
0.391053231205
0.39161629745
0.392242082936
0.39287771696
0.393580159713
0.394122494765
0.394612193078
0.395216041026
0.395752869013
0.396298092602
0.396927921609
0.397476798869
0.397987287033
0.398543869603
0.399062673658
0.399549147371
0.40001419052
0.400514727752
0.401045128128
0.401517104888
0.401984180117
0.402426387618
0.402925399387
0.403439702371
0.403970042972
0.404416195047
0.404913696379
0.405441680823
0.405973815068
0.406505704102
0.407061110128
0.407542507509
0.408041982852
0.408514143632
0.409011295891
0.409488117343
0.409889621538
0.410361420529
0.410820622913
0.411297006613
0.411678438274
0.412118109266
0.412518829117
0.41293948365
0.413317529222
0.413697295019
0.414036189328
0.414501440056
0.414888645977
0.415148729964
0.415648233648
0.416062455332
0.416509952591
0.41694689657
0.417325613479
0.417848464833
0.418241782918
0.418688332305
0.419120359085
0.419564103854
0.419871507908
0.420284928571
0.420740744772
0.421091690435
0.421516588453
0.421885239722
0.422291540543
0.422644278529
0.423071451651
0.423515466529
0.423914087439
0.424317886684
0.424676029203
0.425071431003
0.425547429526
0.425977213106
0.426329528971
0.426743878834
0.427194698433
0.427571658361
0.427981997372
0.428545078333
0.428926368766
0.429298097415
0.429641908696
0.430002768288
0.430393195112
0.430826941004
0.431140982523
0.431469025408
0.431890646571
0.432354705196
0.432765775761
0.433154381083
0.433585789812
0.433960544068
0.434318104298
0.434504762257
0.43495278057
0.435336290255
0.435755794445
0.436112100294
0.436441606757
0.43683586988
0.437239472622
0.437636959847
0.437993259945
0.438442309853
0.438785270352
0.439180194603
0.439501224689
0.43989861016
0.440301658294
0.440661549521
0.441020401755
0.44123330959
0.441501946035
0.44182973468
0.442125933002
0.442504839879
0.442871503071
0.443242144802
0.443631000302
0.444064835066
0.444479176827
0.444862384412
0.445268831425
0.445537360411
0.445908003959
0.446318574642
0.446710997793
0.447095287705
0.447516140674
0.447828965136
0.448186387989
0.448619297791
0.449057735363
0.449411109725
0.449744092032
0.450025889383
0.450369616862
0.45077673278
0.451195355319
0.451551306711
0.451824190261
0.452213961419
0.452533007993
0.452894898604
0.45313609886
0.453512870249
0.453819265394
0.454144778299
0.45433964578
0.454723603977
0.455013375698
0.455414701028
0.455783848614
0.456090060526
0.456415233469
0.456808812643
0.457215145734
0.457436808125
0.457827345357
0.458097147356
0.458472011673
0.45882230929
0.459051511779
0.459436369148
0.459752709601
0.460063435108
0.460489974822
0.460847146054
0.461207610407
0.461557548654
0.461817344353
0.462173151807
0.462485007162
0.462932271841
0.463299052544
0.463633701882
0.464059952924
0.464371289659
0.464766473048
0.465101719363
0.465301455483
0.465559596059
0.465919159924
0.466145168067
0.466489574902
0.466753906088
0.467280879339
0.46760402134
0.467943675016
0.468302565504
0.468613444885
0.469011393916
0.469354508255
0.469755204092
0.470114468123
0.470452548705
0.470848395197
0.471174238629
0.471579543732
0.47204743745
0.472255162752
0.472550477862
0.47288891602
0.473242322358
0.473611928283
0.473975992792
0.474385136086
0.474776780212
0.475098638777
0.475451597512
0.475896329061
0.476319968379
0.476652477011
0.476952196974
0.477356166217
0.477773447042
0.477956793847
0.478337918589
0.478733453981
0.479014684247
0.479388695453
0.47971894591
0.480122162238
0.480451078728
0.480831070878
0.481071669173
0.481233841272
0.481531619159
0.48193788812
0.482180329641
0.482647484253
0.483046387813
0.483404498981
0.483789548193
0.48421203022
0.484684801847
0.485145917379
0.485583304189
0.485966910899
0.486310189269
0.486571728707
0.486978707282
0.487342069134
0.487833974541
0.488251762495
0.488549573217
0.488972611515
0.489158300758
0.48952186182
0.489946249279
0.490394869433
0.490814462475
0.491204227999
0.491660980835
0.492071665865
0.492546871439
0.492927014982
0.493218584971
0.49372099622
0.494151767334
0.494328776812
0.494748596062
0.495166273564
0.495531043805
0.495959467062
0.496426368697
0.496669123619
0.49706204506
0.497345453414
0.500208946362
0.500749228944
0.501143370459
0.501605158052
0.501956029184
0.502446911997
0.502877554519
0.50315209474
0.503593643605
0.504128744226
0.50457632619
0.504927572419
0.505287496537
0.505716333343
0.506209730534
0.506475836821
0.506860038431
0.507289437216
0.507685357763
0.508103833513
0.508448003908
0.508749897864
0.509154139866
0.509576556107
0.509860204951
0.510206981379
0.510502293205
0.510893133953
0.511238573131
0.51154850596
0.511858696114
0.512331483085
0.512725037232
0.513029120274
0.513515895782
0.513836382698
0.514185757226
0.514607618124
0.5149936342
0.515448198104
0.515888745271
0.516452187806
0.516815312926
0.517190163075
0.517620003707
0.518083501749
0.518490731632
0.518872342352
0.519258654597
0.519736481466
0.520059594662
0.520501222207
0.520896095162
0.521126827614
0.521487548636
0.521994184195
0.522367158658
0.522737737246
0.522876329595
0.523198723719
0.523627291707
0.523987695642
0.524214549936
0.524640825913
0.525033702559
0.525476785721
0.525918432845
0.52624901465
0.526715419537
0.527201040519
0.527640961074
0.528097751115
0.528358310244
0.528638329001
0.528859562358
0.529424878307
0.529798753204
0.529822063357
0.530291789529
0.530760789895
0.531154371635
0.531518457618
0.531837771893
0.532168832486
0.53262033961
0.533088581536
0.53363405814
0.534070351841
0.534527378118
0.535105671774
0.535641664914
0.536147551605
0.536532884057
0.536984191559
0.537373859225
0.537880479713
0.538149355964
0.538612174942
0.539097378898
0.539297116812
0.539868207232
0.540224738313
0.540363502476
0.540754966453
0.541195211343
0.541702039865
0.542141049627
0.542561142581
0.542871880297
0.543257900885
0.543753930299
0.544267702244
0.54474261047
0.545256695103
0.545846559023
0.54634080813
0.546893816106
0.547119735674
0.547674374868
0.547993434426
0.548618087361
0.549109444612
0.549365531727
0.549562474106
0.549955212725
0.550189619516
0.550515459965
0.550760575705
0.551042428396
0.551333876822
0.551776225463
0.552108866303
0.552498247136
0.552737629066
0.553067038725
0.553371980252
0.553745661205
0.553994201566
0.554293553012
0.554490139215
0.554734962723
0.555048324338
0.555344948202
0.555559014077
0.555761723564
0.556047634936
0.556378222888
0.556611663892
0.556825449433
0.557040761711
0.557211238588
0.557541596672
0.558161906177
0.558397056599
0.558673743921
0.559037389879
0.559499221034
0.559805570188
0.56011208459
0.560260707938
0.560626342968
0.560991097938
0.561477698528
0.561874658308
0.562126860103
0.562380065244
0.562860405666
0.563218418668
0.56358634724
0.564292224226
0.564825519709
0.565324918713
0.565948127714
0.566402385843
0.566967210582
0.567417987255
0.567981707066
0.568576114251
0.568998403043
0.569562037402
0.569711035157
0.570213138994
0.570689431886
0.571313320057
0.57166315342
0.572208756413
0.572661739165
0.573122442447
0.5734609354
0.574140524778
0.574653744999
0.575088853761
0.575534543018
0.576052154819
0.576589151763
0.577151092276
0.577859472018
0.578288885522
0.578649618957
0.579191311358
0.579670242113
0.580107442994
0.58070834067
0.581431225329
0.581752248189
0.582317492018
0.582888464053
0.583265561049
0.583707770768
0.584277565148
0.584962581658
0.585522344714
0.585899641613
0.586325542655
0.586422667117
0.587014481175
0.587635044369
0.587939304976
0.588360367294
0.588923366204
0.589470312649
0.590198208724
0.590732004871
0.591420178808
0.592075509914
0.592818239812
0.593680576841
0.594191118788
0.594672270153
0.595301447882
0.59606465744
0.596552137415
0.596998243474
0.597585966818
0.598311360574
0.599020138554
0.59962797925
0.60030899515
0.60052614445
0.600869835792
0.601732973151
0.60236688633
0.602519805149
0.603002106982
0.603378848001
0.604075995296
0.604851314419
0.605655419402
0.606477419796
0.606946409689
0.607620252953
0.608152850233
0.608902933831
0.609785712205
0.610633229721
0.611280098594
0.611905357959
0.612760453055
0.61360344826
0.614382871216
0.615064010811
0.615472496878
0.616274267092
0.617158604883
0.618081699563
0.618961844662
0.619363740964
0.620021920578
0.620951574853
0.621766289665
0.622429634752
0.623297084407
0.624135191139
0.624905201692
0.625440375858
0.625842872861
0.626908676133
0.627736519877
0.628369958134
0.629318728252
0.63012007517
0.630864362464
0.63172485844
0.632662319824
0.633555182921
0.6343752866
0.635183765748
0.636216257057
0.637280058897
0.637993496042
0.638904837381
0.63968264282
0.639912784533
0.64034714426
0.64086186715
0.64184908109
0.642735647096
0.643969477558
0.644608209092
0.645249250776
0.646376590827
0.647369530574
0.648363777817
0.649520236921
0.650433858831
0.651654120421
0.65133919996
0.65226300533
0.652918902071
0.654113333162
0.654990351329
0.655814935474
0.656941911674
0.658029002201
0.65864786233
0.65937018874
0.660467150137
0.661082236597
0.66221012468
0.663164175493
0.664039118014
0.6652451745
0.666174112983
0.667251951014
0.667963062471
0.66925785506
0.670272567736
0.671177104568
0.671619439097
0.672431378539
0.673079088907
0.674024178636
0.674684787801
0.67536643779
0.67651788978
0.67780986317
0.679118553924
0.68030850401
0.680729935988
0.681402579606
0.682131174218
0.683063590223
0.684465619481
0.685262228921
0.685962735645
0.687245334111
0.688373912246
0.688920748569
0.689336137737
0.690397838039
0.690682432706
0.691468278835
0.692709294694
0.693972977436
0.695773892985
0.696971392708
0.697518763709
0.698715851068
0.69956802326
0.700436545907
0.701527828404
0.702557076569
0.703633560717
0.70450773448
0.705023559806
0.705910511618
0.706949876865
0.707489395819
0.709129026563
0.710148000094
0.7108475285
0.711982529136
0.713121599338
0.714145666846
0.715665128223
0.716873319312
0.717762962121
0.718003517865
0.71853956702
0.719997474351
0.721335072862
0.722001890768
0.723458205822
0.723916840599
0.725387814555
0.726613904149
0.727811957232
0.729072072123
0.730489619809
0.731447627692
0.733267526419
0.734404326257
0.736103311092
0.737326646199
0.738179416891
0.739199191294
0.740723560719
0.741895036615
0.742831517857
0.743835160625
0.74440814069
0.745279278196
0.745999080196
0.747781247655
0.749105315459
0.750035803023
0.751509579349
0.752914425091
0.754100527689
0.755616984007
0.756785940823
0.758343783288
0.758844285091
0.759763516573
0.760839772985
0.762442730361
0.764217855387
0.765490044678
0.766634499877
0.768282816304
0.769165493061
0.771155255139
0.77257920619
0.773653462249
0.775018731832
0.776551767914
0.777865203084
0.779337857213
0.780870447041
0.782381393111
0.784133983097
0.785415245061
0.786761525133
0.788326336721
0.789873814349
0.79133611287
0.793062372262
0.794619339402
0.796082948045
0.797009228804
0.798575674434
0.800219280697
0.802023844779
0.803245829071
0.804937620757
0.806582315382
0.808023289756
0.810071745835
0.811304414425
0.813021410813
0.814739493706
0.815839286572
0.817160160953
0.819124248692
0.821123231749
0.821921268363
0.823002176776
0.825245321911
0.825682180345
0.827236081591
0.829390873016
0.830869783311
0.833078679902
0.835437686923
0.837519543344
0.839181267372
0.841396399542
0.844283510633
0.84667945506
0.848564970838
0.849592377054
0.851337778086
0.852655405521
0.85436870415
0.856303280758
0.858060387861
0.860504222622
0.862904467118
0.864738164652
0.867301352993
0.868923741352
0.87137108545
0.873866839945
0.875491976153
0.877334988405
0.879166029421
0.88095689341
0.882788731561
0.885379163455
0.887705026047
0.890673125145
0.893394243204
0.896222392495
0.896743522425
0.898666317215
0.901055957306
0.902683946299
0.901021548348
0.903556321325
0.903772928139
0.906254143357
0.909196741149
0.911051104094
0.91220246321
0.913934566725
0.91637136791
0.920550756272
0.923503528558
0.92652965919
0.924574147497
0.927678588024
0.929306979881
0.931315129313
0.934082041986
0.936459420177
0.938869787283
0.942748459862
0.946039533969
0.94861583936
0.950926202518
0.955060423092
0.957639313899
0.960167655213
0.963124568243
0.964723980865
0.967478921776
0.971634345233
0.974836423258
0.976516108418
0.979411046568
0.982168604462
0.985033196845
0.986844528381
0.98960627912
0.992543724041
0.995207090573
0.998637791863
1.00066651223
1.00306480184
1.00587347456
1.00980130014
1.0119514689
1.01159706739
1.01455763632
1.01787200056
1.02130578277
1.02589185333
1.03049834953
1.03530562271
1.03928135105
1.04435920458
1.04776425364
1.05034621538
1.05550113885
1.05819961092
1.06241422418
1.06667106362
1.07123527011
1.07641640519
1.08033485183
1.08488607077
1.0899353483
1.09179572265
1.09752379928
1.10299806572
1.10740664424
1.11257269896
1.11743686817
1.12104427004
1.12781927954
1.13303594573
1.13957424019
1.14318880686
1.14718231311
1.1532161593
1.15763929602
1.16487082349
1.16904143636
1.17661285361
1.18330114473
1.19096489052
1.19733623292
1.20581609961
1.20970410954
1.21632874958
1.22412421826
1.23173866413
1.240525095
1.24996437943
1.25534747154
1.26466175188
1.27349169198
1.28431290252
1.29542804746
1.30734575472
1.31624297917
1.32276005245
1.33424870915
1.34606890619
1.35541701412
1.36213465584
1.37284987031
1.38142308461
1.38935728263
1.3960598972
1.40560109642
1.41552114078
1.42724708676
1.44345435953
1.45977603645
1.47213435063
1.48391962485
1.49251066263
1.50658199538
1.5226376244
1.53397272985
1.54886632553
1.57320883587
1.58470168744
1.60293355339
1.61482211297
1.63057328827
1.64812719942
1.67159930402
1.68948366311
1.70915141022
1.73191045119
1.75404936091
1.78007595874
1.81056492783
1.8352144795
1.82767062541
1.84627831957
1.86297654347
1.8837993097
1.91771698396
1.94028064914
1.97412009215
2.01972812337
2.04058941337
2.06801018654
2.09780360235
2.12876938168
2.1659902005
2.21626326682
2.27647577068
2.35299226126
2.38493479295
2.4011797839
2.4608894102
2.55188697807
2.61526491354
2.59631133829
2.60976952866
2.41794890763
2.14355037335
1.75667652387
1.89309356229
1.14641884958
0.586261088093