0.254887135176
0.297629904913
0.310397491488
0.318396746673
0.324087256134
0.328495462902
0.332107429471
0.335356299005
0.33807537574
0.340656315193
0.343013094352
0.345071339622
0.346961421755
0.348730362042
0.350494476483
0.351947203897
0.353579402667
0.355031390626
0.356348947622
0.357814002848
0.359093837527
0.360411892857
0.361658131397
0.36271730979
0.363836773843
0.364976775718
0.366020591289
0.367123870758
0.368125506
0.369173467208
0.370116869822
0.371131159378
0.372169825597
0.373173306992
0.374138245066
0.375046306197
0.375931286189
0.376830832737
0.377628121502
0.378407622719
0.37924978057
0.380083981172
0.380851323899
0.381631869207
0.382401077226
0.383169729893
0.383988144629
0.384710066755
0.385414674597
0.386184945968
0.386987258602
0.387776404509
0.38849993736
0.389185995236
0.389816758187
0.390602638696
0.391371034031
0.392001935015
0.392796549709
0.393468913824
0.394173331481
0.394728194433
0.395295778958
0.396021214482
0.396433708356
0.397025502045
0.397694787287
0.398267514737
0.398903301294
0.399492329621
0.400008540737
0.400629935746
0.401302546491
0.401885318426
0.402436804863
0.403007156031
0.403632581944
0.40422371695
0.40478198839
0.405353511901
0.40597060946
0.40657864312
0.407071825357
0.407726712147
0.408291139131
0.408836452942
0.409402315431
0.409960462965
0.410511282977
0.411212927629
0.411758253393
0.412348070241
0.412946011069
0.413522135835
0.414025625198
0.41460825011
0.415108080476
0.415723479265
0.416258113188
0.416822834487
0.417299050312
0.417818102893
0.418477948505
0.419045229244
0.419680451592
0.420129153159
0.420676593924
0.421158156485
0.42170036927
0.42230396943
0.42282710249
0.423289800023
0.423904054674
0.424452358793
0.424932301049
0.425504613993
0.426027758838
0.426603059918
0.427047784743
0.427531295526
0.428063863134
0.428508290793
0.428817180297
0.429353358341
0.429932161743
0.430596438052
0.431080280133
0.43159265754
0.43215539319
0.432627175357
0.433031166658
0.433445864259
0.433909151955
0.434438879605
0.435110629971
0.435662285004
0.436091104456
0.436519746453
0.437046108896
0.437445747354
0.437936178084
0.438454419341
0.438991492914
0.439490833125
0.439862896194
0.440344561437
0.440754089356
0.441204580529
0.441635706462
0.442093118058
0.442654760525
0.443163632575
0.443644880282
0.444138082994
0.44461628429
0.445042964179
0.445497107749
0.445998622068
0.446486408008
0.4469869244
0.447496646872
0.448055897041
0.448526810111
0.448882141423
0.449210390115
0.44967544571
0.450122884965
0.450624790151
0.451061690848
0.451421686946
0.45193677992
0.452340808647
0.452864372355
0.453384010912
0.453865961517
0.454308752414
0.45475419797
0.45514089329
0.455515040195
0.455970826113
0.45639056304
0.456887365616
0.457252182828
0.45776440256
0.458270150558
0.458713935279
0.459044773434
0.459344695912
0.459830576945
0.460266125783
0.460762626353
0.461069803544
0.461518298088
0.461922396337
0.462439492437
0.462837944213
0.463273460576
0.4636879507
0.4641634909
0.464599618664
0.465042743868
0.465493499331
0.465823639826
0.466186135849
0.466578713838
0.467025938178
0.467542999187
0.46753538251
0.467737766784
0.468134375118
0.468534518701
0.468921247999
0.469353272781
0.469770046138
0.470185923954
0.470617152516
0.470602466481
0.471106705608
0.471517993891
0.471901260327
0.47236957416
0.472774033886
0.473239424164
0.473736612611
0.47414782021
0.474450676357
0.474731583711
0.475175787706
0.475626882831
0.476089588021
0.476651334442
0.477174547184
0.477582500823
0.478088069292
0.478388390929
0.478809940026
0.479214478828
0.479727743797
0.480074876547
0.480643566381
0.481138875105
0.481666885924
0.482130410901
0.482591534544
0.483069931505
0.483591720028
0.484059060711
0.484413779076
0.484834570802
0.485083438345
0.485570459708
0.485828771747
0.4863356705
0.48683868951
0.487184841516
0.487558470659
0.488089163418
0.488399859088
0.488879644103
0.489428840517
0.4897998861
0.490221865996
0.490534601862
0.490954221382
0.491467204661
0.491865655245
0.492331367019
0.492799901655
0.493099788921
0.493510034828
0.494099689721
0.494522958718
0.494740405838
0.495210380012
0.495520146868
0.49599487704
0.496310610669
0.496738569755
0.497110735971
0.497462294537
0.497945045738
0.498382640118
0.498747285173
0.499243169736
0.499768863108
0.500250801989
0.500730350731
0.50114856207
0.501642940246
0.502052261052
0.502496117152
0.502993453918
0.503373826458
0.503880479353
0.504352345375
0.504654141761
0.504983909315
0.505425935058
0.506004280073
0.506470705204
0.506998782368
0.507274199875
0.507632627414
0.507932013682
0.50829140253
0.508675199743
0.508984872069
0.509552713152
0.509825414193
0.510287034867
0.510725287267
0.51112959584
0.511507176047
0.51196755572
0.512348989026
0.51276644265
0.513250533477
0.513746991249
0.514246996602
0.514706812354
0.515189510744
0.515617771129
0.516118190407
0.51653918736
0.517040962261
0.517628604968
0.517603446732
0.518102114916
0.518587892148
0.518933281165
0.519323716375
0.519806641285
0.52038047723
0.520833714748
0.521366544161
0.521846807615
0.522306789298
0.522634150125
0.523122327323
0.523525634279
0.523860883555
0.524153921565
0.524644090151
0.524942582664
0.525313349934
0.525864192825
0.526224634837
0.526783633225
0.527226892996
0.527661783218
0.52826359969
0.528740937948
0.529372900854
0.529795107553
0.530314800312
0.530819623591
0.531244583986
0.531685619097
0.532064920296
0.532510091229
0.532877228669
0.53338168547
0.533524285494
0.53392865653
0.534257184653
0.534406196578
0.534814700911
0.535253253802
0.535597258719
0.535962240594
0.536303668104
0.536658439547
0.537049193129
0.537509461853
0.5379261944
0.538405356748
0.538807775366
0.539285249998
0.539737206433
0.540068705342
0.540537094309
0.54080110907
0.54130034689
0.541766042339
0.54221550517
0.542635566603
0.543063411512
0.543358584757
0.543831509261
0.544249657607
0.544583478927
0.545085184769
0.545525989516
0.546028042245
0.54656980594
0.546846956316
0.547176502619
0.547408352613
0.548075407061
0.548614346151
0.549048148314
0.549349314044
0.549726707247
0.550298135262
0.550828664197
0.551263343317
0.551624734855
0.552139634186
0.552638852163
0.553237515837
0.55395910767
0.554378882497
0.554776747768
0.555328651867
0.555947680076
0.556361647179
0.556933075215
0.557602580669
0.557925984964
0.558615707948
0.558994836027
0.559569475772
0.560217601164
0.560875899821
0.561216221322
0.561788532799
0.562140123402
0.562589445261
0.563195322158
0.563466644061
0.563952358956
0.564665745515
0.565338230111
0.565777949631
0.566372906963
0.567052046786
0.567939951731
0.568633395506
0.569071072249
0.56965129102
0.57034767604
0.570859073427
0.57153198658
0.572211118449
0.572698587085
0.57277220047
0.573324896908
0.57405511361
0.574698123887
0.575399304745
0.575904389566
0.576521581324
0.577050544023
0.57763628843
0.578203079784
0.578843089062
0.579247408959
0.579782398481
0.580065726424
0.580442580276
0.580738146611
0.581747776353
0.582174414345
0.582585878685
0.582802281522
0.583051834269
0.583505505189
0.583752700097
0.584049649671
0.584224241652
0.584726697046
0.585165393996
0.585527685054
0.586113903202
0.586583416429
0.587255541765
0.587747875617
0.587958433182
0.588310391872
0.588778258634
0.589304253833
0.589945351965
0.590463509649
0.591184161978
0.59158151265
0.592200239452
0.592966158323
0.593530036419
0.594291101444
0.595107004568
0.595734484372
0.596366293404
0.597194358076
0.59757319108
0.598418158678
0.599107002741
0.59966752456
0.600465765157
0.601310465346
0.60220256758
0.603034603296
0.603630187555
0.60440914947
0.604995787022
0.605837511706
0.606722624472
0.607562748793
0.608357591076
0.608895172763
0.609662024948
0.610258928434
0.611170540902
0.611671431218
0.61253505248
0.613310720663
0.61419705709
0.614961745176
0.615742907591
0.616609008306
0.617452837941
0.618065143163
0.618854362
0.619804290691
0.62062293165
0.621576660429
0.622223150561
0.622830342566
0.623582923144
0.624347487374
0.625209436786
0.626183302381
0.626860203471
0.627536551208
0.628298869415
0.629362018438
0.630178953325
0.630596786387
0.631434791254
0.632242860297
0.632986668449
0.634064947895
0.635027900447
0.635876367888
0.63688876849
0.637575868065
0.638471351004
0.639241852867
0.639652785594
0.640663677099
0.641651416416
0.642465437808
0.643240974355
0.64433776782
0.645195062261
0.645769684726
0.646489499864
0.647302128817
0.648284897694
0.649094805506
0.649854057728
0.650809134304
0.651734319591
0.652642624288
0.653598795717
0.654432283936
0.655501908952
0.656182079809
0.657126407113
0.65800873757
0.658440640597
0.659364178536
0.660168040881
0.661146397247
0.662147703396
0.662916906399
0.663734417635
0.664885238952
0.665546813906
0.666669068887
0.667609891197
0.668479593126
0.669187413127
0.670105772716
0.671007897647
0.671746129968
0.673118620206
0.674212739077
0.675342838164
0.675919346957
0.677111193014
0.678404567692
0.679564514787
0.680706342451
0.68147328086
0.681778775813
0.682378113552
0.683963587104
0.685118872229
0.686052216882
0.687091647916
0.687997560692
0.689015382047
0.689509080911
0.690364995205
0.69121374048
0.692352648422
0.693702681891
0.694604263803
0.695319811501
0.696399493273
0.697171041723
0.697747837317
0.698821142362
0.699684104423
0.7004045279
0.701567677415
0.70247956131
0.703704437445
0.705007559952
0.706594160837
0.707247538632
0.708569787759
0.709139575794
0.710459452762
0.711459474642
0.712484568235
0.714004118133
0.714560583926
0.715306580593
0.716588705873
0.71735092837
0.718038010483
0.718868714599
0.720596792217
0.721871260695
0.722648317841
0.723930042104
0.725491189089
0.726648359519
0.727639208412
0.728654814981
0.729835033408
0.730752383549
0.73198151575
0.73309101664
0.733902006674
0.735014024211
0.736156949906
0.7375667489
0.73841011051
0.739800272815
0.740500439932
0.742123826076
0.74360569481
0.745095562312
0.7465898309
0.747804444829
0.748843404958
0.750185167135
0.751265170743
0.752633406982
0.754494259225
0.75609959621
0.757682453989
0.759562379724
0.760436733365
0.760810344239
0.761672471824
0.761875038918
0.762873992241
0.764491846786
0.76605655278
0.766938330789
0.768030077921
0.769631714038
0.771164055091
0.772082514288
0.773072600121
0.774467800216
0.775344739924
0.776631212753
0.77830682237
0.779855109148
0.780962174046
0.782602575607
0.783908393667
0.786138337318
0.78731709052
0.78849621086
0.79009390969
0.791505984904
0.792447311832
0.794402601995
0.795543142895
0.793742680952
0.795152123478
0.796256887704
0.797184760896
0.798640004497
0.800074313451
0.801820121502
0.802984093613
0.803887189174
0.805452156301
0.806624146176
0.80811196999
0.809496747673
0.811680146802
0.812972366674
0.814203119464
0.815806614775
0.817767187973
0.819409093162
0.820940588089
0.822605905997
0.824883168575
0.827443921571
0.828739373533
0.830432407938
0.832084283606
0.833367524959
0.834400765825
0.836190149659
0.837590134429
0.84015597351
0.842215980065
0.84339921958
0.844981209181
0.845882525125
0.847775894817
0.849431408231
0.851649782531
0.853440982009
0.85423878775
0.856511470652
0.858568393112
0.861318168587
0.86351520696
0.865810520265
0.867357288467
0.869051116736
0.870638316759
0.870354565574
0.870917978582
0.872967821042
0.875003634589
0.876803767556
0.878973607051
0.880216237889
0.882485785514
0.884605449575
0.887546774402
0.888818786723
0.890671101505
0.893096622091
0.894741125194
0.896540201788
0.89819296892
0.900441286185
0.903098167322
0.905809638739
0.908286589321
0.910513740123
0.913008590452
0.914917869816
0.915930587168
0.91768834491
0.920055426407
0.92227907198
0.924525681614
0.926829839465
0.92989553695
0.933185526353
0.934410739
0.936594082478
0.939224273704
0.941127636141
0.943521776623
0.944994408327
0.946613384761
0.948867153307
0.951390043964
0.954572882826
0.957266649231
0.9590493984
0.961619091227
0.962567214881
0.965535196811
0.967098934868
0.96976922438
0.971688018485
0.975420066408
0.977968033576
0.980738282014
0.983450724211
0.986194257029
0.987745973846
0.989711480638
0.992063596761
0.995897695956
0.998998934203
1.00081031751
1.00392097085
1.00649317103
1.00869454207
1.01233081765
1.01592178732
1.01875727288
1.02155897841
1.02218903234
1.02608720095
1.02981341103
1.03453532103
1.03870584532
1.04032545594
1.04355214713
1.04785337169
1.0493621499
1.05027674499
1.0530126423
1.05396093818
1.05516863468
1.05836270913
1.06216679193
1.06468798408
1.06883308553
1.07199308347
1.07624665966
1.07994736857
1.083512203
1.08633829416
1.09032932071
1.09238046467
1.09563808944
1.09872910779
1.10238192899
1.10154455036
1.10501626421
1.10779263104
1.11207707814
1.11573753867
1.11932253031
1.12438071418
1.12541166915
1.12709778211
1.13167499298
1.13583534362
1.13771763038
1.14151694757
1.14513045574
1.15050688535
1.15593079074
1.15907580871
1.16484607691
1.16833027544
1.17120334298
1.17340156659
1.17783155218
1.18205559594
1.18729032725
1.19140791632
1.1977611771
1.20303649831
1.20782567213
1.21485390432
1.22143532039
1.2275724645
1.23316302977
1.2396016406
1.24511464456
1.25017666806
1.2544383696
1.26185344752
1.26880732495
1.27172666954
1.27741060986
1.28370003508
1.28986484818
1.29527931524
1.30079712396
1.30791942822
1.30998209688
1.31738938259
1.31768079533
1.3231254501
1.32989434382
1.33320898495
1.3399776533
1.34783458019
1.35465931186
1.36013772428
1.36685182992
1.37571652883
1.38320058317
1.3882942102
1.39455100049
1.40577585179
1.40881399871
1.41847937349
1.42834133515
1.43439207431
1.43918768602
1.44844263171
1.46075899569
1.47428371935
1.47980391781
1.48293010734
1.49269624545
1.49951393876
1.50837295188
1.51482419723
1.52325036572
1.53147854047
1.54374055603
1.56072698561
1.563327525
1.56967846514
1.57932168137
1.58941038121
1.60042553657
1.61565322035
1.62583149813
1.63300784594
1.64387928954
1.66073395513
1.67421154698
1.6846051717
1.69875758418
1.70890282444
1.72033658307
1.72679620594
1.74397432258
1.7514149698
1.76308577674
1.77209194842
1.7836913378
1.79704771487
1.8119636118
1.82640542753
1.84064382326
1.86601994867
1.88409604715
1.89254658352
1.90823429276
1.92419155264
1.93939660196
1.95547941046
1.97281957145
1.9959127586
1.99815578454
2.02419494617
2.05079239908
2.06779618398
2.07955117993
2.10992777538
2.14209436442
2.16955770713
2.19162772835
2.21381976411
2.23798787361
2.26451949733
2.28342009455
2.27903251971
2.31162074932
2.35277636198
2.38237016364
2.38861763068
2.42132954795
2.42695604032
2.43827906203
2.44453057361
2.47650260716
2.4878435803
2.51986104799
2.53668138892
2.55571351056
2.58727991685
2.62889483421
2.66134151559
2.719273656
2.74861532054
2.80272237967
2.79995182489
2.79867213136
2.85351915985
2.8868200471
2.90997348073
2.96537655629
3.01894783239
3.01704594159
3.01613920383
2.88442033533
2.87150423672
2.82520261541
2.86840418764
3.03028392313
3.08490694358
3.18220884667
2.80234442518
2.18324247836