0.254887135176
0.285145444947
0.296409659015
0.303807729914
0.30931731992
0.313770624335
0.317542862933
0.320850428631
0.323684738178
0.326096983035
0.32837730878
0.33043241195
0.332279337826
0.334057049961
0.33573315633
0.337359885831
0.338837216086
0.340341501332
0.341563395118
0.342893734728
0.344169102581
0.345427206948
0.346580400996
0.34766933795
0.348804505824
0.349880622261
0.350767300021
0.351832692885
0.352843673821
0.353854079545
0.354774000237
0.355779824585
0.356758578697
0.357725915695
0.358545674054
0.359429182265
0.360333842735
0.361142851993
0.36196492402
0.362792165227
0.363554328532
0.3644026277
0.365187796417
0.366022460214
0.36672504486
0.367542701569
0.368264685361
0.369006227302
0.369762214371
0.370518271378
0.371156295617
0.371944031018
0.372651983301
0.373373743229
0.37400980444
0.374671731477
0.375375980512
0.376112281659
0.376828276707
0.377511189425
0.378171396652
0.378874744956
0.379563097836
0.380229028275
0.380891195305
0.381534361915
0.38210395929
0.382603437791
0.383235523267
0.383932844238
0.384561931909
0.385222861507
0.385843533847
0.386381443956
0.386876050914
0.387503452979
0.388093547492
0.388649397973
0.389242855333
0.389811854981
0.390350609343
0.390880966072
0.39143806816
0.391837960431
0.392396695839
0.392875676175
0.393421016595
0.393934299755
0.394444245133
0.39494868338
0.395521700229
0.396018847251
0.39653021421
0.396992114813
0.39756090602
0.398058744893
0.398601997971
0.399152213677
0.39948079644
0.400020362518
0.400364510569
0.400873511414
0.401328342385
0.401845090539
0.402307348621
0.402735807799
0.403201837401
0.403643913677
0.404191730898
0.404700007635
0.405254248141
0.405627767625
0.406177330576
0.406610113633
0.407069848203
0.407520750082
0.408003661598
0.40857986645
0.409052068406
0.409504851951
0.409966197776
0.410421306294
0.410903403101
0.411297927252
0.411701062943
0.412155398604
0.412623891639
0.413041655717
0.413413823172
0.413864263336
0.414374483472
0.414793315965
0.415256770671
0.415738198081
0.416217567842
0.416668709802
0.417031768501
0.417421598801
0.417916387982
0.418293389649
0.41870983091
0.419206148
0.419708657857
0.420247212263
0.420727603304
0.421098785763
0.421620041377
0.421951127069
0.42240622669
0.422828002114
0.423324943091
0.423708909646
0.424198799805
0.424651093176
0.425047911708
0.425451041183
0.425998947651
0.426404018655
0.426851466594
0.42732436586
0.427684092203
0.428171074557
0.428496570838
0.428927907131
0.429312127826
0.429720973801
0.429958614495
0.430370497486
0.430787659744
0.431222148888
0.431569863931
0.43205107337
0.432497060205
0.432979852642
0.433412378993
0.43399632776
0.43446629012
0.434879981255
0.435343648839
0.435922959842
0.436358359522
0.436859533881
0.43736313448
0.43779133351
0.438076917587
0.438467204284
0.438906976199
0.439394287361
0.439850813873
0.440357296242
0.440818496673
0.441189236142
0.441716850969
0.442187469162
0.442471148123
0.442711874029
0.443177412752
0.443414770866
0.443807587539
0.444351464939
0.444824528042
0.44543688972
0.445883464699
0.446296062284
0.446795725071
0.447322791995
0.447760029618
0.448275442811
0.448664322493
0.449204310996
0.449716167793
0.450168780944
0.450589710036
0.451040866708
0.451530931491
0.452019526114
0.452569606113
0.453042784428
0.453537270124
0.453978250296
0.45429449973
0.454643952674
0.454969719581
0.455440493176
0.455860211232
0.456357477328
0.456763844659
0.457218871223
0.457638487579
0.457952319396
0.458318948983
0.458660205455
0.459017709871
0.459377815346
0.459715598058
0.460086978355
0.460435120095
0.460818165446
0.461143089728
0.461566231492
0.461982643315
0.462222644646
0.462642924066
0.462966732348
0.463327212492
0.463785232971
0.464047081281
0.464330496737
0.464717032772
0.465157609075
0.465460721985
0.465790896321
0.46621545591
0.466609023636
0.466933703924
0.467285824811
0.467554891372
0.467900664791
0.468225835065
0.468464835276
0.468859568691
0.469202443509
0.469565758558
0.46990537713
0.470165234611
0.470550580879
0.470936685376
0.471285630072
0.471674462321
0.472036665709
0.472309954545
0.472507439909
0.47279869846
0.473148188774
0.473426322644
0.47379432435
0.474108905998
0.474516140068
0.474795680529
0.475098186855
0.475414200385
0.4757597884
0.476106891403
0.476233594368
0.47657124861
0.476963583271
0.47722623041
0.477607233714
0.477915200123
0.478309929517
0.478731518002
0.479137535645
0.47950483182
0.479849911958
0.480762040083
0.481143398409
0.481351440825
0.481607041672
0.481929053482
0.482199986075
0.48258747571
0.482884823978
0.483255944077
0.483507732812
0.483813908493
0.484086523003
0.484519621432
0.484805467383
0.485096548335
0.485481518788
0.485900099002
0.486301175391
0.486638467269
0.487059031261
0.487475960269
0.487941918066
0.488433516332
0.488485947634
0.488953903813
0.489279362536
0.489759567993
0.490253569595
0.490636207711
0.490983870554
0.491297072876
0.491734736988
0.492195134707
0.492432989623
0.492698195691
0.493133135969
0.49342853374
0.493906716888
0.494187107937
0.494380870439
0.494843693242
0.495284948855
0.495770438926
0.496170707135
0.496663300294
0.496762021828
0.497123444152
0.497638308383
0.49798194553
0.49840699644
0.498876922779
0.499290180826
0.499631068609
0.500099633244
0.500630170793
0.5008810031
0.501255819316
0.501733533632
0.50197530618
0.502429321614
0.502870871936
0.503363740826
0.503689036687
0.504090861187
0.504615578212
0.50493407264
0.505467236082
0.505980293405
0.506396642343
0.506827671918
0.507200827124
0.507719097169
0.508173779762
0.508514794052
0.508978709646
0.509410768882
0.509867584936
0.510211713959
0.510489766706
0.510980802206
0.511432629532
0.51203746992
0.512487063352
0.512704338244
0.513177171133
0.513619876102
0.514137319473
0.514409354945
0.514868791924
0.515250208778
0.515718384177
0.516221713482
0.516620628943
0.517169503667
0.517558215363
0.518030721677
0.518504520583
0.51890359359
0.519078873452
0.519487116298
0.519653615431
0.519974850238
0.520284061353
0.520605748858
0.521064326894
0.521420828473
0.52188144103
0.522262342352
0.522561956227
0.523004817424
0.5232827515
0.52371249527
0.524165420538
0.524781684725
0.525223626663
0.525686570943
0.526284911254
0.526964790698
0.527525401986
0.528245193983
0.528984710402
0.529761828842
0.530391555461
0.530971199104
0.531602810325
0.532248297517
0.532937556835
0.533471908701
0.534107126711
0.53458169391
0.535437334634
0.536082199685
0.536724714931
0.537349581495
0.538018254472
0.538775089747
0.539445409481
0.540074955746
0.540881303493
0.541404672708
0.541834166415
0.542484764039
0.543157600372
0.54381056074
0.544545637249
0.545339348691
0.545967365176
0.546611177269
0.547227320506
0.547949330061
0.548656181879
0.549322372266
0.550066821408
0.550791790377
0.551297366928
0.551951839428
0.552638205564
0.553424440021
0.554034596032
0.554411432711
0.554803331311
0.555486352312
0.556160873292
0.556661539763
0.557513643711
0.558173597563
0.558600759418
0.559316482828
0.560060507954
0.560411462809
0.560997273905
0.561730290013
0.562330223051
0.562850600047
0.56344429134
0.564208482049
0.564726743957
0.565431614877
0.566117856647
0.566824440062
0.56736084935
0.567946079769
0.568583341499
0.569123749945
0.569734566662
0.570364925921
0.570898274718
0.571378378256
0.572134967972
0.572855325935
0.573370938329
0.573868143257
0.574414503646
0.575038729578
0.57544749031
0.576218798423
0.577155405353
0.577857989292
0.578268108893
0.579062237108
0.579519902726
0.580129377135
0.580877155717
0.58115974414
0.581529968962
0.582108528364
0.582753202784
0.583369056454
0.583973259657
0.584461769228
0.584949060173
0.585817784622
0.586322347669
0.587069519764
0.587347706819
0.587724808372
0.588224575842
0.589037851772
0.589876366698
0.590432802923
0.591127199135
0.591759778662
0.592418615792
0.592912481958
0.593398037524
0.594013035996
0.594494698541
0.595107958481
0.59607658517
0.596734795664
0.597451860173
0.598039761803
0.598381946869
0.599185664445
0.600114339008
0.600974123231
0.601494017341
0.601905469843
0.602699989529
0.603557109122
0.604256290774
0.604959203035
0.605708064032
0.606510235978
0.606969602264
0.607691060263
0.608321666625
0.609231075714
0.60974572583
0.610087131525
0.610934091376
0.611486079383
0.612364198485
0.613433356403
0.614115599328
0.615157428337
0.615464450994
0.616322465023
0.616545471161
0.617409310919
0.617889249965
0.618700125615
0.61947736868
0.620453255689
0.621347121916
0.62227096461
0.622938113967
0.62391517737
0.623822313524
0.624756220294
0.625547879672
0.626234399233
0.627196208886
0.627987936315
0.62904777675
0.629888420127
0.630156358903
0.631135098625
0.631969275112
0.632681526642
0.633372330751
0.634043966991
0.634963127324
0.635761313262
0.63666814982
0.637766614742
0.638797730513
0.63946499316
0.640243086629
0.641029671791
0.64202015389
0.642558713356
0.643204741785
0.644060494125
0.644786684595
0.645495836349
0.646301267379
0.646898287904
0.647666352208
0.648746985242
0.649588398353
0.650543904168
0.65124098233
0.651991091369
0.652713585442
0.653210175642
0.653891415249
0.654812545339
0.655739392565
0.656703978306
0.657592813701
0.658691662978
0.659596299169
0.66007729268
0.660977416129
0.661815675453
0.662808197546
0.663526414607
0.664711169324
0.665554204321
0.666299738808
0.667248963957
0.668425880008
0.669344212168
0.670318480515
0.670852313026
0.671822676295
0.672602194172
0.673572221005
0.674495818231
0.675621161401
0.676253356208
0.677288384505
0.678241119201
0.678700143159
0.679747309497
0.680475910412
0.681418494829
0.682424518267
0.683275641117
0.683811856294
0.684801594621
0.686172471787
0.687228470504
0.688310547597
0.689268706503
0.690302606205
0.691109368641
0.691548575097
0.692434754501
0.693321526902
0.694210983065
0.695162209723
0.695982464125
0.696874840133
0.698156177669
0.699193222739
0.700248855667
0.701020869329
0.702200197088
0.703116321244
0.704019086418
0.704557629523
0.7055094116
0.705938375523
0.707343898562
0.708847479019
0.710193875568
0.711424631943
0.712307292291
0.713836792288
0.71502904366
0.715855264225
0.716699326439
0.71761105461
0.718759768576
0.720113367088
0.721556540814
0.723355250263
0.723897936394
0.725005895472
0.725651822499
0.72703071541
0.728910442693
0.730240944339
0.730919376155
0.731996239368
0.733335825616
0.734436721893
0.735316007526
0.736533400097
0.737685258965
0.738746624269
0.740105888497
0.741522538962
0.742702819941
0.743938515862
0.745064693861
0.746744194267
0.747521096597
0.7487512676
0.750195820819
0.75109766296
0.751882282213
0.753578087212
0.754968141586
0.755802164478
0.756990320248
0.758158816836
0.758654140082
0.759014459168
0.760573302094
0.762088793949
0.763749561285
0.764850167897
0.766275219832
0.767568285215
0.768098289185
0.769219309045
0.770950359122
0.772184359597
0.772726131311
0.774267627175
0.775581413483
0.777312351484
0.778797837368
0.780264996702
0.781468791662
0.782890908178
0.783793828306
0.784056966504
0.785671092974
0.786951218257
0.788212595288
0.788625747221
0.790654561444
0.79171354274
0.79323485954
0.794824722257
0.796739768078
0.798491078823
0.800496505831
0.803118474755
0.804312740439
0.805717621336
0.807915997705
0.809055366944
0.810667842465
0.811649546461
0.813179112382
0.814301378187
0.816364878526
0.818781889053
0.820747998928
0.822545524454
0.823927236685
0.825220125328
0.826590700903
0.828563971165
0.830060812694
0.831430857665
0.833042424058
0.83518479154
0.837345325898
0.83839381497
0.840373234627
0.84215102881
0.843076044818
0.84527005926
0.847577659968
0.849374783326
0.851233141564
0.853247149673
0.854744779336
0.856772188911
0.858992651175
0.860492602675
0.861982172641
0.862837707614
0.86465371905
0.867446538983
0.868749976391
0.870205114552
0.872065484979
0.874166968904
0.876897118982
0.877568803308
0.87932747263
0.881901008202
0.884207916859
0.885824093163
0.887950525654
0.890170647396
0.892485305433
0.894310996916
0.895672287453
0.894805786986
0.897153318612
0.898671436645
0.899705267653
0.901827769992
0.903343842625
0.905176598357
0.907195825048
0.910046846194
0.913123334177
0.915970732831
0.918783943896
0.92200035867
0.925111561542
0.926359571095
0.928888908217
0.930031730697
0.932449541374
0.934406204348
0.937698305705
0.939548020586
0.942504122902
0.944527839311
0.945029733367
0.947405788284
0.950040629976
0.953005966086
0.955928373037
0.958877163165
0.961476393273
0.958984596118
0.960621065085
0.963650792153
0.967377797354
0.969695425777
0.972057971944
0.974612067627
0.975827768177
0.978106772115
0.980867315472
0.983512200771
0.985887681804
0.988772377778
0.99223300237
0.995753145769
0.999480454746
1.00195276013
1.00511430484
1.00855168854
1.01139260073
1.01544274614
1.01930137932
1.02274460732
1.02577706194
1.02903700837
1.03154250157
1.03470263713
1.03802224265
1.04187900732
1.04237329577
1.04774765211
1.05182362063
1.05565196453
1.05945472961
1.06266412286
1.06759757645
1.06918187979
1.07167194325
1.07530182916
1.07666432253
1.08065985536
1.08450451855
1.08754096927
1.09025483061
1.08646976191
1.08887811098
1.09279675239
1.09566334536
1.10136290968
1.10410131014
1.10880311048
1.1127462485
1.11743984659
1.11896465438
1.12259995697
1.12739351627
1.13191281654
1.13633571272
1.14192981637
1.1464619641
1.15088568983
1.15421218798
1.15804863456
1.16305494781
1.16695766558
1.17041629493
1.17305334017
1.17823907408
1.18503634981
1.19030886413
1.19797119857
1.2019686806
1.204348653
1.20711343367
1.21387678332
1.21831182262
1.22629922191
1.23247787305
1.24060238322
1.24715393961
1.25083691183
1.26105744164
1.26537817792
1.26933931084
1.27643990603
1.28032239533
1.28501822898
1.29314488685
1.2993620157
1.30325794421
1.31012382185
1.31634185378
1.32750340206
1.33371052879
1.34238104692
1.35147951232
1.35970989118
1.36835873418
1.37668795955
1.38651751634
1.39697306059
1.40667400593
1.41523129504
1.42039486984
1.42639854074
1.43711306803
1.44917951406
1.45536380216
1.46483925982
1.47276846573
1.47785662681
1.48423912903
1.49497031278
1.50393361167
1.51349822297
1.52640052982
1.54037985998
1.55212005532
1.56486486512
1.57240983817
1.58227892065
1.58565896946
1.59846645201
1.61698548945
1.62916421522
1.64636954096
1.66079284406
1.67408418932
1.68642919918
1.68688355562
1.70435258098
1.71703414532
1.73496427277
1.75101500593
1.76783909118
1.78351482242
1.80278760507
1.81290941865
1.83972392146
1.86845194332
1.88387811235
1.89601321736
1.91542527049
1.93726856173
1.95097195385
1.97795455614
2.00564511874
2.04220547096
2.0772497757
2.09469473301
2.1186551126
2.15012389571
2.17525869701
2.19711403429
2.20566258753
2.23532394921
2.25530741318
2.301274276
2.3342248546
2.36495065027
2.39483158577
2.43317808319
2.48425823997
2.52472763779
2.5833336562
2.6010057778
2.60698562997
2.67248899769
2.76289667762
2.91879155633
2.97849839667
3.02509201657
2.94546125044
2.91228602173
2.79538484971
2.60694402296
2.98011289758
2.71003457891
2.23966792052
1.31852742533