0.254887117051
0.29017185585
0.302506450086
0.310316705346
0.316081228753
0.320770039518
0.324515490168
0.327882296048
0.330761663665
0.333434277117
0.33594234145
0.338038262213
0.340081294201
0.34195112643
0.343693434334
0.345315308071
0.346791956793
0.348192165979
0.349507634474
0.35086955276
0.352162930298
0.353440491194
0.354608088781
0.355718427409
0.356766617086
0.357742892253
0.358663239774
0.359670601918
0.36059122359
0.361501482031
0.36220763337
0.363123048617
0.364012669968
0.364921993816
0.365728954859
0.366543381104
0.367294907394
0.368087633784
0.368894784654
0.3696456697
0.370293192759
0.371029931326
0.371831197139
0.372608454142
0.373246023618
0.373974454581
0.374611089494
0.37524283169
0.375883971636
0.376539798162
0.377149828414
0.377731116153
0.378408820616
0.379071568552
0.379733897144
0.380369625554
0.381080326477
0.381614190384
0.382124982108
0.382776422122
0.383407199461
0.384070602413
0.384711835812
0.385239775893
0.385775650362
0.386334263448
0.386813953287
0.387362150007
0.387869140492
0.388431210406
0.388975815739
0.389570290277
0.390061934763
0.390659382785
0.391176092385
0.391574397451
0.392150673879
0.392575637404
0.393136299742
0.393657528886
0.394193980986
0.394718066912
0.395265040694
0.395880526709
0.396367621982
0.3968970225
0.397376621853
0.397790226794
0.398287550234
0.398814354624
0.399302339502
0.399726935681
0.400196942106
0.400663010973
0.401091324311
0.401551724812
0.402051714264
0.402573197883
0.403095690365
0.403544897777
0.404008131328
0.404531585358
0.405072727065
0.405484858804
0.405873757211
0.40637898259
0.406843611187
0.407346281745
0.407802322753
0.408323734248
0.408845045231
0.409318281161
0.409757124863
0.410205376677
0.410700812373
0.41106317252
0.411493398975
0.411976808705
0.412346217424
0.4127991881
0.413318161494
0.413595265813
0.414061127621
0.414532043637
0.415070642045
0.415567814076
0.415972851193
0.416256940064
0.416737654763
0.417227473416
0.417709390372
0.418145998356
0.418624254472
0.419099872084
0.419555594215
0.42003724508
0.420521112685
0.420995453219
0.421440721321
0.421909125822
0.422367574644
0.422912960364
0.423413884728
0.4238917203
0.424310505243
0.424758028486
0.425231280098
0.425652292111
0.426040578436
0.426579362177
0.426963148093
0.427496907079
0.42791899493
0.428303662825
0.428736675941
0.429187714934
0.429588320251
0.430048509539
0.430507115072
0.43097978158
0.431435470921
0.431828308231
0.432272093643
0.432800715147
0.433257583412
0.433698288619
0.433815868953
0.43422831953
0.4345207827
0.435014308395
0.435460894635
0.435953318307
0.436415517219
0.43691130558
0.437337458974
0.437734589522
0.438192509717
0.438595601439
0.439099913465
0.439502105433
0.439934780521
0.440320402704
0.440659168124
0.441127628956
0.44158777092
0.44190373402
0.442180530242
0.442570147489
0.443040054636
0.443502185945
0.443963677059
0.4443643601
0.444788236779
0.445214455719
0.445669349685
0.446162596238
0.446460566589
0.44689564361
0.447395135645
0.44785232069
0.448334220909
0.44869373864
0.449182503585
0.449533249631
0.450024825907
0.450370256797
0.450794438027
0.451240186658
0.451584723996
0.451967491271
0.452401476575
0.452830521089
0.4532547644
0.453645270743
0.453929638613
0.454296329354
0.454692430182
0.455145997745
0.455688853749
0.456130952535
0.456591282067
0.456991746452
0.457371518218
0.457834093888
0.458005303268
0.458512104283
0.458853990555
0.459254770846
0.459729587153
0.460130738379
0.460529793484
0.460989874054
0.461446537887
0.461985186081
0.462356112718
0.462912912634
0.463369149994
0.463840942935
0.464247576627
0.464689292163
0.465086544034
0.465571427572
0.46592368626
0.466313763512
0.466485751981
0.466906082953
0.467427906872
0.467898469804
0.468248419639
0.468618115468
0.468989249763
0.469332536115
0.46970976449
0.470243713797
0.470642954291
0.470965756514
0.471378894257
0.471728057544
0.471963565058
0.47238873968
0.472854966099
0.473236559584
0.473660591103
0.474120927973
0.474613496299
0.475035851786
0.475192799174
0.475639183362
0.475998367017
0.476320847264
0.476782442656
0.477091224923
0.47742757891
0.477881649481
0.478170626053
0.478605708466
0.479007487784
0.479215191944
0.479650306578
0.480033584163
0.480259650361
0.480673303032
0.481114070528
0.481484216345
0.481893991628
0.481996715245
0.482191429679
0.482640822983
0.483064641686
0.483408940997
0.483619970737
0.484101538099
0.484495562063
0.484925181911
0.485205039186
0.485632149155
0.486219991886
0.48667878304
0.487106001018
0.48731882066
0.487748115373
0.488180755829
0.488720583143
0.489066260775
0.489438658772
0.489820038933
0.490255001281
0.490481807371
0.490921185407
0.49116523808
0.491705284687
0.492127629895
0.492560530273
0.492919318652
0.493342825942
0.493611689681
0.493938148575
0.494276127321
0.49473460341
0.494976953795
0.495305117288
0.495506137828
0.495933238933
0.496388453331
0.496914834625
0.497253165122
0.497737445033
0.498195090903
0.498600027925
0.49908762552
0.499543397414
0.500106531142
0.500637635232
0.501117732779
0.501425431055
0.501912739946
0.5023272738
0.50281738345
0.503301891885
0.503753343281
0.504315218188
0.504675480935
0.505109929331
0.505581116656
0.505976418862
0.506355914974
0.506722131791
0.50701075499
0.507455246701
0.507896622755
0.508423187678
0.508793063385
0.509299450036
0.509810251931
0.51031914927
0.510980101691
0.511442770835
0.511990661736
0.512398908701
0.512919917298
0.51342055072
0.513965645407
0.514520946415
0.5149316652
0.515537278899
0.515993992331
0.516446525077
0.516990934391
0.517457574685
0.517916533007
0.518415871188
0.518997539439
0.519456884666
0.519963888026
0.52028469855
0.520677150098
0.521095651224
0.521517224151
0.52206570757
0.52245314568
0.523050765773
0.523413926444
0.523960726245
0.524401352144
0.524831382382
0.525269681936
0.525712846252
0.526277543705
0.526657859593
0.527148458346
0.527411262388
0.527906626597
0.528172695642
0.52860743997
0.528978838326
0.529549141721
0.530035684577
0.530588550888
0.531094542959
0.531602726078
0.531960144027
0.532436337739
0.532968797535
0.533343911335
0.533910820198
0.534435999233
0.535067668451
0.535489326816
0.535880897141
0.53628741182
0.536822766429
0.53730187106
0.537775260313
0.538367574268
0.538717625658
0.539110626617
0.539719185281
0.540072934646
0.540423966761
0.540892920943
0.541394640282
0.542076623624
0.542701765715
0.542984212098
0.543400700887
0.543908034729
0.544466138816
0.544789235667
0.545177155229
0.545638446053
0.546282784458
0.546768570457
0.54727505908
0.547677146757
0.548187235254
0.548591700603
0.548941369436
0.549431916448
0.549762438165
0.55038526949
0.550792674259
0.551074315185
0.551500385012
0.551965644861
0.552372478145
0.552897651508
0.553443844918
0.553872991611
0.55451595658
0.555097603039
0.555462474868
0.555951296296
0.556497184998
0.557004302585
0.557579448871
0.557928051748
0.558351878368
0.559025823529
0.559577343131
0.560034627382
0.560482219079
0.560847635638
0.561177868497
0.561643441591
0.562101994923
0.562425045158
0.562999392538
0.563670511213
0.56393387956
0.564440212924
0.564745019454
0.565081448763
0.565699822178
0.566117747662
0.566773868877
0.567321025784
0.567842007896
0.568500612214
0.56895894697
0.568970230811
0.56945012491
0.570082568682
0.570798208674
0.571133562968
0.571682622752
0.572314145004
0.573060777462
0.573428509393
0.574040407547
0.574715794286
0.575357184226
0.575902919254
0.576494707097
0.577191843986
0.577885745693
0.57824440079
0.578665352136
0.579397417811
0.580062693531
0.580473288667
0.581005280913
0.581592304762
0.582041180945
0.582500355051
0.583113750651
0.583959463905
0.584685636061
0.585380672
0.586066305603
0.586629094628
0.587277104608
0.588038363158
0.58876460434
0.589624457193
0.590392805836
0.590663543218
0.591235026578
0.591982139424
0.592682208275
0.593443621648
0.593762308236
0.59456352984
0.595291214985
0.595892002956
0.596735508527
0.597179434081
0.597858538719
0.598380322318
0.599103883565
0.599687072692
0.600468291142
0.601037314267
0.601572777756
0.60219080186
0.603078950978
0.60364437563
0.604462177609
0.605111318653
0.605562879512
0.606013088637
0.606905366473
0.607622114597
0.608254744242
0.609037050156
0.609870356449
0.610508237656
0.611372446896
0.612186926438
0.613125985828
0.613810975943
0.614615342507
0.615205867544
0.615793261035
0.616517391949
0.616676109358
0.617454747305
0.617866948361
0.618736801164
0.619456508063
0.619942509079
0.620273494341
0.621177961717
0.621894471702
0.6228001372
0.623479767836
0.624209860478
0.62533337036
0.62611519936
0.626934509661
0.62777199221
0.627991801149
0.628717271751
0.629707314978
0.630237421177
0.631169372195
0.631971839309
0.632869796867
0.634055076652
0.634823738061
0.635748772216
0.636405104927
0.636581021733
0.637616376862
0.638232043151
0.639160982392
0.639983279795
0.640588772543
0.641793097233
0.642413148265
0.643410547236
0.644277236566
0.645222681248
0.645661021992
0.646495668848
0.647457207363
0.648310600937
0.649172950045
0.650242746367
0.651299991873
0.652341327996
0.653458202483
0.654320604725
0.654911858449
0.655691997122
0.656564457667
0.657534594706
0.658662895109
0.659950217069
0.661040785825
0.662229432071
0.663136020039
0.664111931863
0.66474702126
0.665687668422
0.666390756453
0.667209429961
0.668273290696
0.669620393999
0.67087533244
0.671363368483
0.672162064216
0.672465985183
0.67354501062
0.674484541543
0.675319280244
0.676001456943
0.67729068934
0.677550252784
0.678700745374
0.679790256795
0.680911760719
0.681720574851
0.682927774893
0.683995863289
0.684897861659
0.685952359726
0.687040097365
0.68841555629
0.689050069155
0.690104388512
0.691005852981
0.692007722104
0.693054579442
0.694677981885
0.69612853996
0.697341261558
0.697877298953
0.69793562808
0.698468732637
0.699356486154
0.700360601433
0.701740941189
0.702877918354
0.703393735936
0.704087161799
0.704888677588
0.706242903498
0.707407404853
0.708759623166
0.709262981687
0.71058639375
0.711685570532
0.712266873425
0.713472265059
0.71442261874
0.71555249197
0.716245654354
0.717581818928
0.718260400685
0.718997867453
0.720506587607
0.721564444052
0.723031079716
0.724144473241
0.725229424422
0.726785014845
0.727603065762
0.728624201844
0.730002018136
0.731356708387
0.732647419373
0.733940430148
0.735038220962
0.735923655709
0.737195849084
0.738498455116
0.739480493077
0.740485790032
0.74168109174
0.74277275768
0.744381812488
0.745815651623
0.74665342494
0.748049298778
0.749450782648
0.749968327519
0.751223597736
0.752498524324
0.753950890269
0.754882875101
0.756357551323
0.75764665543
0.759064603229
0.760553063913
0.76223880437
0.76385268528
0.764865951731
0.766233338015
0.767623667506
0.769231607289
0.770981415604
0.772329763885
0.773911666083
0.775588400157
0.777038939853
0.778055618498
0.779115311462
0.781254628194
0.782583431895
0.784016995555
0.785502637789
0.787534678673
0.788938840439
0.790105658817
0.79113331912
0.792499138481
0.793939959847
0.795240642582
0.79650630849
0.798136948439
0.799959315074
0.801431616555
0.803092833207
0.804887347759
0.806800842384
0.808149001455
0.809902792795
0.812130805656
0.81401731907
0.815575586288
0.817440306066
0.818767871742
0.820660907994
0.82252917062
0.824362363279
0.825908576302
0.827439140242
0.829430190646
0.831739459887
0.833294546779
0.83528298927
0.836772451028
0.838248725036
0.838667117114
0.839794079146
0.841691474317
0.843034020158
0.845220915712
0.846582295663
0.848477973084
0.850240150444
0.851514724963
0.853117458806
0.855769903549
0.857586141483
0.858838423095
0.860358919632
0.861868206462
0.864024751951
0.865765638478
0.867150436013
0.869309859055
0.871707039999
0.873756276392
0.875172037798
0.876457899593
0.878248439832
0.881195531002
0.882537315583
0.88451653144
0.887029783234
0.888174353739
0.888577818617
0.890263621887
0.892014993185
0.893961634857
0.897624508148
0.899876681599
0.902359050974
0.904659303863
0.906332107915
0.908357056879
0.91091208279
0.913702599825
0.916657190182
0.918970341391
0.921030967178
0.922286473932
0.925158059247
0.928024643236
0.930446708865
0.933844947344
0.936611299959
0.938524002488
0.940661599004
0.942275392327
0.945275993362
0.947542726265
0.949974023622
0.950998506156
0.954105799366
0.957207165237
0.960042646389
0.963491628788
0.965736826744
0.970136500556
0.972315389276
0.974378290123
0.977632871061
0.980442166922
0.984508443597
0.986684780025
0.986346863109
0.989540641445
0.993367158733
0.995130647875
0.997569085649
1.00092243062
1.0042899011
1.00827356341
1.0109818662
1.01431602017
1.01859831413
1.02014136386
1.02252660454
1.02690742673
1.03279881042
1.03726533514
1.03930443686
1.04420607831
1.05025339356
1.05466050108
1.05747431229
1.06034958663
1.06197537458
1.06424162694
1.06846835321
1.0690794786
1.07416686272
1.07792410946
1.08174217461
1.08544249154
1.08664033891
1.09041792531
1.09314027453
1.09476470583
1.09832857059
1.09960951165
1.10333979183
1.10789430738
1.11067073677
1.11393626655
1.11675740231
1.12172977684
1.12461618866
1.12839072359
1.13275210383
1.13761910519
1.14158346109
1.14610161124
1.14935296611
1.15329761736
1.15952492523
1.1642243127
1.16941588751
1.17171394429
1.17795527781
1.18449359169
1.18671810222
1.19088842202
1.1993874437
1.20589428354
1.20910211515
1.21742633709
1.22394985332
1.230017049
1.23570097533
1.24382313486
1.24891866311
1.25460537608
1.2614535027
1.26805617724
1.27540764007
1.2819559206
1.28783749833
1.29646914824
1.3024022587
1.31070730318
1.30888231366
1.31793084706
1.32360207378
1.32846092142
1.33659243713
1.34549460398
1.34807643305
1.35671864338
1.36495801557
1.37328587706
1.38246907658
1.39230089961
1.40072164662
1.40926977212
1.41730989516
1.42862424301
1.44109381071
1.45076101022
1.45669790158
1.46506326916
1.47417701618
1.48547012006
1.50015268689
1.51074388815
1.52132787656
1.53048433204
1.53642416635
1.54777357107
1.5542005002
1.56330817437
1.5744566845
1.58851570414
1.60543880294
1.61305332496
1.62934595597
1.63447181314
1.64858343205
1.65285506055
1.66503481913
1.67498963727
1.68907320926
1.69955865508
1.7212279172
1.72930058397
1.7418979171
1.75683925773
1.77050997625
1.78169510599
1.79872715105
1.80613869445
1.82666514137
1.8469141773
1.85885868646
1.88178863126
1.88644943144
1.90694387089
1.92147515437
1.93572570171
1.95667981284
1.97397455954
1.98049818464
1.99069392775
2.01132247457
2.03826402183
2.06538659979
2.0861059871
2.12031484979
2.15808294894
2.19339413792
2.19804846033
2.22884155265
2.24758225857
2.29535268288
2.33086794034
2.37002749365
2.3878145317
2.39626939225
2.39144536003
2.44836649708
2.46187581351
2.5068655679
2.52218554638
2.58056611165
2.57965483778
2.60150819032
2.61838955828
2.65484349585
2.75172078999
2.79249262617
2.77753951488
2.77674424079
2.76792724895
2.72878054146
2.7637952968
2.69825445846
2.69934779494
2.59930789733
2.49529898457
2.31979123621
1.88402267924
2.12429110676
1.11056207162