0.254887135176
0.288846262643
0.300179610499
0.30743466626
0.312943163679
0.317466017417
0.321303426612
0.324549547391
0.327564881532
0.330412094194
0.332979673679
0.335369558087
0.337631081424
0.339654878433
0.341562775859
0.343220926624
0.344923591508
0.346672247356
0.348273628658
0.349782220344
0.35128306723
0.352801924003
0.354152843788
0.355471437772
0.356706845071
0.357983018992
0.359187068314
0.360397243034
0.361496756833
0.362542338635
0.363599193998
0.364677659921
0.365639094115
0.366587334966
0.367663162735
0.3686487953
0.369559907978
0.370576902428
0.371525531734
0.372356030514
0.373283992048
0.374191672168
0.375078282062
0.376051500997
0.377080308527
0.378000156467
0.378840243217
0.379584785023
0.380451611471
0.381366608959
0.382243991112
0.383063102609
0.383794228044
0.384648737285
0.385442725381
0.386290050393
0.387034110228
0.387831087456
0.388613768094
0.389394287661
0.390137447625
0.390846553307
0.391469632764
0.39221084638
0.39294046761
0.39368629665
0.39442378091
0.395088911936
0.395831986906
0.396626544794
0.397222648944
0.397958165952
0.398660878225
0.399373926361
0.400018066771
0.400644121876
0.401352281624
0.402031826405
0.402696795203
0.403189059832
0.403771211476
0.404358994595
0.40490072722
0.405420834252
0.405910741898
0.406432797203
0.407095992698
0.407556319268
0.40808203111
0.408629799465
0.409239185326
0.409764310949
0.410242379371
0.410813672422
0.411304104341
0.411806601312
0.412360467334
0.412869718082
0.413392178613
0.41390440705
0.41448868745
0.414823136024
0.41534177917
0.41584963392
0.416337983352
0.416854913051
0.417363445797
0.417951356871
0.418511402208
0.419001598286
0.419333362703
0.419834848481
0.420262427625
0.42069344946
0.421155058917
0.42165368605
0.42211261742
0.422587112683
0.423115085132
0.423619565554
0.424089100561
0.424508940806
0.424981141175
0.425416340979
0.42592445964
0.426383022679
0.42689272748
0.427295392923
0.427772964368
0.428241952163
0.428719842703
0.42922977933
0.429653119592
0.430239854459
0.430803481946
0.431141835701
0.431475198089
0.431991854343
0.432509946008
0.43311025836
0.433653622028
0.434091294733
0.434515686879
0.434882613092
0.43540099743
0.435652048375
0.436144969032
0.436640949033
0.437207748879
0.437712915047
0.438163991284
0.438624429449
0.439129768382
0.43953642387
0.439933648878
0.440250890584
0.440610240672
0.4409772119
0.441446245027
0.441785105911
0.442350357044
0.442844726506
0.443263769263
0.443670118047
0.444108643825
0.444526315934
0.445037098097
0.445499564242
0.44591466202
0.446429206638
0.446809947201
0.447266632354
0.447739398156
0.44805229931
0.448525212641
0.448969482229
0.449462710649
0.449893316255
0.450397074294
0.450821048452
0.451287046382
0.451787384205
0.452255719932
0.452755293373
0.453217259899
0.453572642317
0.453899469436
0.454281999117
0.454739034821
0.455211803822
0.455717926622
0.456205706933
0.456611154744
0.4569859232
0.457461163039
0.457889079899
0.458304273724
0.458624235584
0.459112948526
0.459548641061
0.459954568637
0.460440022647
0.460865993384
0.461354834421
0.461761595452
0.462301271094
0.462840439812
0.46304437496
0.463429714712
0.463666657804
0.464106202136
0.464490632192
0.464923121308
0.465266838644
0.46576828573
0.466225461176
0.466622422395
0.467115364437
0.467558102814
0.467823318888
0.468221506084
0.468707658516
0.469246007846
0.469683480543
0.470095758228
0.470373126374
0.470742551727
0.47106383492
0.471431588703
0.471937554479
0.472337617653
0.472732469807
0.473112361938
0.473472229901
0.473841913459
0.47420996456
0.474659620119
0.475138892783
0.475598231763
0.476020707932
0.476445812155
0.476605240856
0.476999607809
0.477489571572
0.477892246654
0.478303860439
0.478460570028
0.47883143282
0.479289265133
0.479736685454
0.480106250178
0.48058598329
0.480743022616
0.481180883571
0.481631710674
0.482069501435
0.48251049445
0.482895839446
0.483202769073
0.483638255993
0.483980767928
0.484363878407
0.484793892178
0.485227786889
0.485279601641
0.485673653295
0.485982555328
0.486370791813
0.486707846307
0.487131725261
0.487559738688
0.488003917681
0.488501307758
0.488967271816
0.489393124519
0.489807788146
0.490253432272
0.490606188124
0.49101730049
0.491449851434
0.491669895443
0.491967090074
0.492350056893
0.492750822717
0.493137843676
0.493363409769
0.493737737999
0.494036373528
0.494369764306
0.494715543625
0.495174424616
0.495545208214
0.495828461486
0.496226158961
0.496620498569
0.497047128804
0.497364428481
0.497718627968
0.497959084032
0.498394976487
0.498528423106
0.498839238756
0.499255243168
0.499426582742
0.499823626383
0.500216681169
0.500403787947
0.500782562679
0.501170838271
0.501585997071
0.501900967235
0.502305043396
0.502616435174
0.503073346076
0.503381717179
0.50378866079
0.50424560916
0.504585706395
0.505078458096
0.50532389388
0.505734565778
0.506151721514
0.506310582671
0.506695941854
0.506923181455
0.50731645933
0.507745527662
0.507992774647
0.508318360681
0.508762158728
0.509050763375
0.50931061122
0.509837272683
0.510097838579
0.510516460441
0.510877765053
0.511274975485
0.511527554847
0.511930218564
0.512327318265
0.51268374034
0.513019342464
0.513480372373
0.513801336777
0.514300395518
0.514543119837
0.514913286038
0.515249027099
0.515652992824
0.516050656445
0.516504650693
0.516808511258
0.517210448057
0.517647186224
0.518002214533
0.5184073901
0.51894221919
0.519221069924
0.519644978333
0.520032123337
0.52033205203
0.520668777241
0.521013590332
0.521386296891
0.521795993762
0.521975651913
0.522473886524
0.522918560461
0.523264979767
0.523643763633
0.524014796737
0.524446473564
0.524819945954
0.525176582979
0.525505108468
0.526014918558
0.526375404981
0.526931974748
0.527352965425
0.527798207655
0.528241182624
0.528739188664
0.529169799837
0.529641037769
0.530142863883
0.530715990922
0.531184878299
0.531571863681
0.532090852611
0.532594307599
0.532821790893
0.533207893354
0.533623528067
0.534198997452
0.534592413435
0.535130022216
0.535707866991
0.536212514092
0.536568244017
0.537077178397
0.537537743871
0.537891156915
0.53825949311
0.538858247929
0.539161236727
0.539433768353
0.539868306811
0.540420528421
0.540985007245
0.541490289952
0.542029379174
0.542239358286
0.54268929535
0.5431285763
0.543780135004
0.54426573459
0.544733790885
0.545131728524
0.545714629842
0.546314449452
0.546918028931
0.547474427364
0.548020554184
0.548682870109
0.549173632093
0.549667174604
0.549903509289
0.550509340035
0.550885152033
0.551449158764
0.551772938685
0.552328800685
0.552926613965
0.553359183208
0.553815342399
0.554187829252
0.554726619664
0.555142448686
0.555485430675
0.556113796286
0.556592514939
0.557142625147
0.557742194219
0.558252374755
0.558813264086
0.55947933418
0.560088314801
0.560448575965
0.560798275925
0.56130991245
0.561959899766
0.562502429312
0.562952417849
0.563325957317
0.563916083864
0.564304793614
0.565032682828
0.565417421027
0.565981403243
0.566414972073
0.566950328058
0.567591944271
0.568370910895
0.568884643894
0.569550973162
0.57015778015
0.570764437233
0.571181279445
0.571633408355
0.572214490289
0.572955747894
0.573377488703
0.573856383665
0.574580900251
0.575220943312
0.575762611292
0.576310687648
0.576805498829
0.576998029771
0.57767212487
0.578227175008
0.578695286134
0.579004030731
0.579762948702
0.580404183385
0.580860516035
0.581548301304
0.582193694588
0.582936370854
0.583779787465
0.58456957703
0.585132059305
0.58571750862
0.586422884315
0.587169544665
0.587817965024
0.588523734356
0.588854268394
0.589207003598
0.589963598791
0.590748209779
0.591471275588
0.592044406383
0.592929024049
0.593695247198
0.594320083499
0.59518001588
0.595872300695
0.596787158206
0.597668860594
0.598441990425
0.599241139408
0.599873271735
0.600681769404
0.60144138104
0.602381662865
0.60316353574
0.604002781438
0.604717279017
0.605337454349
0.60610803209
0.606839206492
0.607613348191
0.608490440342
0.609099838809
0.609967572072
0.610871922079
0.611554269078
0.612454304801
0.612978180649
0.613461681575
0.614066868494
0.614974520425
0.615704626542
0.616380664093
0.617316090223
0.618058159013
0.619023460657
0.619576966936
0.620424886379
0.621196077109
0.622141255627
0.622769881267
0.623242819856
0.624421967513
0.625366369422
0.626315231579
0.627023836717
0.627845659588
0.628623860269
0.629431879113
0.630143400722
0.631412471959
0.632196773684
0.633421825117
0.634430031451
0.634794341669
0.635710677377
0.636516736975
0.637234663716
0.638304234442
0.639002646891
0.639911735745
0.640805871351
0.641558252929
0.64231720745
0.643108279295
0.643873447103
0.644780036884
0.645775780477
0.646339106809
0.647327119273
0.647833862384
0.648765729995
0.649579703468
0.650576958011
0.651440058104
0.652299696226
0.653045804195
0.654052669779
0.65474651774
0.655651355074
0.656414215959
0.657530269205
0.658543394042
0.659188200269
0.660238449747
0.661028178986
0.661753246922
0.662312061899
0.663078390465
0.664001672409
0.664952013521
0.665860508686
0.666715572468
0.667323900472
0.668331584095
0.669427876981
0.670272652567
0.671244085972
0.672341240267
0.673378069452
0.674339100312
0.675390285997
0.675202252756
0.675893106827
0.676771421818
0.677778736014
0.678603802062
0.679439336623
0.680359265834
0.681018160485
0.681863643816
0.682231228991
0.683433732402
0.684273351759
0.684968511195
0.68545783494
0.68662332977
0.687821172722
0.68883656048
0.689797265724
0.690507789683
0.691184757655
0.692119221214
0.693187279327
0.694489177981
0.695729267224
0.696626727223
0.697397902004
0.698472761017
0.699119822197
0.699861797948
0.70123425354
0.702082930726
0.703240368775
0.704683867294
0.705522769457
0.706732708329
0.707777266797
0.709072172516
0.709911655447
0.711006942112
0.711712702678
0.712820841026
0.713713017964
0.714884803928
0.716246992208
0.717576920425
0.718335391842
0.719329129186
0.720390376115
0.721524783789
0.722826765575
0.723895114411
0.724473274794
0.725335584728
0.72640361792
0.727943977269
0.729091348479
0.730480637238
0.730539204232
0.731594942255
0.732589968582
0.733443873923
0.734720239148
0.734952960015
0.736452522928
0.737613660473
0.73839680278
0.739911545834
0.741012207933
0.742137152325
0.743568873166
0.744869580569
0.745290114559
0.746918296151
0.747662073806
0.748942048
0.74990023671
0.751387268592
0.752647758934
0.754534376239
0.755214943503
0.756145791546
0.756958091755
0.757944733497
0.759382412092
0.760665749217
0.762074371601
0.763444068338
0.764730269354
0.766286581173
0.767462723253
0.768410976584
0.770062947785
0.771124228757
0.772207214288
0.773792771885
0.774527309702
0.7757621021
0.776655408786
0.778693716279
0.779780861764
0.780805530243
0.782047917325
0.782691673671
0.784282479951
0.785629719787
0.786530012204
0.787482936146
0.788917140839
0.789461126846
0.790411180465
0.791738259579
0.79218620686
0.793286040294
0.79484915578
0.796068192685
0.796889734612
0.798543489517
0.799805912367
0.801419672008
0.802279291864
0.803931788991
0.805618394241
0.806911269604
0.809008968179
0.81085343258
0.81239221273
0.812702118369
0.814444944865
0.813536280673
0.814738905384
0.812970126652
0.813544329207
0.814917969417
0.816710753332
0.818257681414
0.82035841304
0.822186669577
0.824206853053
0.825124263246
0.826896614119
0.827199820567
0.828621740324
0.830117273347
0.831655557468
0.833626478201
0.835378854663
0.837008700205
0.838451842247
0.840129586287
0.841615655059
0.84335609117
0.844875044492
0.847379815452
0.849011723214
0.851234622588
0.852446722038
0.854219583533
0.856319432764
0.858904244518
0.860679794983
0.862484091821
0.864472672166
0.8666059046
0.868514271647
0.870764231634
0.87273938143
0.87476560535
0.877141090832
0.878909955194
0.880533229912
0.883102333115
0.884753146428
0.887036135447
0.889743572412
0.89226054107
0.894155826763
0.895602610384
0.896755986667
0.898174570393
0.900868401255
0.903004202079
0.904840938385
0.907038720292
0.908639179831
0.91051356385
0.911871769836
0.915185026927
0.918082158511
0.91864696303
0.920207312489
0.921395532899
0.923933923415
0.926347811782
0.928979503283
0.93093444698
0.932621903798
0.934969604664
0.938011964043
0.939456682133
0.94101042695
0.943153837427
0.946284295666
0.949646935054
0.952013634185
0.954474239005
0.957699024593
0.959598835888
0.962057929868
0.965284534479
0.967817192908
0.970033753155
0.97129715544
0.972692414508
0.975038470349
0.977687865078
0.978877100197
0.981016022845
0.985320755096
0.988045268732
0.990678282227
0.993592821929
0.996020571637
0.999140184862
1.00127630992
1.00397999946
1.00683687112
1.00977113233
1.0128423827
1.01693393666
1.02023551834
1.02424093025
1.02749382753
1.0302258319
1.0309704534
1.03612496659
1.03953379968
1.04313587194
1.04545118637
1.04861770669
1.05181810748
1.05457972884
1.05852099387
1.0615384379
1.06540081417
1.06958355863
1.07125559182
1.07514370047
1.07838614259
1.08317195199
1.08602898303
1.08667214259
1.08870402901
1.09503977449
1.09746352451
1.10280910491
1.10537357613
1.10952532445
1.11330992829
1.11635212659
1.1209116188
1.12675560879
1.13117676573
1.13591153052
1.13915309478
1.14452924206
1.14611889683
1.15054632051
1.15375060697
1.15789673927
1.16167131191
1.1667319303
1.17018207704
1.17621288324
1.18269888994
1.18926988685
1.19725921725
1.20290497048
1.20727011752
1.21373381931
1.21887094303
1.22304744739
1.23013232263
1.23410486192
1.23998254272
1.24434123396
1.24715883673
1.25673713302
1.26157656351
1.26817429529
1.27717441211
1.2845426829
1.29115942444
1.29695021264
1.3017482688
1.30581115944
1.30299227672
1.30730135872
1.31556030984
1.31919127419
1.32767522687
1.33560866442
1.3436735558
1.35211915303
1.35572628209
1.36203099617
1.37191174721
1.38016762148
1.38650589199
1.39257332761
1.40043604086
1.40624286886
1.41165528183
1.42206074635
1.42569429105
1.43741447998
1.45027552192
1.46047633617
1.46625559885
1.47512093914
1.48242533368
1.49704054358
1.5060885832
1.51115297744
1.52098328767
1.53281549401
1.5454271929
1.55925995202
1.56933085777
1.57763513063
1.58872575072
1.59663987996
1.61070907827
1.63169398657
1.64571704931
1.65601064753
1.66745386586
1.68202066102
1.69480947233
1.70591958966
1.72611574525
1.74262271883
1.7544638348
1.77227254301
1.79133450458
1.80118700452
1.81524908298
1.83177536218
1.84404053734
1.86032711159
1.88332295503
1.91125741732
1.9230431473
1.94194652034
1.94895951433
1.96033437125
1.98239369572
2.00129219521
1.99888613982
2.0135932886
2.04027580544
2.04630476141
2.062823524
2.09042384473
2.11954493425
2.14428750801
2.17298070742
2.19343497958
2.21338737173
2.25853946122
2.29393475756
2.32810334175
2.36724768805
2.39114228237
2.41906644871
2.48079672763
2.51132396098
2.53346134811
2.54349052713
2.5612369591
2.57606763951
2.63616884122
2.66794732274
2.74268308368
2.7629174981
2.77418095861
2.80359415749
2.82117613252
2.74547887523
2.76867822462
2.82897780576
2.70688648188
2.6381297896
2.54595496233
2.40610769243
1.84229352091
1.37107416899