1.0
0.774345619039
0.723016010348
0.691088990765
0.668069749239
0.650186451754
0.635373128131
0.622944286688
0.612254046024
0.602355231512
0.593925752904
0.586463927223
0.579722278791
0.572925927075
0.566601036897
0.560721992662
0.555225587986
0.550332301199
0.545643478568
0.541127729478
0.536831289542
0.532753025014
0.528495415907
0.524774175344
0.521349197003
0.517825972411
0.514523474157
0.51106448341
0.508075430728
0.504853215923
0.502137785954
0.499419698766
0.496560353808
0.493820300276
0.491336260951
0.488611442142
0.48609006003
0.483684213808
0.481414806932
0.4791424594
0.477049810742
0.474904903441
0.472682582488
0.470426071982
0.468521235574
0.466417993469
0.464617072045
0.462906496072
0.461154750917
0.459445379549
0.457613386376
0.455819302862
0.453962792413
0.452143518461
0.450433580221
0.448781179632
0.447133987193
0.445529274831
0.443982029262
0.442555350584
0.44102829988
0.439533348384
0.438083215317
0.436656501209
0.435196164421
0.433880911799
0.432494906288
0.431120486253
0.429738874011
0.428464400845
0.427046189838
0.425767996566
0.42447205307
0.423220183982
0.42193501108
0.420745604357
0.419421529767
0.418304576553
0.417064540948
0.41581525822
0.414571467078
0.413445585608
0.412274460553
0.411115700424
0.410102874771
0.408864894082
0.407795629094
0.406714955779
0.405658126577
0.404565442631
0.403378161683
0.402291111042
0.401214334982
0.400286823778
0.399396407355
0.398326965219
0.397477363681
0.396450295334
0.39541603478
0.394535184345
0.393549072602
0.392509037025
0.391515130773
0.390439842755
0.389513146432
0.38857259714
0.387728593478
0.386829390516
0.385996936899
0.385064890709
0.384246715217
0.383435165057
0.38260016051
0.381741134702
0.380755731551
0.379910027268
0.378860354843
0.378007529213
0.377180425464
0.376441293384
0.375646749427
0.374846005293
0.374026341757
0.373269672031
0.372499184765
0.371560017227
0.370639910808
0.369746518299
0.368936208175
0.368199945892
0.367373338157
0.366543825197
0.365883736529
0.365094790447
0.364413231449
0.36362148643
0.362874488981
0.362114099148
0.361485330237
0.360676437297
0.359910981033
0.359096100492
0.358404302343
0.357738190645
0.35708990003
0.356292769714
0.355620493268
0.354915940466
0.354193637441
0.35342793317
0.352703539799
0.351978225258
0.351172875277
0.350480793691
0.34978392911
0.349016913944
0.348245895234
0.34767083758
0.347064495598
0.346373831196
0.34572306051
0.345132768132
0.344437533313
0.343851173619
0.343241359538
0.342532059172
0.341820385023
0.34116341416
0.340541341441
0.339906372352
0.339192111843
0.338539463389
0.337822581091
0.337213865327
0.336527381616
0.335690109575
0.334995051904
0.334294467216
0.333705981748
0.332990835499
0.332406849588
0.331746583773
0.331203023023
0.330602952078
0.330036078659
0.32941315563
0.328743465544
0.328274767515
0.32761960356
0.327000648645
0.326335245539
0.325852517393
0.325194129345
0.324559833419
0.324049541052
0.323418044063
0.322748424836
0.322196573562
0.321550302434
0.320871258937
0.320322490037
0.319657441227
0.319057653719
0.318453402084
0.317859673036
0.317320151259
0.316770496619
0.316195757831
0.315591470766
0.31501910576
0.314344136665
0.313703959427
0.313085925681
0.312506439328
0.311925819228
0.311379530399
0.310915438217
0.310421833186
0.309793418571
0.309250495554
0.308648227975
0.308076961286
0.307453719391
0.306915614798
0.306399724556
0.305954941499
0.305495136297
0.30493322302
0.304340663148
0.303886172384
0.303387217486
0.302852833
0.302396712474
0.30182420575
0.301237846057
0.300657899119
0.300110334825
0.299549838732
0.299069165501
0.298540485178
0.298040431963
0.29744971443
0.296794940201
0.296282628348
0.295688066705
0.295249324393
0.294790759226
0.294266578461
0.293687942418
0.293187446333
0.292629076015
0.292104363806
0.291593539996
0.291083672784
0.290571626653
0.29006795962
0.289554708883
0.28905056355
0.288505621046
0.287940483676
0.287474744018
0.287027339171
0.286532192954
0.286086825309
0.285540005037
0.285096160864
0.284659384894
0.284197737353
0.283692617707
0.283098410359
0.282626187086
0.28221192662
0.281631660816
0.281144025671
0.280551146934
0.279985850131
0.279544167163
0.279103245931
0.278632705564
0.278081421163
0.277620057059
0.277112421911
0.276639401472
0.276069888548
0.275541562521
0.275093378224
0.274576212517
0.274112704923
0.273692385997
0.273161845621
0.272734263629
0.272314139566
0.271795432673
0.271209108409
0.270787106577
0.270401189782
0.269730011654
0.269282925673
0.268851021272
0.268217097356
0.267815750975
0.267316122915
0.266927779193
0.266470135195
0.265994510681
0.265441986245
0.264965599995
0.264394882465
0.263901649446
0.263355183469
0.262904164805
0.262452526123
0.261969461395
0.261486609245
0.26103562601
0.260529496621
0.260115448732
0.259711374273
0.259294438873
0.258839522953
0.258262392668
0.25786678588
0.25741626323
0.256958495229
0.256503047866
0.255988291371
0.255546785551
0.255018424095
0.254562214996
0.254101949208
0.253592613441
0.253239858741
0.252787086312
0.252262958691
0.251807529043
0.251316581232
0.250892719347
0.250399769764
0.249958317089
0.249549123054
0.249087900668
0.248528449747
0.248017537363
0.247516297257
0.247082089932
0.246620247528
0.246165951627
0.245652895752
0.245148555557
0.244702373031
0.244307386261
0.243858387084
0.24340511864
0.243053887412
0.242590007807
0.242039095417
0.241482284001
0.241044197136
0.240635499116
0.240210237762
0.239762336902
0.23923184967
0.238790645001
0.238294613044
0.23782419668
0.237364391478
0.236907668649
0.236467208002
0.236080299179
0.235620989991
0.235179129875
0.234712575336
0.234282442414
0.233743097785
0.233325790374
0.232831848763
0.232401361545
0.23203650764
0.231612415463
0.231212751988
0.230782725355
0.230341396683
0.229856755338
0.229395497523
0.228923061672
0.228413123602
0.227955585893
0.227518845353
0.227076312075
0.226619660106
0.226203716734
0.225775656443
0.225301537687
0.224756701471
0.224278384309
0.223844903291
0.223363610043
0.222978012114
0.222572325608
0.222052042098
0.221563662932
0.221155496355
0.220620172984
0.220182971859
0.219692892073
0.219282617436
0.21886961472
0.218393990206
0.217973139837
0.217562758911
0.217041961671
0.216591031581
0.216182971293
0.215707754219
0.215273617754
0.214869153569
0.214441855014
0.213970800917
0.213560154269
0.213185238361
0.212743714826
0.212360207243
0.211971615514
0.211538772229
0.211142952863
0.210813085678
0.21044286419
0.210078417726
0.209658665674
0.209136398106
0.20869072931
0.208271225264
0.207962739835
0.207551331451
0.207116256102
0.206599249828
0.20615760229
0.20566916998
0.2052733329
0.204834572873
0.204461463874
0.204040099775
0.203564935846
0.203137655006
0.202715050872
0.202126335111
0.201664138411
0.201190710532
0.200726795497
0.200385449125
0.199940843216
0.199468371935
0.198991471956
0.198456662314
0.198065165359
0.19767528045
0.197221427418
0.196804952603
0.196300346686
0.195839000296
0.19546309236
0.194971878827
0.194523163086
0.194148406611
0.193656626205
0.193284544664
0.192818663287
0.192438627804
0.191941586103
0.191525802165
0.191049894214
0.190525837453
0.189972498136
0.189498184517
0.18909515523
0.188611718492
0.188214163077
0.187851452663
0.187396058444
0.186955686371
0.186495261151
0.186132320444
0.185672958111
0.185267572757
0.184805889786
0.184333577939
0.183929220043
0.183363657518
0.182938201302
0.182528670686
0.182115278245
0.18162509217
0.181195083252
0.180781035363
0.180368138936
0.179886420533
0.179452992659
0.179085038666
0.178562115651
0.178172744471
0.177723213849
0.177257846201
0.176796995826
0.176294763691
0.175841140952
0.175376428751
0.174961123112
0.174469891865
0.174086171704
0.173562540097
0.173113771212
0.172649501881
0.172165250263
0.171690794925
0.171255117273
0.170789165037
0.170284133964
0.169811857546
0.169421830919
0.168967818454
0.168557313525
0.168042202734
0.16766526734
0.167134425812
0.166676498378
0.166251945616
0.16587123697
0.165476019908
0.165010988841
0.164574425449
0.164139970117
0.163643743298
0.163147994777
0.162791431396
0.162262379063
0.161872830735
0.161439810301
0.161038269058
0.1606203062
0.16021922554
0.159753326449
0.159230864019
0.158766506114
0.158379402428
0.157979827526
0.157496249069
0.156986062992
0.156570739638
0.156210367576
0.155767710295
0.155410066311
0.154930597687
0.154469145009
0.153975079394
0.153548578005
0.153083865805
0.152651075664
0.152139330684
0.151605052486
0.15117911797
0.150694512056
0.150296885782
0.149807355154
0.149413006117
0.148997576474
0.148650561368
0.148199268124
0.147696858841
0.147273271536
0.146796646136
0.146409622166
0.145902421031
0.145488187137
0.145221242901
0.144825768974
0.144407885833
0.144065113419
0.143619683772
0.143191100895
0.142735786393
0.142333341695
0.141864980247
0.141388842004
0.141055865872
0.140550657651
0.140137566361
0.139709683218
0.139310241178
0.138868460779
0.138381782233
0.13796250848
0.137624315341
0.137137725369
0.136620586235
0.136192517087
0.135701303554
0.135249089141
0.134783535487
0.134395315769
0.133980816153
0.13355293301
0.133178964844
0.132765191534
0.132329053297
0.13185419052
0.131445155918
0.130975492432
0.130550089361
0.130064101692
0.129607910308
0.129238468271
0.128916466454
0.128415412353
0.12788911467
0.12754626254
0.127116457342
0.126651497134
0.126224960315
0.125734712239
0.125312887555
0.124957874219
0.124546775844
0.124086208905
0.123622692453
0.123099494859
0.122665818978
0.122230938492
0.121835836575
0.121428405163
0.121016111039
0.120666615861
0.12020663351
0.119776004574
0.119401194955
0.119063595261
0.118183976005
0.117785375417
0.11730183239
0.116842390341
0.116447749009
0.116069857016
0.115678058909
0.115216207648
0.114612558315
0.114162682255
0.113790698146
0.11328595051
0.112903089517
0.112474993796
0.112039209855
0.111557943179
0.111113239839
0.110651370863
0.110287508987
0.109828616096
0.109248456581
0.108739457394
0.108321255387
0.107896419188
0.107417659156
0.106960998329
0.106500209956
0.10608070591
0.105696649169
0.105251139805
0.104860856313
0.104434576359
0.103976817215
0.103583885362
0.103101148358
0.102678836518
0.102240280211
0.101815683163
0.101356586552
0.100934974446
0.100490474826
0.100017799825
0.0995878617662
0.0991457359285
0.098767994511
0.0983521308559
0.0978744337112
0.097408189181
0.0969736629901
0.0965530871997
0.0961057266403
0.095690013561
0.095191147237
0.0947343004052
0.0942591896204
0.0938937422701
0.093507781188
0.0930602877676
0.0926729095019
0.0923425640167
0.0918943177175
0.0914522450242
0.0910203229081
0.090572546051
0.0901161598039
0.0896664963212
0.0892606238102
0.0888081259604
0.088358134754
0.0879726608287
0.087586708604
0.0871310043764
0.0866891442606
0.0862159201015
0.0857434045341
0.0851915355453
0.0848436789858
0.0843829437567
0.0839863183683
0.08358775321
0.083132819576
0.0826936166793
0.0823505431143
0.0820083375743
0.0815892763988
0.0811671151344
0.0807431646757
0.0803499759575
0.0800092318879
0.0795855737234
0.0791983637482
0.0787411449057
0.0783756266963
0.077940356484
0.0776127833641
0.0771185406014
0.0767233501114
0.0763951924032
0.0758808876359
0.0755195058309
0.075127929159
0.0748168839422
0.0743744480956
0.0739045454603
0.0734621450434
0.0730501387848
0.0725895718462
0.0722553069627
0.071788172264
0.0714117328839
0.0709379064217
0.0704846955514
0.0701273792917
0.0697793854426
0.069417644913
0.0689721576931
0.0686286235435
0.0681913604168
0.0678062053578
0.0674045223957
0.066930483356
0.0665092122599
0.0660622059964
0.0656577240968
0.0652707444139
0.0648514485175
0.0644449825608
0.0640605848093
0.0635861294719
0.063185088671
0.0627579362633
0.0622736536437
0.0618659122219
0.0614699378522
0.0610184586031
0.0605741759893
0.0601367047138
0.0597224088181
0.0593848445541
0.0590149197895
0.0586896230207
0.0582316512994
0.057872009973
0.0574653048667
0.0571244235074
0.0567586351474
0.0564251231426
0.0560588609118
0.0556692018663
0.0552667970263
0.0548540511751
0.0545255701719
0.0542025098958
0.0537416905214
0.0533510084466
0.0528962873901
0.052511486627
0.0521169205834
0.0517544670334
0.0514033819526
0.0510334527594
0.0507188867272
0.0503455164351
0.0499341611953
0.0495339707045
0.0492180406332
0.0488055693613
0.0484416454833
0.0480304895349
0.0477112069387
0.0472678543515
0.04679892603
0.0464596168588
0.0460910251325
0.0457234254347
0.045341087028
0.0449560914021
0.0445136466981
0.0441697316804
0.0438641293342
0.0435394614405
0.0431967421714
0.0427968528321
0.0424096561431
0.0420514807159
0.0417022866894
0.0413558561709
0.0410172068758
0.0406535575771
0.0403087258188
0.0399146513608
0.0395893988789
0.0391970516134
0.0388399745035
0.0384440444208
0.0380189912162
0.037641905246
0.0373087386797
0.0369397284414
0.0366539710936
0.0363084196717
0.035927285871
0.0355821175316
0.0352199009169
0.0348815483446
0.0345183862028
0.0342163024576
0.0338389197646
0.0335554077669
0.0332565791152
0.0329585387718
0.0325713487258
0.032270801739
0.0319740324321
0.0315932285695
0.0313031067391
0.0310072940311
0.0306666119634
0.0303325109417
0.0299913262167
0.0296752854279
0.0293572428673
0.0289951945432
0.0286966183272
0.0284307259069
0.0281414566011
0.0278595942937
0.0275429113435
0.0272149462838
0.0269423598855
0.0265680573524
0.0262952871632
0.025968466922
0.0256297290529
0.0252960111137
0.0250131811356
0.0247351917251
0.0244752603331
0.0241780990864
0.0238785419137
0.0236342925434
0.0232530856692
0.0229266861544
0.022674664418
0.0224070160187
0.0220829083554
0.0218125363065
0.0215444716095
0.0211796752779
0.020904181439
0.0206061012374
0.0203297814462
0.0199831737797
0.0196235413107
0.0193145820109
0.019014845476
0.0187106691707
0.0184233141698
0.018169311698
0.0179164673309
0.0176114351797
0.0173330870445
0.0169846005027
0.016694774288
0.0163884987796
0.0160841198613
0.0158405049021
0.0156171733824
0.0153842803025
0.0151540234054
0.0148507483402
0.0145904050792
0.0143897761757
0.0141007482339
0.0138882869549
0.0136898270065
0.0134535991165
0.0131927841992
0.013018124077
0.0127773468064
0.0124918618235
0.0122227574895
0.0120374275252
0.0118203781145
0.0116078891561
0.0113582677744
0.0111469158844
0.0109194878185
0.0107039984169
0.0104612459467
0.0102126254509
0.0100327937159
0.00982895622022
0.00961066013083
0.00939022719436
0.0091928744206
0.00895185025004
0.00871673728492
0.00849431586279
0.00834324077495
0.00815767719684
0.00796004596865
0.00775662477065
0.00751295057757
0.00730459857727
0.00710977625116
0.00688352843345
0.00670786078234
0.006501746382
0.00628163120466
0.00607636379293
0.00590360745755
0.00570699538363
0.00558677725322
0.00543475387029
0.00524268176601
0.00509010424218
0.00494162713965
0.00481763022216
0.00466736503258
0.00448771099914
0.00431761824918
0.00416602638757
0.00401021037789
0.00385306409787
0.00366874664482
0.0035018876752
0.00338045331344
0.00318414294461
0.00302908922467
0.00289374265987
0.00274091546815
0.00264219700864
0.00252935902763
0.00239002358937
0.00227525220464
0.00219567458043
0.00209214738463
0.00198784309062
0.00188889046366
0.00173984911725
0.00163034829903
0.00153562687839
0.00143931500136
0.00134133765688
0.00124370284455
0.00114205590809
0.00105740098854
0.000957348867959
0.000867430094144
0.000793097709828
0.000708853759669
0.000631068928008
0.000577753348043
0.000502322092889
0.000358579096156
0.000300984839765
0.000232951760206
0.000177627973025
0.000132720190836
9.45774014403e-05
6.049057337e-05
3.26574396509e-05
1.49476870425e-05
2.19563152929e-06