0.254887135176
0.289610017063
0.299728883856
0.306584772385
0.31183034567
0.316096721026
0.319766487666
0.322946168807
0.325758298249
0.328424389638
0.330751022446
0.332852365782
0.334785744443
0.336769315638
0.338647317759
0.340421411026
0.342105508077
0.343626031242
0.345102205628
0.346542026298
0.34792878631
0.349260646282
0.350667524665
0.351911190684
0.353067615435
0.354269188641
0.355406695641
0.356499141044
0.357548480154
0.358587805605
0.359558147692
0.360537370983
0.361522529932
0.362500870649
0.363418062553
0.364432209272
0.365378241839
0.366287827988
0.367152085764
0.368023621924
0.368831750496
0.369665609456
0.370535557174
0.371425202994
0.372181207409
0.373021342763
0.373745256239
0.374436770963
0.375148921759
0.375847777686
0.376601119144
0.377343279151
0.378115901478
0.378877649726
0.379554236209
0.380254019706
0.380955463955
0.381642564788
0.382308592464
0.382925820904
0.38358979726
0.384243173733
0.384836958634
0.385335906331
0.385966716396
0.386552722587
0.387173150001
0.387624950044
0.388249110358
0.388827550692
0.389474277931
0.390059928063
0.39065641652
0.391235224791
0.391772386003
0.392327154863
0.39277721626
0.393302602103
0.393802928766
0.394395579248
0.394988290575
0.395527124291
0.39608995749
0.396649219686
0.397139993389
0.397742349315
0.398264826276
0.39879497529
0.399246855604
0.399787074513
0.400223834299
0.400712444445
0.401208530189
0.401674322803
0.402064308631
0.402605128804
0.403036333919
0.403559464683
0.404038698629
0.404490699226
0.404998517823
0.405536183376
0.4060520076
0.406612290535
0.40707286732
0.407524557866
0.407909662741
0.408384794467
0.408766929893
0.409262705979
0.409699401715
0.410133945072
0.41058080916
0.410997294715
0.411530270651
0.411989344645
0.412561281247
0.412973129239
0.413389957538
0.413728347234
0.414166899342
0.414610287653
0.415065630046
0.415487312316
0.415918018243
0.416399647503
0.416917659696
0.417360420443
0.417711249295
0.418129877175
0.418601377206
0.419009560162
0.419388451629
0.419842658554
0.420236231663
0.420646336586
0.421080340628
0.421523508169
0.421891023664
0.422365238511
0.422815464206
0.423296346009
0.423705883992
0.424101341208
0.424487283563
0.424963280984
0.425365970389
0.425789224068
0.426224455249
0.42666981529
0.42710906035
0.427470209229
0.427898179319
0.428312513126
0.428740249286
0.429212528561
0.429688849327
0.430002088835
0.43037868954
0.430808870936
0.431147739414
0.431517415183
0.431954033966
0.432266176004
0.432651177626
0.43310028592
0.43355230571
0.433970839397
0.43431430161
0.434721038399
0.435179934669
0.43560051968
0.436063907025
0.43645853944
0.436845682314
0.437301476292
0.4377563337
0.438216247429
0.438536084037
0.438965664371
0.439091885875
0.439476961836
0.439838589146
0.440238850914
0.440617974526
0.440958722407
0.441409074866
0.441725086416
0.442167958978
0.442587581219
0.443040028299
0.44336913362
0.443819181579
0.44425405981
0.44460022984
0.445023817231
0.445486737331
0.445869329985
0.446318638517
0.446716614844
0.44710035958
0.447566745027
0.447988618038
0.448414839549
0.44883482584
0.449217492658
0.449535619032
0.449945344743
0.450377345564
0.450787675027
0.451273005625
0.451689462343
0.452136557492
0.452556975084
0.452852846487
0.45325125761
0.453590549688
0.453952255712
0.454356526374
0.454756541169
0.455138691243
0.455508757486
0.455895260713
0.456296103448
0.456595855878
0.456928760979
0.457106143732
0.457528559974
0.457975285706
0.458217171802
0.458595111574
0.458957235388
0.459152798855
0.459589565676
0.460038195472
0.460483213538
0.460904570505
0.461255729848
0.4615800661
0.461853964698
0.462242608841
0.462702984224
0.463143821616
0.463545476616
0.463949337318
0.464225770806
0.464587972938
0.465003042371
0.465377318366
0.465699089886
0.466144762822
0.466556576653
0.466966521954
0.467207542396
0.467620491933
0.468027754039
0.468443862009
0.468751316378
0.469195401766
0.469609154695
0.469882331059
0.470249728959
0.470649707913
0.471017238909
0.471378156439
0.471746275766
0.472109376003
0.472369397099
0.472791278451
0.473222916056
0.473619541342
0.47396830541
0.474458126607
0.474707398907
0.475210576812
0.475691838965
0.476068882348
0.476446171101
0.476775408816
0.477249527297
0.477601123709
0.478040009868
0.478385269379
0.478788092064
0.479188160761
0.479520261768
0.479973338203
0.480380499177
0.480661093777
0.481129406813
0.481353824715
0.481673366435
0.482134515662
0.482420388289
0.482529983693
0.482875505115
0.48347820052
0.483880923187
0.484270927899
0.484769741779
0.485134236793
0.485589140158
0.485884310872
0.486234978985
0.486671182563
0.486872232604
0.487311409017
0.487838196711
0.488277117813
0.488701178999
0.489049439001
0.489392193618
0.489844963674
0.490298792595
0.490723809327
0.49106628102
0.4914585001
0.491774795376
0.492171574664
0.492605595817
0.493099663238
0.493434086412
0.493867410508
0.494308874701
0.494662188728
0.495161272937
0.495522652206
0.496037769023
0.496266505407
0.496717561949
0.497141615516
0.497413407266
0.497813450934
0.498241333567
0.498633860727
0.499053418263
0.498950931002
0.499443811905
0.499727831329
0.500139040413
0.50036397433
0.500868494121
0.501295870474
0.501690852892
0.502133286576
0.502605165875
0.502970986748
0.50348224828
0.503875119917
0.504263975119
0.504673134427
0.505021804303
0.505493762191
0.505860386832
0.506261184297
0.506733201911
0.507319520536
0.507667178343
0.507983342311
0.508222251224
0.508585417296
0.509069326103
0.509472608739
0.510004827068
0.51051110506
0.510874667428
0.511299308337
0.511684362692
0.512053614026
0.512554584231
0.5129306777
0.513360136053
0.513722980865
0.514317868338
0.514779571633
0.515244229017
0.515723269607
0.516130322036
0.516533962996
0.516790356136
0.517186019048
0.517683390556
0.518021031213
0.518317127122
0.518790040945
0.519371352229
0.519838287862
0.520339170497
0.520718598619
0.521242914204
0.5217240356
0.52215969566
0.522711245023
0.523131582552
0.523691599466
0.524200678389
0.524707310254
0.525162828495
0.525643360862
0.526215932767
0.526717265774
0.527148033479
0.527790073712
0.528104275429
0.528575185977
0.529025669539
0.529526826191
0.530105739261
0.530619569529
0.530958037323
0.531597585688
0.532083061475
0.532508938577
0.53309788179
0.533554370287
0.533958548954
0.53431840443
0.534908944563
0.535275202165
0.535747853584
0.535973402809
0.536459396552
0.53677894767
0.537224215296
0.537729881598
0.538152385305
0.538627764087
0.539022867519
0.53956471193
0.540181017667
0.540760219481
0.541219782787
0.541388348487
0.541927192177
0.542397953298
0.542996982381
0.543336913713
0.543875094584
0.54440173312
0.544987269469
0.545257846422
0.545736907763
0.546267793804
0.546636826687
0.547209067546
0.547861712446
0.548492216765
0.548933014939
0.549407623386
0.549877643595
0.550491660603
0.551062166766
0.551593424822
0.552339796897
0.552888088602
0.553435748444
0.55407531674
0.554525968597
0.555241767312
0.555652434044
0.555985922826
0.556519070348
0.557163773698
0.557479394351
0.558190328857
0.558586626582
0.559087377561
0.559557394897
0.560285074109
0.560550326898
0.561160113964
0.561853699605
0.562675521393
0.563146380868
0.563697777477
0.564224903887
0.56482352756
0.565235904686
0.565737943533
0.566327449665
0.56690342797
0.567307595866
0.56790489271
0.568529086082
0.569115933184
0.569752694189
0.570377757631
0.571162311707
0.571829570983
0.57232379963
0.572906397123
0.573572637676
0.573925197753
0.574499142681
0.575159811185
0.575852955278
0.576400743766
0.576823992748
0.577520004491
0.578154072679
0.578709259899
0.579289172007
0.579950010522
0.58077742479
0.581443805711
0.582145104447
0.582839358918
0.583432634511
0.583440940569
0.584091899666
0.584644964425
0.585434809074
0.586095207197
0.586803718603
0.587390316705
0.588195452692
0.588791530162
0.589614257711
0.590093224305
0.59072445995
0.591201466325
0.591917496146
0.592192459881
0.593071218525
0.593889929273
0.594407817156
0.59509340933
0.595735497517
0.59646914081
0.597264220282
0.597593261757
0.598501425176
0.599415236779
0.600075082544
0.600929433168
0.60157532494
0.60229892324
0.603053690035
0.60358691203
0.60423494757
0.605042146776
0.605948336149
0.60656591765
0.607050036879
0.607387185342
0.607419612677
0.608333468934
0.609144512313
0.609477949067
0.610321407734
0.610854476842
0.611804555578
0.612723133671
0.613711232298
0.614467077165
0.615022568661
0.615674355363
0.616623888727
0.617716014342
0.618518329328
0.619518077065
0.620237523663
0.621148632455
0.62155913284
0.622230506604
0.622876087691
0.623512542529
0.624578640186
0.625188705012
0.626097728303
0.626537219773
0.627227190975
0.628002849582
0.628181754166
0.628583653582
0.629411267265
0.629845693486
0.630644901972
0.631428868774
0.632141551891
0.632827884183
0.633775679771
0.634356122932
0.634939391266
0.635965501379
0.636510720231
0.637127694186
0.637964028489
0.638675604414
0.639641847312
0.640493772087
0.641213607674
0.642357524027
0.643177917651
0.644097257952
0.645027815429
0.646112306787
0.647234521324
0.647922060301
0.64893013403
0.649713168557
0.650229461129
0.65112758654
0.651803464475
0.652835110383
0.653530998208
0.654588587795
0.655510493767
0.656361554126
0.657300248659
0.658053653106
0.658804181711
0.660096926361
0.661273403681
0.661795509597
0.662763090228
0.663755156713
0.664624240362
0.665477756309
0.666312929116
0.666998694247
0.667754906506
0.668798731929
0.669505683792
0.670592129393
0.671573030169
0.671845982477
0.672370331286
0.673084077467
0.673808855895
0.674790835571
0.675228310885
0.675962853473
0.676653215878
0.677500752245
0.679474667066
0.68033724485
0.681415185069
0.682080110783
0.682864627871
0.683661857562
0.684642538467
0.685568443779
0.686291602733
0.687103552288
0.688136521035
0.689581688846
0.689671060325
0.690452296857
0.691162152391
0.692197852279
0.693115397451
0.69444397005
0.695262855768
0.696098329453
0.697861209748
0.699241451397
0.700459450269
0.701498998639
0.702546740843
0.703807674074
0.705322365599
0.705843159276
0.706951241832
0.707601893441
0.708729571138
0.710048865379
0.711282261327
0.712623193614
0.713279885182
0.714460740759
0.715442352221
0.716789672035
0.718058326493
0.719195232115
0.720405699873
0.721730975951
0.723152678125
0.724345615724
0.725489649099
0.72667507107
0.728073124302
0.729520802133
0.73068648672
0.732155222396
0.733387700106
0.734650203052
0.736333007253
0.737327794259
0.738718472372
0.73978368303
0.74083239513
0.742398617188
0.743712882932
0.744581115411
0.746406267291
0.747921801911
0.749555175816
0.751044547813
0.752421471222
0.753943498924
0.755138394968
0.756619199945
0.758348046807
0.759769121374
0.75988654916
0.761488585993
0.763203986425
0.764457546366
0.765884344125
0.76800418504
0.768915005188
0.770584119465
0.771793489971
0.773158090789
0.774869029765
0.776008245235
0.776739314883
0.77794690368
0.779804792826
0.780940039521
0.782183250855
0.783545884874
0.784949636
0.786743802776
0.788354395372
0.789796921978
0.791015942621
0.793080085236
0.794497103926
0.796520315201
0.798244534007
0.799240270863
0.801969911551
0.803326800343
0.804944296608
0.805739636577
0.807435728079
0.809267439574
0.811265795567
0.81357259895
0.815635391805
0.817333896963
0.819605211454
0.820449827178
0.82277723949
0.824430096841
0.826160381661
0.826689411541
0.82775135575
0.829406440737
0.830263314716
0.831491965987
0.833192328167
0.834556399396
0.837046480942
0.839366785327
0.841608312718
0.842752633448
0.844713679162
0.847105299585
0.848852282733
0.850868435837
0.852762076017
0.854330800175
0.855813391826
0.858718788678
0.861335965835
0.863241940174
0.864797315126
0.86691260242
0.869298786488
0.871407683958
0.872709773848
0.874378455544
0.875738382513
0.878499291724
0.879865172534
0.879212502785
0.881411750868
0.882644989938
0.883628941273
0.885615948943
0.887177292447
0.889298873467
0.892482683185
0.894029177113
0.896153513821
0.898306822588
0.900440673364
0.90239187976
0.904396085796
0.907420416847
0.909541721166
0.911663314155
0.91416570508
0.916549257903
0.918829412292
0.921746705789
0.924637772565
0.926560477525
0.929852954328
0.932096433818
0.933864359516
0.936368580883
0.939094360268
0.942051531885
0.944637252006
0.947410007715
0.949898838971
0.952154672936
0.954878204808
0.958727737445
0.960744764074
0.962697260326
0.96595979398
0.968098174928
0.972143038823
0.973770201143
0.977386722231
0.977479279254
0.981185757294
0.983254795135
0.986807008913
0.990074775335
0.994154166346
0.996471487415
1.0001102844
1.00259277298
1.00543265623
1.00874854674
1.01232000205
1.01551033737
1.01977767743
1.02276162067
1.0258412531
1.02976395107
1.03355982486
1.03681002499
1.03988715813
1.04469900625
1.04916191088
1.05282940725
1.05564228126
1.058480787
1.06227191145
1.06619829282
1.06947302858
1.07310163276
1.0768689439
1.08017539538
1.0831058782
1.08721435406
1.09202594892
1.09537809138
1.09852377107
1.10373950811
1.10814291772
1.11321686615
1.11580750864
1.11703492198
1.1198551688
1.12553669404
1.12937828376
1.1329993642
1.13950459573
1.14336722783
1.14823927422
1.15324655528
1.15742168878
1.16065609951
1.16621879158
1.17036628547
1.1731252494
1.17817698683
1.18040358522
1.18735755518
1.19366916291
1.19553010385
1.19967783817
1.20625463995
1.21283302105
1.21822287706
1.22623082173
1.23127135837
1.23798890338
1.24162131366
1.24618052207
1.2546432002
1.26005083143
1.26565107603
1.27268741072
1.27835703471
1.28208530825
1.28830768608
1.29778089008
1.30371756133
1.31223676634
1.32203810021
1.32994335597
1.33835126327
1.34629140408
1.35432541272
1.3609232062
1.36609080752
1.37715050445
1.3856231118
1.39058543725
1.40007456958
1.40291397291
1.40757364767
1.41130944565
1.42154621115
1.42657429803
1.43563791227
1.44742760186
1.45613056481
1.45997408042
1.46926020758
1.47705134117
1.4793565622
1.48940546143
1.49846676359
1.50994044202
1.52320038498
1.53636200508
1.54291849104
1.55080056372
1.55994945005
1.56773967304
1.5789215827
1.59478056305
1.61148723486
1.62598987015
1.63606950073
1.64543542865
1.6602146212
1.67520716966
1.69566283167
1.70989266021
1.72795190234
1.74607385499
1.75761320396
1.78176931548
1.80975778665
1.82309317702
1.83071438288
1.85055472088
1.86118357288
1.87289329305
1.90155683916
1.91716612954
1.93469027223
1.94201188139
1.95775779964
1.97604344328
1.99583637555
2.00672089373
2.02948547896
2.05001723416
2.07300522263
2.08246014194
2.1030366093
2.14058021981
2.17216754185
2.19560592784
2.2327602758
2.23545437893
2.24432731519
2.28739641286
2.32682297792
2.32038549272
2.35342762704
2.36595877668
2.37819820704
2.43274087125
2.45247208834
2.4735089553
2.49526253156
2.50600200968
2.53979620563
2.58648919792
2.62272916401
2.63892195038
2.68343287684
2.71963656724
2.7926747614
2.84322509629
2.83799490544
2.84370040369
3.0719422722
3.13526270673
3.2263818831
3.33655734622
3.27369204045
3.18208585311
2.98318527456
2.85884323979
1.81733314806
1.07093730493