1.0
0.999377076988
0.999377076988
0.999377076988
0.999377076988
0.999377076988
0.999377076988
0.999377076988
0.999377076988
0.999350100007
0.999350100007
0.999350100007
0.999350100007
0.999350100007
0.999350100007
0.999350100007
0.999350100007
0.999350100007
0.999350100007
0.999350100007
0.999350100007
0.999350100007
0.999350100007
0.999350100007
0.999350100007
0.999350100007
0.999350100007
0.998730802359
0.998730802359
0.998162579707
0.998162579707
0.998162579707
0.997867219087
0.997727535906
0.997727535906
0.997727535906
0.997727535906
0.997727535906
0.997727535906
0.997727535906
0.997727535906
0.997727535906
0.997727535906
0.997727535906
0.997727535906
0.997727535906
0.997727535906
0.997727535906
0.997727535906
0.997727535906
0.997727535906
0.997727535906
0.997727535906
0.997727535906
0.997499031281
0.997499031281
0.997499031281
0.997499031281
0.997499031281
0.997499031281
0.997499031281
0.997499031281
0.997275751448
0.996601113669
0.996514851308
0.996514851308
0.996514851308
0.995662357387
0.995662357387
0.995662357387
0.995662357387
0.995662357387
0.995662357387
0.995662357387
0.995359746037
0.995359746037
0.994499788129
0.994499788129
0.994069755862
0.994069755862
0.994069755862
0.994069755862
0.994069755862
0.994069755862
0.994069755862
0.994069755862
0.994069755862
0.994069755862
0.993729184807
0.993729184807
0.992973616086
0.992710883751
0.992500292695
0.992500292695
0.992211436406
0.992211436406
0.992211436406
0.992211436406
0.99196853695
0.99196853695
0.99196853695
0.99196853695
0.99196853695
0.99196853695
0.991851245729
0.991647372261
0.991359475627
0.991359475627
0.991073285048
0.991073285048
0.991073285048
0.991073285048
0.991065181291
0.9908416882
0.9908416882
0.9908416882
0.9908416882
0.990580661919
0.990403978689
0.990077695837
0.990077695837
0.990077695837
0.990077695837
0.990077695837
0.990077695837
0.989863586045
0.989863586045
0.989570251364
0.989057795356
0.989057795356
0.989057795356
0.988744627796
0.988744627796
0.988744627796
0.988744627796
0.98851750934
0.98851750934
0.98851750934
0.98851750934
0.98851750934
0.98851750934
0.98851750934
0.98851750934
0.98851750934
0.98851750934
0.98851750934
0.98851750934
0.98851750934
0.98851750934
0.988436791654
0.988436791654
0.988068177335
0.987776548708
0.98773421724
0.98773421724
0.98773421724
0.98773421724
0.987537167989
0.987537167989
0.987537167989
0.98722847882
0.98722847882
0.98722847882
0.986968518823
0.986968518823
0.986968518823
0.986968518823
0.986968518823
0.986724233198
0.986724233198
0.986724233198
0.986724233198
0.986724233198
0.986724233198
0.986457875498
0.986051834616
0.986051834616
0.986051834616
0.985749010009
0.985558571717
0.984394936175
0.984158221166
0.984158221166
0.984158221166
0.984158221166
0.983815944057
0.983815944057
0.983815944057
0.983815944057
0.983815944057
0.983815944057
0.983815944057
0.983815944057
0.983815944057
0.983795578036
0.983744183155
0.983744183155
0.983744183155
0.983744183155
0.983412675513
0.983412675513
0.983412675513
0.983412675513
0.983412675513
0.983412675513
0.983412675513
0.983095775959
0.983095775959
0.983095775959
0.983095775959
0.983095775959
0.982899366478
0.982899366478
0.982899366478
0.982352469503
0.982352469503
0.982352469503
0.982352469503
0.982104985026
0.982104985026
0.981835001961
0.981606817222
0.981278721688
0.981278721688
0.98091266645
0.98091266645
0.980196976744
0.980196976744
0.980196976744
0.97976406551
0.97976406551
0.979578318867
0.978934283435
0.978934283435
0.978934283435
0.978934283435
0.978934283435
0.978590513529
0.978390052169
0.977816284841
0.977816284841
0.977816284841
0.977517512112
0.977517512112
0.977250727899
0.976959952299
0.976959952299
0.976959952299
0.9766038135
0.976283608467
0.976283608467
0.976249594012
0.976249594012
0.975545740057
0.975545740057
0.975545740057
0.975545740057
0.975121678979
0.975121678979
0.974922710417
0.974474764581
0.974474764581
0.974443309208
0.974443309208
0.97406669776
0.97406669776
0.97406669776
0.97355498815
0.97355498815
0.973284258686
0.973284258686
0.973284258686
0.973284258686
0.972616978267
0.972616978267
0.972616978267
0.972616978267
0.972616978267
0.972314900058
0.972314900058
0.972127340733
0.972127340733
0.971865248168
0.971492688598
0.971248722859
0.97100859574
0.97100859574
0.97100859574
0.97064861832
0.97064861832
0.970030600213
0.969817983218
0.969817983218
0.968870163523
0.967801320614
0.967801320614
0.967801320614
0.967801320614
0.967801320614
0.967502014743
0.967502014743
0.967502014743
0.967267005788
0.966997769121
0.966997769121
0.965784444753
0.965784444753
0.965780819388
0.965707885574
0.965376591189
0.965092213292
0.964780218644
0.964780218644
0.964780218644
0.964780218644
0.964249209297
0.964249209297
0.963986263705
0.963986263705
0.963986263705
0.96375978502
0.963584168074
0.963584168074
0.963584168074
0.963246582614
0.963246582614
0.962983956907
0.962983956907
0.962145111419
0.962145111419
0.961850390569
0.961558975199
0.96137824009
0.961028498994
0.960799674485
0.960534489697
0.958523904911
0.958523904911
0.95791868221
0.95791868221
0.957005729996
0.956775199432
0.956432069297
0.955998091778
0.955998091778
0.955998091778
0.955621267074
0.955561341922
0.955082580484
0.954810464851
0.954810464851
0.954367957062
0.954367957062
0.954367957062
0.954050524366
0.95365269387
0.95365269387
0.953222661602
0.952787511172
0.951995475544
0.951573547034
0.95126848323
0.951013001625
0.951013001625
0.951013001625
0.95052144478
0.950263830608
0.949920487215
0.949729835666
0.949729835666
0.949334884137
0.949032272786
0.948627298188
0.948627298188
0.948627298188
0.948321701243
0.948321701243
0.948321701243
0.9480634473
0.94736385848
0.947044399845
0.947044399845
0.946280300854
0.945457342996
0.945225426263
0.945225426263
0.945021766052
0.945021766052
0.944554093965
0.944545563694
0.944545563694
0.944326548996
0.944326548996
0.943552640193
0.943552640193
0.943552640193
0.943336824347
0.943336824347
0.943336824347
0.943174109434
0.942885999544
0.942682339333
0.942682339333
0.941930395977
0.941503562561
0.94134074102
0.94134074102
0.94134074102
0.94134074102
0.940762601929
0.940762601929
0.940515970479
0.940240762623
0.940240762623
0.939949027368
0.93959875313
0.938989371923
0.938989371923
0.938465719935
0.938465719935
0.937308268839
0.937308268839
0.936703472652
0.936335391474
0.936335391474
0.936335391474
0.936335391474
0.936079483356
0.936079483356
0.935872197779
0.935872197779
0.935571932253
0.934766248193
0.934766248193
0.934420772233
0.93413874016
0.933304586321
0.932930427326
0.932930427326
0.932930427326
0.932152360017
0.931859131964
0.931490411016
0.930786237176
0.930786237176
0.930288069372
0.930288069372
0.929589973349
0.929043716144
0.929043716144
0.929043716144
0.928761364186
0.928319922682
0.928319922682
0.928319922682
0.928319922682
0.928319922682
0.927860141095
0.927860141095
0.927043367683
0.926370116074
0.925806904956
0.925806904956
0.925066050952
0.925066050952
0.924594113729
0.924012349273
0.923734902221
0.923734902221
0.922603681707
0.92230480235
0.922038764535
0.922038764535
0.92126965401
0.921102460706
0.92045863853
0.92045863853
0.920020395877
0.919413467122
0.919155959578
0.918749172297
0.918262946872
0.917917044398
0.917917044398
0.917511536658
0.917205406571
0.917192184651
0.916876351381
0.916876351381
0.916398123085
0.91617558965
0.915825208784
0.91477577224
0.914502483695
0.914502483695
0.914248388259
0.9137729323
0.913232539656
0.91275356496
0.91275356496
0.912191420126
0.911618079311
0.91131290888
0.91130501838
0.911036314855
0.910810262683
0.910810262683
0.910093826579
0.908120241842
0.907400073744
0.906760090191
0.906760090191
0.906247420926
0.90592476344
0.905424143182
0.905424143182
0.904568343782
0.904568343782
0.903950219047
0.90344757285
0.902701600684
0.902112798754
0.900922506117
0.900722791156
0.900722791156
0.899988228227
0.899988228227
0.899771772609
0.899442397535
0.899442397535
0.89805281645
0.898045778977
0.898045778977
0.898045778977
0.89766383611
0.897424135505
0.897165881562
0.897165881562
0.896412338781
0.896084349875
0.89585392594
0.895585648929
0.894785509544
0.894021943695
0.892753119253
0.8901182786
0.889891266773
0.889891266773
0.888811014627
0.888732856022
0.888233461991
0.888233461991
0.888233461991
0.888233461991
0.887943699361
0.886849585525
0.886207416089
0.885947029579
0.885947029579
0.8857408636
0.8857408636
0.885444703267
0.88514022592
0.883971952044
0.883408687611
0.883170213233
0.882279493037
0.882279493037
0.881459200889
0.881148059267
0.880053092404
0.878926670168
0.878587378654
0.877473538567
0.876198902879
0.87595888239
0.875080157887
0.874576765292
0.874123274779
0.87330069012
0.872719405491
0.872439186101
0.871096361562
0.87063434078
0.870305019019
0.869227752468
0.868245278549
0.868023171627
0.867190723843
0.866752214618
0.866415215614
0.86622296464
0.86622296464
0.86514953671
0.864890483054
0.864247727163
0.864247727163
0.864247727163
0.863579273831
0.863579273831
0.862887415569
0.861831901208
0.861514148627
0.860457461353
0.860068481013
0.859218439545
0.858903619245
0.858511599995
0.857524754312
0.856947468248
0.856452392666
0.856255556672
0.856255556672
0.855768798104
0.854815220477
0.854411312162
0.85382005778
0.853160188033
0.852017611597
0.851278463647
0.850604039126
0.849717317494
0.849206407598
0.847813680976
0.846950097704
0.846420794411
0.844104825937
0.842683362965
0.841638671385
0.840577505719
0.840577505719
0.838455281016
0.837259497017
0.836334762367
0.836046279277
0.834680423008
0.833964893245
0.833157769701
0.83150620268
0.830593090523
0.829819394978
0.829376354047
0.828286665289
0.825678268474
0.82437276387
0.824141593536
0.823911062972
0.821342491858
0.820071748106
0.818565408942
0.817477852752
0.81636534552
0.816069131872
0.815292290789
0.813840651986
0.813617105581
0.813010176826
0.812686826255
0.811887486583
0.810685358196
0.810118415084
0.810077896299
0.808073815844
0.807659777833
0.805729057706
0.805283297751
0.804976048066
0.804214508156
0.804175802053
0.801897046884
0.801239682904
0.799996715846
0.799655131821
0.798849394447
0.798029475497
0.797172556499
0.796323528001
0.796003269653
0.795067285708
0.794523214385
0.793746479931
0.792910939923
0.792251230118
0.791221519826
0.790935222618
0.789904019527
0.789176920585
0.788635141772
0.786958623709
0.785946293843
0.785141782694
0.78411676405
0.783641094835
0.783122720952
0.782141206688
0.782133209559
0.781509593462
0.781191734253
0.78041654591
0.779312195749
0.778538926717
0.777454942577
0.776526529248
0.776097243379
0.775586333483
0.772427627585
0.771626048717
0.77114680745
0.769440753325
0.768061195308
0.767312664061
0.765980449046
0.765104816767
0.763882535614
0.762926718791
0.762108452581
0.760297369499
0.75856188594
0.757741380535
0.757442767749
0.755703712139
0.754134248973
0.753057942076
0.752530558095
0.751941916108
0.751323844687
0.749701600471
0.748508642124
0.748206350659
0.74770317132
0.746697772299
0.746062587022
0.744712245182
0.744712245182
0.74365481151
0.742755187844
0.741132943628
0.739829145077
0.738465901203
0.737642463517
0.737642463517
0.736680035733
0.736316219691
0.735589653891
0.733233166631
0.732467788099
0.730691359241
0.73001362924
0.72732019629
0.725396940149
0.723603344122
0.72147909348
0.718991666565
0.717831816331
0.715900083234
0.715073340068
0.714479260033
0.713437234162
0.710986380783
0.710058234025
0.709458129487
0.707897196591
0.706989575796
0.704854609001
0.702967446568
0.700622741744
0.699897295542
0.699515832502
0.698089944453
0.69544417439
0.693731615934
0.692481558088
0.691020642615
0.689153952831
0.687459947714
0.685781563654
0.684684304281
0.682557494557
0.676786553223
0.676107437052
0.673647360318
0.67117539452
0.669793010851
0.667467232565
0.665786555995
0.665502764554
0.663792818493
0.662967408182
0.660467505747
0.658756120203
0.655953713046
0.654052102466
0.653439202522
0.651903433924
0.650476159706
0.649308738857
0.648639592441
0.647041232982
0.645793467647
0.644600349357
0.643130103901
0.642230693492
0.640492064396
0.637451022918
0.636577150007
0.634304312713
0.631935296618
0.630765423316
0.6294012731
0.627633854341
0.625319112093
0.623525729322
0.622320775282
0.620091495683
0.618283718081
0.617824043122
0.61565362239
0.615000363603
0.61146877825
0.610762365214
0.605827337086
0.605303685098
0.602860988791
0.601790759712
0.600599187534
0.59957950031
0.597443733802
0.595802189848
0.593283200933
0.590536826991
0.587828839267
0.586080986816
0.584519840663
0.583551974832
0.582391538142
0.580344273192
0.57860175216
0.577224646596
0.574910864003
0.572737830876
0.571963122361
0.571744854061
0.569356751485
0.567574937894
0.565518556218
0.56442124353
0.561877410201
0.560079122525
0.558654460702
0.555844376302
0.55408863335
0.551805239847
0.54984183812
0.548612092981
0.545745495537
0.54307168221
0.542293188387
0.539839136157
0.539114116468
0.536587077109
0.532308613249
0.529619498749
0.528848842112
0.526089192936
0.524127177378
0.522714617877
0.520819991457
0.518685931003
0.516341119551
0.513279072282
0.510358041049
0.509464015373
0.507658370339
0.503854136211
0.501852668151
0.498594744543
0.496273551277
0.494452231871
0.490551125857
0.488095527515
0.486251762834
0.485469590332
0.483718005887
0.481710673267
0.479316386245
0.477577917091
0.473929467031
0.469262236087
0.467009018415
0.463591418804
0.460423329608
0.458044290445
0.454997064521
0.451337258537
0.449330832258
0.448095542443
0.445017954087
0.441720764577
0.440585892041
0.437628793758
0.434879114336
0.433311970337
0.432232544561
0.429894983838
0.426661744701
0.424812568629
0.42244707127
0.419606997637
0.416737627855
0.41215521979
0.408960420184
0.404067083754
0.401920041295
0.399391215911
0.396938603164
0.394380481632
0.390505499572
0.3866376083
0.384448847486
0.381519232668
0.374572660099
0.372547627167
0.369365996166
0.367561843929
0.365470994627
0.362897332009
0.359556291576
0.355855646922
0.352059010066
0.347449278478
0.344966916412
0.342612668348
0.340537706675
0.337781976093
0.335856427442
0.33216154072
0.329891689021
0.327232270526
0.324635762776
0.320931066243
0.318912910842
0.31523060627
0.311279065031
0.309919819721
0.308731499709
0.303128977905
0.297108792726
0.293453305192
0.290602861948
0.286329569565
0.284606188327
0.280911834748
0.277735588481
0.272954851623
0.268817057257
0.263435682719
0.258649827699
0.252506353452
0.248674769144
0.243918556815
0.237692898742
0.229335286126
0.225892015731
0.220613870796
0.216274028973
0.211331163659
0.207183239596
0.200621195633
0.194011222211
0.190622292306
0.187944627028
0.180908673217
0.177583333813
0.171074044242
0.1647981642
0.159389786025
0.152498020444
0.146752963149
0.140697683904
0.133163722231
0.127625643955
0.122411769278
0.117405899919
0.10899122779
0.103303756486
0.0981669208154
0.0938148567138
0.0881423000553
0.0818891851736
0.0736886428297
0.0656079441237
0.0600664870618
0.0531305973237
0.047430303957
0.0388396016961
0.0310326846916
0.0227123786809
0.0165130128345
0.00634579660519
0.00164261356936