0.254887142384
0.28921105166
0.299967147378
0.307245671841
0.312783864409
0.317354890052
0.321244738076
0.3245766897
0.327536330737
0.330210566108
0.332643174918
0.334867419191
0.336993033729
0.338943938199
0.340776812325
0.342484890404
0.34414328756
0.345768534881
0.347293197408
0.348727690594
0.350137747577
0.351475637618
0.352760134545
0.354015422774
0.355213593519
0.356373540543
0.357502097548
0.35862641443
0.359694305125
0.360767492702
0.361795669066
0.362801900026
0.363783894675
0.364688507828
0.365604797902
0.366544504306
0.36745054667
0.368364700372
0.36926370117
0.370112989633
0.370981454916
0.371844040294
0.37267570256
0.373492739074
0.374296005165
0.375024617778
0.375755253301
0.37656647704
0.377347123565
0.378072354487
0.378860629257
0.379598174826
0.380293937646
0.381009313845
0.381745443122
0.382458359069
0.383143365063
0.383855290866
0.384559984377
0.385229763685
0.385900264456
0.386600517201
0.387280803917
0.387934556383
0.388589378798
0.389220397034
0.389871869216
0.39048441359
0.391096453113
0.391705451986
0.39232117827
0.392924202022
0.393574350897
0.394128088817
0.394705311679
0.395311986976
0.395926259874
0.396529210337
0.397097204705
0.397655759488
0.39823445279
0.398819971488
0.399410630961
0.399989331832
0.400491201157
0.401061393084
0.401625231942
0.402154732192
0.402690794215
0.403203758041
0.403746693495
0.404254639193
0.404802999855
0.405320910619
0.405833145715
0.406315211531
0.406893159851
0.407398111387
0.407891822204
0.408392361852
0.408934398836
0.409411830938
0.409894029224
0.41042328049
0.410922431369
0.411433381798
0.411855071433
0.412379589606
0.412872387109
0.413378718617
0.413874633634
0.414374479478
0.414872286918
0.415370400627
0.415850021856
0.416339954934
0.416837779654
0.41730878754
0.417774440684
0.418265264486
0.418715381247
0.419149176407
0.419626574125
0.420157403295
0.4206283515
0.421108909904
0.421534319834
0.421953805671
0.42234486172
0.422824405463
0.423245876284
0.423721412513
0.424187877543
0.424643220207
0.425140788166
0.425537201943
0.42599816319
0.426444046042
0.426903505566
0.427369157568
0.427845447453
0.428301822196
0.428788221922
0.429264883762
0.429744013204
0.430147852251
0.430597825007
0.431097438603
0.431544803715
0.432005840071
0.432434973121
0.432830513493
0.433215483
0.433671437464
0.434065581508
0.434465837981
0.434880659025
0.435304050165
0.435765093753
0.436194147468
0.436642857983
0.437032808948
0.437430489074
0.4378665558
0.438303510486
0.438705685214
0.439117687871
0.439529922107
0.439951612014
0.440338640915
0.440747236235
0.441121592096
0.441560435253
0.442007606934
0.442467622364
0.442849280776
0.443269929711
0.443700855723
0.444166800039
0.444606973954
0.445052356364
0.445442965684
0.445851633478
0.446317621424
0.446648021737
0.447122158458
0.447609606982
0.448038680734
0.448420488285
0.448850352883
0.449198955339
0.449603781702
0.450033527758
0.450490611221
0.450881658716
0.451260690387
0.451664191993
0.45212025745
0.452544492044
0.452935861684
0.453338426146
0.453780448142
0.454180507901
0.45460202505
0.454927213888
0.455365462538
0.455824653941
0.456221862816
0.456645222077
0.4570630478
0.457498619714
0.457906402237
0.45827655393
0.458711944045
0.459139745307
0.459593213423
0.459987201933
0.46040547957
0.460727044471
0.461162223071
0.461604196846
0.462015871628
0.462439350409
0.462805939365
0.463202249259
0.463553512142
0.463944235662
0.464320915282
0.464626344438
0.465020322955
0.46547132897
0.465897005004
0.466337461517
0.466720680295
0.467072833357
0.467481074419
0.467916087444
0.468297447502
0.468706950431
0.469116583291
0.469549424404
0.469932553672
0.470339061107
0.470744297837
0.471129704239
0.471466149352
0.471849938595
0.472230972267
0.472656671493
0.473090560701
0.473490970217
0.473881995774
0.474261702165
0.474680934087
0.475065903585
0.475449274599
0.475916427694
0.476392729642
0.476819195417
0.477219511337
0.477526331974
0.477905539679
0.478241955131
0.47862262686
0.478933714472
0.479353078962
0.47977176155
0.480152671335
0.480535327345
0.480808602318
0.481226501651
0.481596495293
0.482045653146
0.482453493416
0.482877241924
0.483237660965
0.483649461342
0.484051741941
0.484434794858
0.484839598661
0.485244759973
0.485647708105
0.486080620387
0.486458186247
0.486905577909
0.487318282768
0.487700734456
0.48817210924
0.488562910517
0.488922358639
0.489328077068
0.489676312323
0.490116089499
0.490530792391
0.490964313139
0.491358100944
0.491818081496
0.492268223583
0.492704428463
0.493131623916
0.493487235958
0.493948379865
0.494353392036
0.494769094888
0.495266972832
0.495690493673
0.496131394943
0.496569091342
0.497053075363
0.497480286524
0.497862263831
0.498260298361
0.498701397224
0.499146500446
0.499558325164
0.499968858814
0.500354435113
0.500749571296
0.501171160693
0.501597007251
0.502024581645
0.502493801214
0.502924583932
0.503356039952
0.503766613695
0.50423441041
0.504600172241
0.505036115597
0.505406895577
0.505833676928
0.506313715965
0.506724179956
0.507184245047
0.507520632292
0.507950019808
0.508384752685
0.508770676299
0.509242378526
0.509696201473
0.510134296705
0.510607825431
0.511054001388
0.511455467734
0.511830828051
0.512226786981
0.512606379794
0.513056289513
0.51354475494
0.513948516944
0.514336974515
0.514747950448
0.515222275736
0.515659127498
0.516149176721
0.516498135302
0.516824401482
0.517300635143
0.517729286491
0.518118622043
0.518546238061
0.519034847996
0.519422526699
0.519932073721
0.520315686966
0.520671291475
0.521118582936
0.521605606116
0.522064884731
0.522513021387
0.523038954802
0.523484205266
0.523845302475
0.524201983892
0.524620072735
0.525026873982
0.525499588991
0.52595519006
0.526458668382
0.526889294833
0.52736436056
0.52782971646
0.528359413581
0.528810774415
0.529320050799
0.52979440644
0.530287638281
0.530730032547
0.531140626047
0.531570345045
0.53204959863
0.532531230076
0.53283092908
0.533272146875
0.533667147915
0.534215389361
0.534697670123
0.535186057457
0.535746957931
0.536183195775
0.536728901988
0.537234432427
0.537690438796
0.538100468291
0.538583066742
0.539086522026
0.539632429588
0.540168757529
0.54070486783
0.54122509657
0.541717979433
0.542207292937
0.542666971696
0.543075633951
0.543444469615
0.543929854888
0.544430303933
0.54485392103
0.545305467581
0.545847823613
0.546255388354
0.546732119737
0.547248456415
0.54774426576
0.548197129031
0.548664555531
0.54917272497
0.549647526007
0.550110268537
0.550559454196
0.551031470541
0.551613697667
0.552075283336
0.552610080786
0.553132307388
0.553656386091
0.554201657969
0.554656206765
0.555194763091
0.555741510509
0.556203346856
0.556708253111
0.557243144031
0.5577437308
0.558153553826
0.558784463014
0.559263817551
0.559755035352
0.560312239193
0.560817709929
0.561338792438
0.561835052108
0.562448634398
0.562970517625
0.563510688311
0.564041770263
0.564645008563
0.565175455368
0.565735629338
0.566270346989
0.566907339453
0.567479780978
0.567951711943
0.568505698057
0.569061611206
0.569677199727
0.570284883312
0.570752497685
0.571350658629
0.571979948563
0.572527406761
0.573126478709
0.573574880413
0.57420794859
0.574774125904
0.575149799496
0.57578305246
0.576319795625
0.57683809019
0.577447732587
0.577942192798
0.578364984309
0.578919578592
0.579531477677
0.580010275245
0.580558039988
0.581192024242
0.581797750352
0.582381296641
0.583001756213
0.583675872985
0.584257773457
0.584837309119
0.585467136095
0.586001543939
0.586681010766
0.587376608614
0.588049321501
0.588694407939
0.589242738012
0.58985671471
0.590510986882
0.591126802331
0.591758168574
0.59241764453
0.593076498157
0.593672862455
0.5943083348
0.594933887675
0.595557199303
0.596084533059
0.59683939338
0.597489298258
0.59803963684
0.598753308285
0.599395229198
0.599959687572
0.60053570278
0.601261814722
0.601895661162
0.602556288228
0.603323935795
0.604035002863
0.604722428756
0.605362491251
0.606121303561
0.606813338109
0.607308551258
0.607910171479
0.608592379502
0.609258656698
0.609914134793
0.610491452466
0.611132578017
0.61179028335
0.61234323155
0.613043492355
0.613808585179
0.614421777919
0.615089567672
0.615863375155
0.616540365214
0.617158409948
0.617823884053
0.618651820921
0.61949246959
0.620261108887
0.620862885091
0.621682059395
0.622377766796
0.623076144089
0.623916754218
0.624519827262
0.625276098074
0.626000515234
0.626723696861
0.627648038908
0.628459101331
0.629204346343
0.629983345109
0.630720450809
0.631582479897
0.632299921053
0.632877818866
0.633612623164
0.634370203011
0.635015258301
0.635864995057
0.636450648244
0.637416323
0.638250945568
0.639005442753
0.639943816261
0.64085903856
0.641691943505
0.642498673286
0.643333165649
0.644106747618
0.64492003896
0.645838451841
0.646650268735
0.647519094872
0.648382565812
0.64931811341
0.650127596147
0.651121754619
0.6519689676
0.652976937742
0.653764704451
0.654348273573
0.655069522975
0.655761297558
0.656700995056
0.657590820632
0.658513386873
0.659341714811
0.660131921194
0.660851416596
0.661579309138
0.662350770062
0.66319021948
0.664104874266
0.665060605505
0.666167923977
0.667233263367
0.668191101619
0.668983415456
0.669677618756
0.670567505376
0.671392458951
0.672253669425
0.673105983406
0.673914337182
0.674732429544
0.675582071383
0.676491874218
0.677427138074
0.678251987692
0.679229059572
0.679916157729
0.680780132804
0.681721352379
0.6827596204
0.683902364305
0.684723319204
0.685781967717
0.686671547231
0.687534216642
0.688553454759
0.689643680409
0.690766196212
0.691709192475
0.692442675174
0.693349180465
0.694265823193
0.695088190709
0.696118601758
0.697169047376
0.698316990928
0.699282168776
0.700438431219
0.701534176482
0.70265809337
0.703549861727
0.704681572336
0.705541095995
0.706766129667
0.707684451098
0.70876899434
0.709759408926
0.710838601584
0.711864022635
0.712844344096
0.713962410273
0.715163178053
0.716300383139
0.717482631902
0.718500397894
0.719631721163
0.720725760953
0.721901481426
0.723159923627
0.724055533815
0.725105816637
0.726314241442
0.727425340732
0.728642437612
0.72946918601
0.730356816471
0.731347229017
0.732423321328
0.733493024463
0.734494956062
0.73567533833
0.736962641033
0.738134180681
0.739179344501
0.740365482215
0.741271254681
0.742272844784
0.743303971307
0.744447124073
0.745532345646
0.746904786111
0.748058553072
0.749265147405
0.750279631789
0.75157242536
0.75275284039
0.754124040829
0.75539880168
0.756769246621
0.757924953432
0.759236622488
0.760694740852
0.762083580223
0.763170605692
0.764540607328
0.765731279262
0.767003028007
0.768177138417
0.769430775896
0.770857173459
0.772026171069
0.773272142227
0.774667798906
0.775952201083
0.777610385546
0.779098602034
0.780546114374
0.781797903222
0.783152959757
0.784400232501
0.786040249873
0.787115180444
0.788671710424
0.789779213484
0.791256914263
0.792976868565
0.794453164497
0.795902795705
0.797538381995
0.799334591129
0.800905800406
0.802503609399
0.804220804953
0.805963266398
0.807520341038
0.8087832312
0.810422751005
0.812187951737
0.81350536294
0.81505464811
0.816090215298
0.8180199794
0.81943339223
0.82138668766
0.823117153643
0.824415396861
0.825548112433
0.82714582503
0.828958708768
0.830575559932
0.832118157366
0.833706101828
0.834938259629
0.836488602256
0.838132534619
0.840068315095
0.841893195248
0.843690487872
0.845463064229
0.847023528299
0.848919566573
0.850690336622
0.852113735893
0.853745353722
0.854457979414
0.855955542266
0.857795891819
0.859374941208
0.861271026158
0.863223675863
0.864482072923
0.866627048691
0.868726316378
0.87058269646
0.872411241327
0.874434821389
0.876402898467
0.878564647506
0.880558289399
0.882256862402
0.884009210697
0.886107260228
0.888122066458
0.890127471415
0.891947791506
0.893777469761
0.896082129757
0.897969647256
0.90012621731
0.90245456807
0.90422437516
0.906692828386
0.908822373665
0.910687257399
0.912936928926
0.915626707
0.91784970814
0.919763704663
0.922231990276
0.924255582273
0.926128026171
0.928233455769
0.930735257634
0.933258290143
0.935355108617
0.937963442305
0.939384088891
0.941521919778
0.943449734423
0.945528083608
0.948172680075
0.95077986374
0.952938941299
0.954980523336
0.957288636082
0.960145210786
0.962687777796
0.965842841838
0.968737238474
0.970858467445
0.973603241857
0.976281113789
0.979126006122
0.982098738068
0.985371037111
0.988506679276
0.991356617539
0.993516804482
0.995904927913
0.998803137784
1.00066359778
1.0043142565
1.0069406396
1.00953721838
1.01269295284
1.01528737747
1.0180098204
1.02066690145
1.02368469664
1.02620628566
1.02925667427
1.0325926231
1.03606494619
1.0395358441
1.04230628153
1.04568410382
1.04920014078
1.05231482428
1.05468222397
1.05756740063
1.06034593914
1.06410717021
1.06751074628
1.06988467678
1.07320175391
1.07624417904
1.07951838621
1.08276541522
1.08595485301
1.08906971957
1.09310870969
1.09700718193
1.10012285499
1.10373182626
1.10676102957
1.11105063031
1.11520785147
1.11897692679
1.12226421483
1.12665832833
1.13075054154
1.13383748372
1.13784987425
1.14171047759
1.14543216274
1.14870464072
1.15327463338
1.15814783963
1.16147819235
1.16380364309
1.16861159581
1.1731394779
1.17694114435
1.18225832748
1.18814231507
1.19337799456
1.19820259766
1.20249822511
1.20775811587
1.21259278715
1.21838579044
1.22245769079
1.22757913045
1.23458397203
1.240858297
1.24644681934
1.25358013484
1.25712530701
1.26226888112
1.26835388104
1.27404922708
1.28002186808
1.2857290256
1.29182274049
1.29708969376
1.30174340995
1.30617714847
1.31235860579
1.31840304337
1.32490165729
1.33136234569
1.33900715811
1.34709069349
1.3522359348
1.35856956838
1.36691377181
1.37535455107
1.38315666091
1.39074920626
1.39988466043
1.40783899789
1.41396215324
1.42304994325
1.4306819782
1.44037829436
1.4487310131
1.45773721583
1.46584664618
1.47393273054
1.48409358632
1.49223936253
1.50019670597
1.50892336493
1.51790533675
1.52951093834
1.54006033735
1.55231788842
1.56010038043
1.56983274366
1.57874680873
1.59003130731
1.59974453758
1.61358193309
1.625406563
1.63627918142
1.64963298543
1.66570717212
1.67591232715
1.69001281863
1.70499828721
1.71706994162
1.73094444849
1.73964254783
1.75693509367
1.77015194403
1.78392692013
1.79985996877
1.81433295909
1.82808979394
1.83937791812
1.85543226517
1.86815670013
1.88577946695
1.90126175625
1.91947365993
1.93835456824
1.95952480368
1.97854239551
1.99808248099
2.02914932453
2.05314965032
2.06023175791
2.08554149008
2.11839205452
2.13911663724
2.17299615298
2.19864844835
2.21907097241
2.23732336424
2.25076412077
2.27489147802
2.29779214573
2.31605128833
2.35247125727
2.38568276975
2.40914149645
2.45404736419
2.48029607939
2.50545814502
2.54072686962
2.58921701642
2.64272331999
2.69130785595
2.73030944632
2.77112725617
2.81066970643
2.84267007471
2.85396396859
2.86714070244
2.88807666061
2.87256365886
2.8312785256
2.74609890299
2.57543108881
2.4159984921
2.31112453176
1.87882117389
0.884152398078