0.25488717132
0.300768102612
0.313471266699
0.321357020609
0.327034619643
0.331680043906
0.335423240947
0.33865131547
0.341410006967
0.343971443169
0.346348068712
0.348507225042
0.350588261104
0.352484427564
0.354226866293
0.355908618994
0.357516355691
0.359165166231
0.360653428767
0.362004340404
0.363351411039
0.364669545925
0.365885328875
0.367083269729
0.368236094759
0.369457663145
0.370540038921
0.371615105938
0.37267948845
0.373725504355
0.374821919895
0.375822230019
0.376783217602
0.377751253528
0.378745179811
0.379715270433
0.380588246843
0.381458377428
0.38242154917
0.3832500966
0.384208892246
0.385133782991
0.38596484693
0.386871462345
0.387734563662
0.388362759293
0.38923578365
0.39017139652
0.391019197808
0.391776263936
0.392676862145
0.393517556579
0.394338973156
0.395128787478
0.395921531567
0.396654304809
0.397292330998
0.398130995177
0.398946002153
0.399729484911
0.400486671903
0.401294627718
0.402147730112
0.402924127324
0.403769599178
0.404438606249
0.405229378966
0.405890504281
0.406606431672
0.407321103246
0.408177480294
0.408905862434
0.409678920517
0.410366472443
0.411010402715
0.41176950451
0.41253559375
0.413271772325
0.414016203996
0.414667896277
0.415252773449
0.415975892317
0.41663361691
0.417310903563
0.417823297273
0.418428363858
0.419119614788
0.419722734001
0.420404777502
0.420886335704
0.421558411628
0.422176331459
0.422720360289
0.423362740114
0.424004333055
0.424502262813
0.42509096212
0.425748623811
0.42630898673
0.426829813027
0.427476859441
0.428064575162
0.428633996552
0.429275021298
0.429867367345
0.430472777565
0.430867950731
0.431450329327
0.431965995396
0.432542936518
0.433145260444
0.433788018642
0.434308477933
0.434879235928
0.43543562028
0.435995062743
0.436519306995
0.437061279699
0.43759586158
0.438136017137
0.438718315871
0.439222379549
0.439790168385
0.440380243234
0.440926163108
0.441469402776
0.441774646847
0.442150824057
0.442464891
0.44295195262
0.443479294233
0.443980017731
0.44450689907
0.444972508506
0.445541552787
0.445887557404
0.446386070584
0.446855765851
0.447361762029
0.447897937853
0.448367722508
0.448840617061
0.449371532867
0.449808973689
0.450420545662
0.450936125082
0.451394843361
0.451956598773
0.452392839146
0.452856872561
0.453286134799
0.453771885168
0.454255687453
0.454701835511
0.455025781212
0.455234191101
0.4556977327
0.456172639555
0.456684636035
0.457133747928
0.457606957358
0.458102533081
0.458525565402
0.4589124795
0.459375953413
0.459704078877
0.460092888712
0.460523129126
0.460981046199
0.461472024418
0.461843030034
0.462172779159
0.462607318798
0.463070566633
0.463455084382
0.463877397272
0.4642950142
0.464716876787
0.465226500185
0.465727150131
0.466165360815
0.466533623456
0.467011117265
0.46759032676
0.467797226366
0.468255540472
0.468699360906
0.469183550975
0.469467796046
0.469975573069
0.47025072195
0.470693013683
0.47121709028
0.47169885371
0.472038898751
0.472448360353
0.472858991869
0.47331428363
0.473767951338
0.474087226044
0.474538576785
0.474995757226
0.475394233112
0.475766949932
0.476110721953
0.476631229526
0.47705109841
0.477465944968
0.47793471428
0.478400809829
0.478872617009
0.479200086945
0.479474132744
0.479935793123
0.480362752922
0.48085770005
0.481189436528
0.481519747243
0.48141575317
0.481930678522
0.482397501937
0.482784412209
0.483251948265
0.483547050384
0.483981916504
0.484270183471
0.484748579796
0.485107892966
0.485427994895
0.485771978534
0.486233779174
0.486795442873
0.487341494182
0.487718044447
0.487910742938
0.488380305149
0.488849187155
0.489250780253
0.489600930693
0.489987564095
0.490434032151
0.490785294062
0.491085705786
0.491470867548
0.491911997541
0.492254349732
0.492606054734
0.493087192263
0.493546603536
0.493904813888
0.494352698077
0.494704821656
0.495055048782
0.495513613525
0.495830390889
0.496096107769
0.496470508363
0.496956074558
0.497387044173
0.497803021969
0.498292631311
0.49845557206
0.498698233778
0.499154261649
0.49963960355
0.500089273885
0.500544575072
0.500922567176
0.501135390946
0.501421512619
0.501814273941
0.502218861486
0.502796153825
0.503192524428
0.503607746798
0.503971406508
0.504402871824
0.504860938136
0.505054716959
0.505489656741
0.505925276964
0.50632859127
0.506610355845
0.506922063717
0.50739841189
0.507885764885
0.508282375312
0.508832365848
0.509250863407
0.509672948585
0.509909436
0.51037406765
0.510949647778
0.511542550143
0.511964660085
0.512339298296
0.512960136492
0.513335757891
0.513866115224
0.514314929641
0.514797459225
0.515359777921
0.515650398153
0.51615372208
0.516743487957
0.51725913589
0.517969981485
0.518577344462
0.51914768128
0.51972199492
0.520207592343
0.520732585617
0.521159131826
0.521699699181
0.522354548809
0.522777904761
0.523340692563
0.523709604797
0.524059921473
0.524555346207
0.525132514794
0.525688129602
0.526205420715
0.526791136449
0.527342796711
0.527651853361
0.528060652585
0.528533431993
0.529057758357
0.52958849425
0.530039205159
0.530531284909
0.531123258052
0.531629897153
0.532187794224
0.532849196229
0.533263742379
0.533824579196
0.534289438884
0.534649244486
0.535273165742
0.535909962682
0.536335716835
0.536647393694
0.537104314663
0.537703035749
0.538359434916
0.538841580899
0.539406754634
0.539942995196
0.540514611059
0.540999543208
0.541515674613
0.542140025787
0.542396641442
0.542737100339
0.543115863053
0.543508034149
0.544026972885
0.54433061539
0.544881860993
0.545102781792
0.545756503606
0.546222347749
0.546496790653
0.546979096067
0.547685044181
0.548266465682
0.548892570567
0.549379857622
0.549824707244
0.550132034793
0.550484755719
0.550956918373
0.551552208918
0.552155654256
0.552689044159
0.553211607927
0.553760228901
0.554184062198
0.55469148829
0.555248827731
0.555776400981
0.556472955912
0.556951595465
0.557597139595
0.558064213193
0.55844347989
0.559040326405
0.559683664483
0.56032181276
0.560438601997
0.560801804673
0.561154927218
0.561853624206
0.562443807629
0.563047663598
0.563732917805
0.564380869433
0.565006414253
0.565624369705
0.565896911439
0.566364370458
0.566892522509
0.567293076171
0.567960482404
0.568582412176
0.56920105727
0.569850669815
0.57047368134
0.571117340065
0.571516052089
0.572076272139
0.572473011051
0.573139410067
0.573661165234
0.574039921501
0.574509741743
0.575160459463
0.575599115932
0.575936879815
0.576621696985
0.576974365357
0.577670270427
0.578004755042
0.578592511751
0.579059226798
0.579367702865
0.579887876436
0.580330624629
0.581108482661
0.581542002689
0.582316500717
0.582990992961
0.583360145231
0.584069387488
0.58463704746
0.58528246375
0.585841959195
0.586432462502
0.586870152514
0.58754162836
0.588175587017
0.588405402484
0.589192949489
0.589441032992
0.589803442963
0.590490726931
0.591155910154
0.592094346458
0.592655804545
0.593542595441
0.594338878303
0.59500950689
0.59558018526
0.59631272298
0.596672985132
0.597344018008
0.598014574273
0.598797212747
0.599521773327
0.60016579322
0.600729229863
0.601379525308
0.601881404138
0.60272946513
0.603320646369
0.604076112148
0.604786726565
0.605209304347
0.606050794411
0.606448712947
0.607092643961
0.607787598011
0.608214614844
0.608920757548
0.609451091979
0.610030337402
0.61054683009
0.610980133475
0.611707005566
0.611798168622
0.612303697798
0.61272066222
0.6131898279
0.614026646557
0.614598165173
0.61547664527
0.616024652228
0.616775059909
0.617257730021
0.617701771426
0.618293886521
0.618775566621
0.619644306239
0.620579446259
0.621391923844
0.622077058077
0.622399338733
0.623378350477
0.623998436822
0.624410948025
0.625234640346
0.626006455049
0.626459074422
0.62722661159
0.627968448582
0.628382243001
0.629363808732
0.629749544954
0.630617991673
0.631460323952
0.63170270229
0.632524259378
0.633241214902
0.633606393076
0.634367051818
0.635215895385
0.635797435493
0.63659818625
0.637532324977
0.638061370284
0.638783527505
0.639429035185
0.640264580284
0.640837001258
0.641277593617
0.642014624127
0.642689109131
0.643365681007
0.644212766058
0.644453345889
0.64514812714
0.64583176533
0.646463281743
0.647448985159
0.648264921504
0.648720909109
0.649744086414
0.650688095193
0.651368401683
0.652085641688
0.653148593115
0.654195419895
0.655177209966
0.655973111719
0.656845625317
0.657713030149
0.658477322138
0.658890597836
0.659595506498
0.660512592305
0.661368629497
0.662067526235
0.663003801223
0.663984537083
0.664830493352
0.665861923235
0.667098499746
0.667959844484
0.668814229529
0.669666342419
0.669531131977
0.670043273679
0.67090451818
0.671651418235
0.672562807291
0.673346489383
0.674782508165
0.675666830253
0.676567558498
0.67756805806
0.678616908023
0.679334841415
0.680395273948
0.68161931586
0.682755187669
0.683672672314
0.684474800639
0.684880055118
0.685740142466
0.686838580635
0.687810314893
0.689132292767
0.690058657597
0.691178524409
0.692413971489
0.693325524826
0.694224216887
0.695093010605
0.695961557596
0.696868173871
0.697710490568
0.698868739124
0.699771926659
0.70069709189
0.701395476179
0.702459285034
0.702600847123
0.703844703324
0.704599415056
0.705335591446
0.706524472372
0.707615817226
0.708996100213
0.709974812295
0.710569382647
0.711498710871
0.712565275849
0.713514117637
0.714532152404
0.715458719865
0.715956681271
0.717077215757
0.718218666302
0.719518216263
0.720169254343
0.721342272623
0.721787109115
0.722489066229
0.723393822306
0.724540908972
0.726141717913
0.726752501989
0.728044669286
0.729087172554
0.729781477537
0.730939947189
0.732069988367
0.733463907316
0.734945266587
0.734625849601
0.735488631475
0.736789024103
0.738112274459
0.739332970302
0.740106132213
0.741066252779
0.742092085606
0.744076337418
0.744967094933
0.746369780737
0.747499985119
0.748848835993
0.749699530653
0.751177994452
0.752221675308
0.753315414392
0.753973212399
0.755341355331
0.756321296016
0.757415075455
0.758136094695
0.759531435313
0.760747913161
0.761511632355
0.762723780502
0.764198560634
0.765778216251
0.767037814893
0.768686285889
0.769366167434
0.770359621394
0.770976000144
0.772025445786
0.773445082822
0.774423370089
0.7755648274
0.776791603031
0.778741105998
0.779947620727
0.780062387237
0.781232295853
0.782726029527
0.784562977394
0.785565472717
0.786299461285
0.787539189474
0.788669495794
0.789677825059
0.790944443598
0.792722549554
0.794374192476
0.795405906141
0.796473172258
0.797513892287
0.799515818954
0.800815452919
0.802198957603
0.803591668421
0.805018713935
0.806456249627
0.80777645556
0.809515663586
0.811023430164
0.811580530702
0.813199497258
0.814711515198
0.816179275409
0.817342634074
0.818859998729
0.820591059986
0.821291902728
0.823041837107
0.824397344624
0.825649296397
0.827821808907
0.829511129487
0.831442744598
0.832649702411
0.833987652692
0.835855989698
0.837860724468
0.839377065256
0.840238302077
0.841661813621
0.843393798948
0.845519215845
0.84746146601
0.849256191902
0.85091156033
0.853107322387
0.854812528319
0.856444906918
0.858352263198
0.860444282446
0.862502714738
0.863408428391
0.865564119661
0.867330047036
0.868533213515
0.870069862416
0.872359833133
0.874017280814
0.875528223523
0.877548705599
0.87990486518
0.880773523413
0.882235350709
0.884029443086
0.887088107137
0.889026177841
0.889926201966
0.89190260579
0.893105119953
0.895152891725
0.897107152524
0.899397938098
0.901412048639
0.903133809866
0.905325168251
0.906683664908
0.908884709255
0.909984083266
0.911505038078
0.913776036564
0.915541499473
0.916731091356
0.919169256395
0.920649691983
0.923336130837
0.925578557652
0.926204271747
0.929183512175
0.932572082929
0.934965791563
0.937303397435
0.93976665895
0.941137768497
0.94355273845
0.94566414455
0.947437361589
0.950022533809
0.952541963588
0.955019367358
0.95606758226
0.958563977632
0.96014501147
0.963220348513
0.965129974324
0.967996246673
0.970302513251
0.971214407162
0.97379982147
0.976577456464
0.978691905163
0.980702339926
0.983877406135
0.987174952199
0.989455568526
0.99090508992
0.992704457942
0.994874715705
0.996893654405
0.999633419909
1.00207699054
1.00553151019
1.00851901038
1.00719614595
1.0088196666
1.01103674566
1.01349920881
1.01603658804
1.01781907986
1.02002404218
1.02230158152
1.02418284648
1.02833490326
1.03301980838
1.03627947893
1.04051014814
1.04411499461
1.04681289273
1.04975899005
1.05175457875
1.05613612164
1.05897854082
1.06445160821
1.06764275221
1.07030958498
1.07152473179
1.07596622291
1.07337852541
1.07625462884
1.08068019379
1.08341989991
1.08751266736
1.09118818163
1.09389855437
1.09512529793
1.09795850311
1.10252185916
1.1041585417
1.10811736097
1.11218550492
1.11478160402
1.11651415259
1.12259958826
1.1262005827
1.1311425376
1.13226859021
1.13535361714
1.13952085377
1.14341675393
1.14656383069
1.15113269831
1.15614068754
1.15988198165
1.16421807755
1.16753223103
1.17146250945
1.17729322911
1.18249946106
1.18865218192
1.18950034572
1.19375743693
1.19727602508
1.20176163851
1.20734391198
1.21333540724
1.21697607237
1.22033613709
1.226250518
1.23082787054
1.23801160655
1.24284460669
1.24642362502
1.25092918302
1.25453155739
1.26039805752
1.26187321144
1.26652315501
1.2718033227
1.27756403384
1.2805128328
1.28593839395
1.29206408374
1.29707306934
1.3033019559
1.30932267814
1.31502621052
1.32067762605
1.32525066599
1.33060144437
1.33330175949
1.34258410129
1.3504568651
1.35462924454
1.36075140447
1.36446018928
1.37193448243
1.37879658258
1.38444871773
1.38936883634
1.39586658386
1.40309969623
1.40777119168
1.41230209238
1.41632370995
1.42166957038
1.42802087603
1.43428615167
1.43759399813
1.44722904549
1.45408907215
1.45942090975
1.46460522872
1.47481983949
1.48403586171
1.49395493822
1.50227906609
1.51267301941
1.51920175886
1.52598514925
1.53390811085
1.53978044867
1.55297845083
1.56087678556
1.5717020542
1.57449690943
1.58599686202
1.59785581007
1.60703250082
1.61419142268
1.62243154905
1.63390723245
1.64413202486
1.65342970496
1.66646800087
1.67579269372
1.6822409803
1.69166549137
1.6972293509
1.70581004686
1.71186962596
1.71909853021
1.7349966089
1.75541677304
1.77456770212
1.78889565639
1.80096823793
1.81264632334
1.82556498728
1.84322447513
1.85393392521
1.87389897188
1.88515800699
1.89966119055
1.91074770899
1.92462433204
1.92672250582
1.93830091844
1.94635071418
1.96149293105
1.97314123345
1.98125061852
1.99843139767
2.02129477976
2.04918337739
2.07705403346
2.08701202936
2.1120428244
2.15760373024
2.1619792116
2.18283030413
2.22352003043
2.24151341974
2.28246998575
2.29035555077
2.31280073648
2.33301800478
2.34251599949
2.36320862522
2.39145968226
2.40420402529
2.44133170396
2.49111920498
2.5264093053
2.5772375969
2.61435423641
2.66366172014
2.71172402172
2.74442454751
2.7933026708
2.79894944376
2.83874415489
2.88424237738
2.91913779879
2.91290540494
2.90543194965
2.93485646941
3.04829727429
3.05364069279
2.99592398363
2.98114550922
2.80818955166
2.77586361177
2.68816414259
2.221860021
1.37032525615