0.254887126113
0.279316721213
0.289151204223
0.296126527205
0.301450398581
0.306016696541
0.309955597537
0.313360806301
0.316395313509
0.319181839497
0.321712120273
0.323972177398
0.326215460577
0.328264963018
0.330164817755
0.331927426755
0.333628949702
0.335349194963
0.336895400528
0.338433451098
0.339898493581
0.341330447387
0.342723903879
0.344012318635
0.345344631564
0.346607942577
0.347875508046
0.34909526521
0.350272913498
0.351424762425
0.352447670631
0.353532366911
0.354554554078
0.355624434281
0.356532576874
0.357582484168
0.358603496568
0.359578336587
0.36054711068
0.361390807646
0.362209064607
0.363093126546
0.364008511854
0.364895838276
0.365750900011
0.366536828318
0.367342965054
0.36814488831
0.368922891126
0.369703331155
0.370566877152
0.371339270029
0.372142990087
0.372793120695
0.373562567699
0.37425909101
0.375004333214
0.375635506893
0.376221808192
0.376788740095
0.377390314855
0.378042817223
0.37869437258
0.379314551943
0.379784763717
0.380321450959
0.380855091502
0.381413195376
0.381905593615
0.382451834881
0.38297748477
0.38350744025
0.384058497752
0.384576775534
0.385068654205
0.385609865009
0.386126661691
0.386669499679
0.387097316794
0.387548009125
0.388035199009
0.388487876744
0.388996941562
0.389412875549
0.389866472302
0.390311090377
0.390722849824
0.391115378132
0.391555059179
0.392044563892
0.392469545569
0.392911767945
0.39336422029
0.393852438717
0.39427092338
0.394619515244
0.395100348626
0.395596463694
0.396075596591
0.396482274112
0.396936956476
0.397231635742
0.39765973157
0.39807118181
0.398447064222
0.398843838532
0.39924795163
0.39970412028
0.40005516013
0.400461825857
0.40085135083
0.401196952787
0.401570608929
0.401963773967
0.402336322766
0.40281685249
0.40323548284
0.403604466489
0.403941511714
0.404280748439
0.404512859765
0.404758140204
0.405140493513
0.405588795183
0.405893241053
0.406294879211
0.406638108737
0.40701606167
0.407383521272
0.407774767998
0.408090034009
0.408448869554
0.408839249045
0.409284340394
0.409686381884
0.410079279295
0.410482146496
0.41085835439
0.411272527612
0.411656410966
0.412108544674
0.412418645142
0.412824077796
0.413210811769
0.413545726965
0.413928791465
0.414302386125
0.41471212837
0.415128801787
0.415528673824
0.415901272003
0.416224666212
0.416558668573
0.416948916956
0.417253496292
0.417633927067
0.418045535192
0.418376676508
0.418702022514
0.41907235638
0.419431316664
0.419835915283
0.420179367622
0.420560564483
0.420931437243
0.421276924126
0.421649180558
0.422024682715
0.422361577786
0.422723274538
0.423128285482
0.423489362489
0.42384832356
0.424200732956
0.424654666874
0.424969863519
0.425300640786
0.425758224873
0.426164651957
0.426523623629
0.426882668098
0.427241976206
0.427574451744
0.427932876878
0.428253292719
0.428622779354
0.429033904698
0.429348886279
0.42964891631
0.430004679864
0.430077245955
0.430449343926
0.430712457614
0.430999226472
0.431277005391
0.431617210843
0.431922299461
0.432267325944
0.432554195536
0.432848657439
0.433114594693
0.433458507831
0.433830145755
0.434259056088
0.434590410819
0.434972968292
0.43532695252
0.435673029621
0.435980780366
0.43630157341
0.436653224792
0.437030237633
0.437358138364
0.4377399475
0.438116392731
0.43849020065
0.438849859813
0.439198960346
0.439575501453
0.439955482796
0.440246166501
0.440536765845
0.44086981158
0.441280906115
0.441576765452
0.441846801238
0.442015816498
0.442275125989
0.442452491743
0.442796473095
0.443203844082
0.443518888971
0.443790375314
0.444203045032
0.44444398321
0.444761511304
0.44510784065
0.445516021701
0.445972296839
0.44633406261
0.446697822331
0.446995246329
0.447365094963
0.447682323124
0.44804641147
0.448406963048
0.448765353228
0.449113673787
0.449351009283
0.449684248826
0.449982930683
0.450301457417
0.450701003155
0.45103829022
0.451426294799
0.451850325569
0.452264897844
0.452644006735
0.452993030642
0.453310671757
0.453371796511
0.453712327176
0.454058854182
0.454358040341
0.454688051929
0.455071522545
0.455411102491
0.455712513999
0.456053307673
0.456260239992
0.456625776764
0.456952151307
0.457329421855
0.457608160958
0.4579447389
0.458226118242
0.458526161823
0.458821908737
0.459133922966
0.459497698297
0.459919785603
0.460285786816
0.460652227241
0.461006872911
0.461328813117
0.461629377558
0.461951887716
0.46224863972
0.462513556507
0.462843760664
0.463230558908
0.463475551622
0.46372268393
0.464014987303
0.464343981636
0.46463868575
0.465001667277
0.465471091359
0.465735594201
0.466054016466
0.466402789617
0.46681230123
0.467168893541
0.46754507195
0.467985803957
0.468352804248
0.468717517517
0.468997538381
0.469408072208
0.469755172245
0.470057559212
0.470469709264
0.470895647436
0.471159887025
0.471527890812
0.471881880444
0.472135478881
0.472473439802
0.472895651555
0.473220594156
0.473560504783
0.47394068272
0.474183125337
0.474593608028
0.47491389083
0.475379287134
0.475714133595
0.47607519154
0.476124990221
0.476451217906
0.476854749953
0.477116098151
0.477368641479
0.477660656021
0.477974135749
0.47825639883
0.478647122406
0.479016919311
0.479407450709
0.479753672766
0.48018097216
0.480477608231
0.480778440545
0.481119087632
0.481429426324
0.481540174025
0.48171719014
0.48204851792
0.482441545264
0.482718156215
0.48306765065
0.483479141091
0.483843762031
0.484208968785
0.484611552169
0.484631053368
0.485097392265
0.48547521596
0.485639556022
0.486012158697
0.486504922857
0.48691237855
0.487177017342
0.487502166739
0.487544729501
0.487974064469
0.488385499829
0.488584381402
0.488894991689
0.489431063793
0.489873270683
0.490241238806
0.490475273663
0.490811701185
0.491195726315
0.49151119396
0.491947177592
0.492382331877
0.492657784159
0.493127482548
0.493518288202
0.493889547836
0.494281966363
0.494637088559
0.495037832204
0.495440744846
0.495871121252
0.496176419681
0.496477245723
0.496875067806
0.497200479281
0.497560109396
0.497938091419
0.498232402943
0.49855348217
0.498987319276
0.49942395976
0.499690502103
0.499992664451
0.500366900116
0.500657190872
0.501027217138
0.501452275036
0.501753929338
0.502060744593
0.502353529552
0.50283581352
0.503051748336
0.503537846135
0.503883389598
0.504222293172
0.504606997205
0.505035668359
0.505210390151
0.505636780191
0.50607045076
0.506514264431
0.506743088223
0.507139022723
0.507499347482
0.507943087406
0.508324178922
0.508804183861
0.509122376053
0.509580089599
0.50990720446
0.51025815443
0.510696788701
0.511091824484
0.511394625319
0.511492764247
0.511821775034
0.512228144947
0.512644564671
0.513062081745
0.513431346077
0.513935260337
0.514245609886
0.514656433302
0.515010783575
0.515416369257
0.515742114808
0.516113972456
0.516459085391
0.516984614365
0.51749939709
0.517874740052
0.518311980732
0.518875716112
0.519386273485
0.519867140978
0.520241355974
0.520749519647
0.521262493569
0.5217760207
0.52220864962
0.522651779673
0.523151928313
0.523635876521
0.524068866647
0.524479202973
0.52485680915
0.525227165937
0.525658691727
0.526249885935
0.526710194718
0.527293820199
0.527709436226
0.52821156465
0.52875710779
0.529200162416
0.529736597293
0.530105113311
0.530402509245
0.530496145461
0.530906291896
0.531482578302
0.532049165182
0.53249851851
0.532987650237
0.533311447517
0.533846252273
0.534424909028
0.53490563586
0.535454285399
0.535740331622
0.536201410041
0.536668308871
0.537201094652
0.537791697492
0.538287363384
0.538849957946
0.539433518445
0.539986144701
0.540456946998
0.541002992177
0.541618942144
0.542230356729
0.54271765072
0.543099409683
0.543613733417
0.544124908445
0.544693610636
0.545100994736
0.54568408828
0.546135490117
0.546800148115
0.547340420166
0.547890083123
0.548414144249
0.5488247671
0.549267496569
0.549892421213
0.550323029459
0.550870015571
0.551390996013
0.551702501111
0.552449819687
0.552937173305
0.553562761714
0.554060605326
0.554604586673
0.555175807081
0.555716328985
0.55613371257
0.556511736991
0.556987978825
0.557626605492
0.55826388256
0.558722193493
0.559198385891
0.559769419857
0.560419727651
0.561153917267
0.561733293212
0.561967079289
0.56272006617
0.563007607696
0.563491398693
0.564025898648
0.564644695286
0.565296168576
0.565982829782
0.566732693175
0.567398556307
0.568060711134
0.568483495936
0.569123745338
0.569607663798
0.57030043403
0.570915609527
0.571473193584
0.572007273801
0.572621760432
0.573228115724
0.573773031028
0.574245343348
0.57473302144
0.575296892012
0.575961171518
0.576652602592
0.577131914477
0.577538602582
0.578284900815
0.578884814612
0.579238890837
0.579914769174
0.580512447267
0.581370770947
0.582286133873
0.582842874018
0.583793424084
0.58439713244
0.585040007589
0.585689222072
0.586021695599
0.586498347814
0.587242357283
0.588188736739
0.589126069003
0.589826346335
0.590271521252
0.590999882062
0.591461394328
0.592367503508
0.593183015426
0.594119456811
0.594866422558
0.59564129526
0.596325940132
0.596981692262
0.597766396249
0.598349275625
0.599113431724
0.600068094277
0.600573504998
0.601350130995
0.601896936503
0.602876033778
0.603372403889
0.604154440196
0.605225910151
0.606087843449
0.607088239367
0.608019970355
0.6082009737
0.608943410407
0.609667622097
0.610089809971
0.611096240788
0.611491987794
0.612422953095
0.613142323321
0.614009329487
0.614807185217
0.615706028399
0.616521186159
0.617290329433
0.61789494539
0.6188984071
0.61983966421
0.620638338117
0.621593581367
0.622433234721
0.623224867569
0.623941570796
0.625066188989
0.626121159948
0.627097665321
0.628123626189
0.629197637014
0.630053388281
0.630705017285
0.631469273514
0.632635308664
0.633412806384
0.634285869926
0.635212727649
0.636220215043
0.637508583421
0.638710393481
0.639507997001
0.639796839073
0.640865294327
0.642099968102
0.643352328894
0.643887927257
0.644733264561
0.645896470896
0.646962281785
0.647791458778
0.648951186429
0.649824281531
0.651093677787
0.65217911285
0.653017563273
0.653447725954
0.654647205948
0.655776907963
0.65671583853
0.657523900631
0.658476015754
0.659599543365
0.660708941446
0.661495570816
0.662979377009
0.664248354023
0.665151548452
0.666068789077
0.666633444531
0.667879825633
0.669003343359
0.670427471716
0.671727029213
0.672098286752
0.673076518309
0.674303041669
0.675558746869
0.676376663478
0.677385031031
0.678602216155
0.679720542088
0.680903254086
0.68180415837
0.682779890334
0.683838214621
0.684383520998
0.685734983677
0.687000209056
0.688156208315
0.689287738143
0.689993081592
0.691521804189
0.692754786707
0.694007699498
0.695439480239
0.696743090025
0.697991675635
0.698808225918
0.700118169573
0.701315737957
0.702820897375
0.70404065483
0.705393781622
0.70649923666
0.708169911121
0.709320737178
0.710227944533
0.711937533287
0.712927987142
0.714328613076
0.715101601496
0.716867657952
0.717631917982
0.719089241566
0.720236347524
0.722066880189
0.723533365255
0.724843421448
0.726242021037
0.72813795113
0.730304246379
0.731854669644
0.73327050847
0.734862179474
0.736353723888
0.737369521045
0.738972772883
0.740102061555
0.741789469824
0.743356909463
0.744360898998
0.746147677941
0.747699413525
0.749561328808
0.751664522531
0.752511805474
0.75372335846
0.754123797026
0.755435774675
0.756541929383
0.757294300623
0.759000523811
0.761000231018
0.763010080858
0.764104206962
0.765422671797
0.767193596944
0.768626790974
0.770534063583
0.772566572966
0.77405154104
0.775830288482
0.777719939159
0.779615195718
0.780832116501
0.783101705465
0.784418278208
0.786179307129
0.787304620577
0.78902348238
0.790966469946
0.791831144461
0.793949890689
0.795635096249
0.797769828018
0.79861667386
0.799612819412
0.801293474217
0.802287220557
0.804116673002
0.806358133371
0.80770594845
0.809580780065
0.811647489737
0.814075119999
0.815686861738
0.817271607987
0.819815268037
0.821217733717
0.823003779089
0.825237518295
0.82682650963
0.828890601219
0.82998178262
0.831557969912
0.833853588598
0.836593975455
0.838833203172
0.841123841103
0.844371310237
0.846359466169
0.847807246605
0.85002637074
0.851529644953
0.853291038343
0.854638727356
0.856863936973
0.859449640999
0.860855268888
0.862425701735
0.863837704876
0.865301404221
0.867016991197
0.86996421914
0.872056768738
0.87428868675
0.876833677755
0.878395258891
0.880733822479
0.883690542939
0.885199317863
0.887813033078
0.891209677449
0.893312012017
0.895177660192
0.89716511752
0.899773277646
0.900859168333
0.903440722268
0.906597387921
0.909988429808
0.912552363626
0.916583003399
0.919751749792
0.923340601289
0.925771102246
0.92882204756
0.931725541293
0.935179116736
0.936953210757
0.935656248191
0.940139079165
0.943198490096
0.946920173219
0.949901719134
0.952655698141
0.955742158701
0.959853085588
0.962925552874
0.96520600803
0.968437728056
0.972555308038
0.975647346373
0.978656641562
0.979455635339
0.982291035439
0.984045313969
0.986005299886
0.989743151127
0.993040665708
0.997181288609
0.999981496393
1.00327958866
1.00732454527
1.01035056959
1.01416269362
1.01808660846
1.02091360919
1.02639669038
1.03022790904
1.0353287425
1.03740168888
1.03867096529
1.04049139936
1.04572603339
1.04906267875
1.05100540989
1.05539117187
1.06010675008
1.06414208532
1.06708694944
1.07119488172
1.07417490293
1.07855463555
1.08401380133
1.08968182972
1.09525365297
1.10134603616
1.10726976243
1.1126076993
1.11699874095
1.12330206961
1.12771936658
1.13203026942
1.13857135681
1.14520378702
1.14953312805
1.15720399291
1.15761251691
1.16436554049
1.16926723729
1.17508740871
1.18201565871
1.18681376366
1.19349826871
1.19962247785
1.20522406444
1.20512894768
1.20966038207
1.21289943657
1.21611171415
1.2238345207
1.23100781817
1.23837116651
1.24209644772
1.24959901769
1.25641478179
1.26180429309
1.26968443683
1.27697709953
1.28437236351
1.29253797651
1.30054081056
1.3092011948
1.31851156799
1.32699464936
1.33495638096
1.34475101357
1.35354432549
1.36062524291
1.3687887727
1.37956053355
1.38720058166
1.39555848049
1.40584138862
1.41891542627
1.4309873552
1.44220518456
1.44917921802
1.45826745089
1.4630969554
1.47326345319
1.4834829852
1.49568432731
1.50517178507
1.5147063305
1.53176290931
1.54541122036
1.55671409255
1.56000604875
1.56809077745
1.58282620664
1.59261795451
1.60631721807
1.62668306409
1.64110606532
1.6503443305
1.66789182065
1.68803656862
1.69977056984
1.71279769658
1.72920727989
1.7418777446
1.75722176734
1.77810029931
1.80013373684
1.81994121219
1.84531551098
1.858924163
1.87529798928
1.90846293843
1.92817423358
1.92286273269
1.94884477276
1.98082738619
1.99282386848
2.01882458883
2.06884523251
2.08855191379
2.10316523899
2.1321700423
2.15368401751
2.17892525879
2.21149071708
2.2299741066
2.24626881871
2.26526579441
2.32649390344
2.34710917893
2.35529681684
2.39287828164
2.47393536065
2.54506474446
2.613511785
2.66040738182
2.7021786553
2.74624007984
2.798991429
2.78133611786
2.82324993286
2.73046305776
2.64900200035
2.63842752788
2.46997828572
2.23924381108
2.06357882255
1.64889222682
1.35579843795
0.492475735115