0.254887135176
0.278924915845
0.287751097447
0.29456956864
0.300275049241
0.305147148737
0.309509624839
0.313412237915
0.316854437318
0.320042692231
0.322871548898
0.325602936777
0.328229568308
0.330643417787
0.332927581926
0.334989647785
0.336961230776
0.338841912675
0.340564817203
0.342248123531
0.34386626791
0.345437436444
0.346892916705
0.34821061365
0.349471951403
0.350782190424
0.352081656383
0.353304304735
0.354487995201
0.35559822252
0.356819114069
0.357976344867
0.359000248878
0.359987474367
0.360982335962
0.361932152874
0.362954265917
0.363877078742
0.364762297172
0.365645207952
0.366580370519
0.367563075418
0.368451102075
0.369231293387
0.370002962467
0.370773789319
0.371587404419
0.372412974653
0.373215897101
0.373996326627
0.374828850544
0.375597493005
0.376431532693
0.37718511307
0.377993024665
0.378647649943
0.379445378295
0.380248666766
0.38088115193
0.381632891193
0.382360380972
0.383087164408
0.383736360215
0.384398032527
0.385098666498
0.385733498185
0.386411918357
0.387087564213
0.387801264094
0.388508945651
0.389208913503
0.389932808559
0.390415122176
0.391039351459
0.391737593847
0.392305072825
0.392892750214
0.393514778981
0.394174120323
0.39472294129
0.395460113737
0.39609425521
0.396642260606
0.397218642845
0.397785062201
0.398382503233
0.398909599028
0.399399465628
0.40001784749
0.400679638347
0.40129859332
0.401848371881
0.40227893805
0.402906483897
0.403478915831
0.404122850892
0.404715045734
0.405418685326
0.406051470428
0.406626669747
0.407207238754
0.407616847741
0.408156862066
0.408758846374
0.409248845596
0.409838207696
0.410458556206
0.411011980551
0.411502926085
0.412096009399
0.412635347021
0.413300711256
0.413846108027
0.414418292035
0.414979990406
0.415405851129
0.415854104941
0.416413567309
0.416870961128
0.417422442304
0.418023312404
0.418560537755
0.419062664867
0.419624742945
0.420062713003
0.420573345791
0.421101011553
0.421620477005
0.422132189613
0.42267085173
0.423034060208
0.423574935638
0.423880912481
0.424489288722
0.424980609919
0.425511347523
0.426079583769
0.426578987028
0.426999081806
0.427464166059
0.427973547372
0.428437443343
0.428850080415
0.429305018148
0.429818713225
0.430319910943
0.430791266126
0.431187908782
0.431699812885
0.432181173271
0.432717879152
0.433209107797
0.433684876895
0.434205112208
0.434744367683
0.43522152708
0.435699710867
0.436113965911
0.436597164749
0.437061532736
0.437527826637
0.437764439196
0.438249050407
0.438673022737
0.439216864348
0.439551866722
0.440072449438
0.440476966795
0.44089416961
0.441554167187
0.441939000031
0.442473620149
0.442857495296
0.443140234579
0.44352080811
0.443951177557
0.444423477845
0.444841618749
0.445157370177
0.445602292664
0.446063514775
0.446527717172
0.446947980947
0.447426771254
0.447868610969
0.448389839209
0.44884319977
0.449276731091
0.449801047345
0.450266344301
0.450713947425
0.451264023239
0.451843855523
0.452312996781
0.452765856152
0.453204063305
0.453625317605
0.454121856199
0.454617175522
0.455129982649
0.455597387676
0.455863428046
0.45632502951
0.456828513102
0.457177118835
0.457520855571
0.457911745495
0.45845198121
0.458921872975
0.459338425519
0.459746387179
0.460269218947
0.460789849204
0.461240657429
0.461640757017
0.462131009809
0.462613119832
0.463112847956
0.463625556884
0.464104251718
0.464498505161
0.464953474073
0.465389185137
0.465950187004
0.466417090072
0.466957393865
0.467402909537
0.467850930769
0.468219133457
0.468727262176
0.469263569655
0.469726940796
0.470219122267
0.470694345268
0.471192225638
0.471556787207
0.472022061151
0.472293204223
0.472654898967
0.472972456876
0.47340034855
0.473893210339
0.474229848176
0.474726225719
0.475253302419
0.475704389706
0.476215640889
0.47648330769
0.476908593907
0.477403023122
0.477926123583
0.47842006359
0.478815193006
0.479340810987
0.479830453441
0.480405071966
0.480895796657
0.481359222445
0.481400875863
0.481768865017
0.482207643065
0.482648145171
0.483096755097
0.483601061929
0.484138283163
0.484551098755
0.484814749561
0.485296104332
0.485782543929
0.486221002924
0.486843723066
0.487411861288
0.487959638462
0.488246872674
0.488769962989
0.489171215402
0.489741671021
0.490123511519
0.490553286061
0.49107395215
0.491634505903
0.491946696549
0.492474673256
0.492986400071
0.493480187063
0.493974928208
0.494365291803
0.494894708871
0.495418172682
0.495965938029
0.496439693306
0.496901345862
0.497318204205
0.497585759053
0.498110604981
0.498563319346
0.498931981225
0.499398012025
0.49975050651
0.500269496973
0.500638904917
0.501142599025
0.501543235854
0.502095705668
0.502679574864
0.503068366778
0.503519153554
0.504050641712
0.504565239379
0.504912796839
0.505390346391
0.505831079086
0.506365231282
0.506831628489
0.507356539734
0.507826945377
0.50837696966
0.509027920132
0.509641870637
0.510158859563
0.510495549674
0.51085224904
0.511338520148
0.511835840898
0.512300200336
0.512838465395
0.513310768771
0.513731277522
0.514217053543
0.514775260631
0.515227721049
0.515723811456
0.516220775197
0.51669362687
0.517116458409
0.517557838406
0.518054884569
0.518558358318
0.518959693766
0.519135421812
0.519626258291
0.519909693645
0.520314710941
0.520601796407
0.520975690819
0.521217663121
0.521593616716
0.521938704665
0.522292005309
0.522649700819
0.523080453297
0.523640032889
0.524094183178
0.524295171354
0.524358548867
0.524638748644
0.525067314365
0.525410038022
0.525800863987
0.526145772486
0.52650995437
0.526877819424
0.527184045781
0.527476226193
0.527824295992
0.528231270922
0.528653698808
0.529116259577
0.529517988996
0.529766349592
0.529935922011
0.530325882321
0.530682264508
0.531012897951
0.531496024149
0.531725482426
0.532183288434
0.532175778236
0.532560651746
0.532936458707
0.533429662427
0.533873481286
0.534199670796
0.534460094119
0.534736995071
0.535112341296
0.535501341876
0.535973227027
0.536469289342
0.536837325974
0.53730375575
0.537629865985
0.53814270642
0.538545660163
0.538881241107
0.539312748673
0.539660492252
0.540198976972
0.540662553282
0.541184232726
0.541736251154
0.542133501801
0.542277093286
0.542773488084
0.54326656195
0.543612828375
0.544066324873
0.544668134072
0.545256695161
0.546015274528
0.54662716682
0.547219641421
0.54777794693
0.548374863446
0.548713344274
0.549134175252
0.549449198144
0.549840878491
0.55030519346
0.550911441729
0.551636515636
0.552270927259
0.552815304055
0.553422975312
0.553993338848
0.55496050945
0.555870171167
0.556476625089
0.556809228325
0.557245003177
0.557724044583
0.558221510017
0.558664775562
0.55934578436
0.559721639235
0.560251104121
0.5605917439
0.561152564315
0.561472392367
0.561933996955
0.562462565506
0.562853626906
0.563442166659
0.563861349594
0.56415956469
0.56486622072
0.565407027802
0.565999013241
0.566281741692
0.566984925105
0.56758829804
0.568107421905
0.568600786352
0.569141037881
0.569789274872
0.5704243001
0.570967453793
0.571559494187
0.572011012277
0.572673349645
0.573375924542
0.573989520359
0.574769974849
0.575123771191
0.575728357104
0.576103121466
0.576598540355
0.577427407867
0.578138358422
0.578940903918
0.579523881843
0.580010818203
0.58072847558
0.581089492314
0.581781700367
0.582475426185
0.583197335671
0.583628171738
0.584239040916
0.584914030776
0.585413929942
0.586013614634
0.586706858831
0.587376284353
0.587935273682
0.588258469301
0.589115641713
0.589651682696
0.590360906767
0.591018923688
0.591910380186
0.59258565405
0.59331398796
0.593890898415
0.594402097005
0.595299178171
0.595907976623
0.59659768211
0.597360605255
0.598215447267
0.59863831467
0.599246266456
0.600032787885
0.600959928854
0.601854143944
0.602600988024
0.603405136832
0.604604573887
0.605298781044
0.605798617505
0.606754895807
0.607570869781
0.608364100774
0.608924542943
0.610000482856
0.610349055296
0.611407499522
0.611932518944
0.61262099247
0.613632214482
0.614648804448
0.615298579923
0.615623823604
0.616378479792
0.617024174703
0.617829746544
0.618792312352
0.619803373256
0.620248769207
0.621243527751
0.622180265306
0.62316418557
0.623943824149
0.624524271337
0.625426086709
0.626184618318
0.626916410523
0.627783561684
0.628495693939
0.629110303438
0.630155866485
0.630634947969
0.631538623107
0.632392000985
0.633341629565
0.633844988976
0.634379024737
0.635448022045
0.636165285983
0.636720346042
0.637574123286
0.638571828804
0.639417473541
0.640280493941
0.64092232222
0.640738906594
0.641245656798
0.642309998002
0.643222732428
0.644133615664
0.644970936919
0.646162116303
0.647073417432
0.647823641535
0.648342427929
0.649011034722
0.649739017518
0.650482986919
0.651463973312
0.652712492669
0.653614223269
0.654565508966
0.655564873963
0.65603133309
0.65653340906
0.657397594728
0.658381405815
0.659252496236
0.660375952457
0.661059219179
0.661473169587
0.662575112257
0.663494110749
0.664967018563
0.665922063396
0.666969888441
0.667180114376
0.667846391959
0.667909201758
0.669035234895
0.669793023682
0.670681209602
0.671795486826
0.672796863006
0.673911820181
0.67479708303
0.675246313618
0.675681787076
0.677036450972
0.67795648112
0.679109853211
0.680060871897
0.68109613377
0.681733927213
0.681837565062
0.68288981534
0.683949328567
0.684992245028
0.685728418884
0.687174219425
0.688208134076
0.68940512645
0.690434427912
0.692235936878
0.693307064326
0.693994387764
0.695220279248
0.696447868188
0.697069961359
0.697674144495
0.698909271925
0.699746066783
0.701119136268
0.701540640116
0.70301099423
0.704294306814
0.705225369363
0.706277457429
0.707409227143
0.7089057836
0.70952562062
0.710983684555
0.711702900775
0.712421394977
0.713887946876
0.715112311374
0.716036962738
0.717189297246
0.71822533732
0.719172546665
0.719959240406
0.721130556441
0.72257717053
0.723350772469
0.724839908691
0.726389468195
0.727921411396
0.729486247857
0.730622172252
0.731396306099
0.733095455108
0.734511318905
0.736066586277
0.737403184844
0.738548534155
0.739853527319
0.741507070379
0.743147999215
0.744136659315
0.74507221654
0.746252793674
0.747611169341
0.749138748975
0.750448512787
0.751799467859
0.752687734371
0.753845603687
0.75509388817
0.755931987907
0.757579976611
0.759167263249
0.760528135822
0.761813887979
0.762910473877
0.764146840419
0.765005555062
0.766059206174
0.767678691036
0.768902527862
0.769903235152
0.770356500584
0.772227379129
0.773928380226
0.775296665296
0.776259928632
0.777743645715
0.779294923395
0.780889457804
0.782394352557
0.783872080412
0.785249131974
0.786886157231
0.787890941553
0.789480709385
0.79094717468
0.792193161648
0.793377044389
0.795344735739
0.797042165006
0.798293386328
0.799472424826
0.801226323762
0.802197726062
0.803486250126
0.804868051711
0.806601711732
0.807853030696
0.809619032498
0.811978741363
0.81272695435
0.813840352364
0.815289920726
0.81653229112
0.817851147673
0.81931427678
0.820263303403
0.821972695839
0.823146589326
0.824680310909
0.826031284497
0.827449364848
0.828819047456
0.830969797751
0.831981722221
0.833033761195
0.835413396095
0.837463972811
0.839099168981
0.840797498901
0.841868211162
0.843812430207
0.844964196872
0.846920976773
0.848942467385
0.850771932114
0.852650646312
0.854340478187
0.856570215913
0.857884897277
0.860029390409
0.861593587575
0.862603501298
0.863905558362
0.865112683166
0.867261031872
0.868967744216
0.87053816819
0.873111876965
0.875035374785
0.877170233066
0.878236224248
0.87914554487
0.880628077585
0.882759881313
0.883679192959
0.885537130181
0.886724839024
0.888792951973
0.891355657208
0.893749861408
0.896005643548
0.897719764229
0.899264516912
0.901148952567
0.902890582423
0.905131470801
0.907442243947
0.909589624737
0.910859056391
0.913493756953
0.915699196922
0.917248321808
0.919071345483
0.920738531147
0.922914704586
0.924374012092
0.926605981593
0.928796397761
0.93135480716
0.932859275333
0.934300772858
0.937022209005
0.939770111546
0.938787136814
0.941077352989
0.9435963216
0.946422039342
0.949313804379
0.950319216936
0.952540636517
0.953732593149
0.955100163488
0.957958167626
0.959487186868
0.960842784297
0.962920709901
0.964588372175
0.967408042679
0.969983866818
0.972317107396
0.975472058712
0.977511757612
0.979585666561
0.982230483992
0.983548496656
0.985592831756
0.98787718673
0.990713381614
0.993752147247
0.996720390409
0.999056155607
1.00098077956
1.00436885493
1.00682835128
1.00812718016
1.01007450321
1.00808871629
1.00953814575
1.01166031327
1.01391476401
1.01638633331
1.01937631304
1.02152165957
1.02435662268
1.02834529595
1.0328878144
1.03639716547
1.0395314098
1.04183112373
1.04508832761
1.05095858356
1.05164051936
1.0560236041
1.05960989075
1.0632270289
1.06578611799
1.06788658966
1.07093029642
1.07351512224
1.07667390223
1.08008139185
1.08412577928
1.08779389923
1.0907298063
1.09536230489
1.09784818455
1.10285057807
1.10806117983
1.11254150562
1.11436256127
1.11849758215
1.11945192474
1.12509554413
1.12872279779
1.13227691758
1.13752116248
1.1423163838
1.14786001037
1.15172113978
1.15676482688
1.16271257884
1.16931910272
1.17298886647
1.17766256496
1.18302604365
1.18752033042
1.19095956902
1.19579022113
1.19924761635
1.2040476505
1.21000992234
1.21342039695
1.21903846313
1.22458541949
1.23102227992
1.23860506373
1.2346002709
1.23925600383
1.24283522486
1.24832307562
1.25340394611
1.26089507111
1.26494587434
1.27050145309
1.27895054194
1.28387855727
1.29162805836
1.29743530007
1.30606816747
1.31437285856
1.31987807745
1.32757380137
1.33328022285
1.33950250724
1.34679390516
1.35166247517
1.35594940825
1.36070846481
1.36461025742
1.37181721141
1.3754437586
1.38404344461
1.39359002816
1.3981296176
1.40833693106
1.41858569925
1.42693854439
1.43370057656
1.44258797169
1.45405967851
1.46108944053
1.46603550059
1.47462515848
1.48428968197
1.49457103137
1.50466286191
1.50984135122
1.51944277009
1.5269750606
1.5360805423
1.54322657271
1.55692336749
1.56243400667
1.57051026203
1.57990522101
1.59699837442
1.60826372078
1.61415923762
1.6294478092
1.63829019633
1.64584073109
1.64947328124
1.65898950402
1.67445113968
1.68582255196
1.70496164791
1.71592886042
1.73104301704
1.74113606938
1.75670728215
1.77108628526
1.78776690432
1.80763986582
1.82407545636
1.82987472848
1.83533820234
1.85429472567
1.87204991834
1.89160063258
1.90240134287
1.92359759275
1.94404398718
1.95275318194
1.97863593938
1.99336726037
2.01535008197
2.01300943379
2.04499290375
2.06404729511
2.07035259148
2.09124994645
2.11010640303
2.12510961539
2.12932440767
2.1408076373
2.16075069675
2.21534266979
2.25116505327
2.27409636512
2.29650552749
2.31329922099
2.34255899415
2.36530264002
2.40383950786
2.45428812079
2.46054533543
2.47896407435
2.48203496395
2.5221425117
2.54434166331
2.57398795682
2.61249467765
2.61969170066
2.67736705065
2.68334710413
2.7518826359
2.75449920985
2.80442537101
2.79648531991
2.85112166965
2.86463156671
2.89404280603
2.78961345751
2.85003235187
2.86650797705
2.8035161814
2.66043775717
2.3852416076
2.6248565642
2.05567904441