0.254887117051
0.284378760197
0.295391020169
0.303025262721
0.309032935164
0.313810052001
0.317733179575
0.32115713595
0.324145901985
0.326773835852
0.329137517815
0.33129364406
0.333396322661
0.335332360344
0.337045814437
0.338715377972
0.34030818373
0.341795590158
0.343224851337
0.344673580187
0.346050867758
0.347378439429
0.348684950168
0.349849460122
0.351119192115
0.352192507159
0.353376148356
0.354469418097
0.35549592088
0.356452758975
0.357405488344
0.358329134143
0.359246275511
0.360157285185
0.361019161293
0.361938495761
0.36275292651
0.363478146332
0.364343751929
0.36514519673
0.366029061006
0.366914509606
0.367634960526
0.368400015981
0.369292823375
0.370103152699
0.370858534436
0.371589876179
0.372363546167
0.373074629995
0.37379993614
0.374577917109
0.375324087285
0.376062720124
0.37679458394
0.377460670712
0.378167153867
0.378790126146
0.379458640796
0.380158280565
0.380808217488
0.381493863144
0.382157135154
0.382823632906
0.383511221603
0.384108053045
0.384732047544
0.385368575964
0.385990883922
0.386623782175
0.38710063566
0.387684070873
0.388319993654
0.38892027077
0.389529739251
0.390102892938
0.390641275621
0.391163797687
0.39172789709
0.392301476213
0.392860622727
0.393472294248
0.39402523156
0.394533624741
0.395054949735
0.395598898998
0.396081115678
0.396548569528
0.397015327136
0.397592971673
0.398151340325
0.398714485353
0.399227728695
0.399672152622
0.400211433547
0.400605719585
0.401119670283
0.401642277659
0.402138921374
0.402656741016
0.403194136561
0.403716572526
0.404246143168
0.404521227649
0.405021254762
0.40549296571
0.406012433115
0.406415402043
0.406932702432
0.407337145135
0.407826601077
0.408261808026
0.408725908181
0.409197156359
0.409667560705
0.410098377897
0.410526561795
0.411027965597
0.411522716099
0.411966151977
0.412429978038
0.412835553394
0.413308646415
0.413723421582
0.414036939184
0.414435681193
0.414796955712
0.41523822049
0.415701646193
0.416140786785
0.416492910586
0.416896972285
0.417249170641
0.417540977199
0.417928396724
0.418355933444
0.418681854409
0.419066820375
0.41939810842
0.419822546102
0.420044298048
0.42028292755
0.420675962317
0.421048330059
0.421480493668
0.421832777876
0.422176563641
0.422526828166
0.422865346452
0.423168373482
0.423551046124
0.423919242017
0.424343438548
0.424671142666
0.424966090052
0.425331052454
0.425718094532
0.426017278012
0.426346701042
0.42665882378
0.426946771504
0.427267009855
0.427660697721
0.428020448556
0.428398111138
0.428767008546
0.429143745397
0.429434230149
0.429797742801
0.430126139379
0.430415670188
0.430709750849
0.431167914891
0.431382616571
0.431714567028
0.432054561432
0.432372853942
0.432800783872
0.433161743041
0.433475694103
0.433819296656
0.43416308326
0.43448216592
0.434830263114
0.435097497946
0.43539721558
0.435760934153
0.436110470303
0.436432017521
0.436800068961
0.437128188648
0.437457872342
0.437717446891
0.437989765421
0.438380505917
0.438714762288
0.439094543294
0.43943685684
0.439620322413
0.439956797736
0.440245371344
0.440583724742
0.440843038046
0.441063846267
0.441447735991
0.441759591939
0.442143100707
0.442469325324
0.442828356836
0.44311213488
0.443418434865
0.443738468843
0.444052396403
0.444339416327
0.444547107561
0.444881994085
0.4450913324
0.445489073452
0.445863047367
0.446030551248
0.446340009091
0.446412828807
0.446778408121
0.447030971067
0.447311233126
0.44764597312
0.447919853449
0.448303007569
0.448570914812
0.448901473151
0.449235946022
0.449564231076
0.449804206262
0.450040854844
0.450364978978
0.450655146646
0.451012315228
0.451288667871
0.451590562503
0.451933592531
0.452227985905
0.452641257417
0.452959833015
0.453279393786
0.453565597569
0.453844173537
0.454154204805
0.454447203615
0.454781555608
0.455045312138
0.455432034505
0.455764104351
0.456076396228
0.456306493404
0.45666409809
0.456975326221
0.457254415871
0.457525746658
0.457877223796
0.458174052677
0.458502806356
0.458877608431
0.45920033758
0.459510610468
0.459813506229
0.460149530481
0.460461315746
0.460733606921
0.46110452219
0.461485339504
0.461837627806
0.462135753434
0.462450226121
0.462790605323
0.463150826283
0.463443806935
0.463843327227
0.464194133701
0.464549841618
0.464743963683
0.465075050636
0.465381035868
0.465730198364
0.466041683344
0.46636690041
0.466698755299
0.467027259628
0.467324631593
0.467656029633
0.467957204546
0.468142872992
0.468551324732
0.468822310208
0.469132658126
0.469380399581
0.469650620048
0.47008707333
0.470485250441
0.470830472134
0.471165780276
0.471519460777
0.471753855352
0.472126180834
0.472464917595
0.472759145158
0.473103777221
0.473386095459
0.473816725074
0.474194996459
0.474488452452
0.474765427604
0.47514111409
0.475462111405
0.47575901804
0.476030788473
0.476269912752
0.47662096372
0.47685298501
0.477114775436
0.477359286053
0.477783856074
0.478091661346
0.478396199516
0.478590952462
0.47864316716
0.478884033493
0.479218784619
0.479516618902
0.479928542006
0.480135446496
0.480585148997
0.48101489476
0.481422033978
0.481894682592
0.482184638929
0.482529820216
0.482764019392
0.483183552667
0.483614683024
0.483823432284
0.484240106509
0.484663885716
0.484893374029
0.48533982874
0.485686797845
0.486018362804
0.486318834161
0.486618053835
0.486692122987
0.48709871865
0.487476926442
0.487806606261
0.488179731424
0.488475972327
0.488817648683
0.489093085586
0.489470217475
0.489739222611
0.490118860089
0.490491201215
0.491012762698
0.49137748746
0.491543119826
0.491905200777
0.492263224275
0.492630344257
0.493009861585
0.493459235565
0.493700216595
0.493929479195
0.494251001708
0.49462159726
0.495044846209
0.495525548571
0.49592377905
0.496330447676
0.49663504129
0.497006079519
0.497494577915
0.497829488123
0.498230571235
0.49857342287
0.499059319227
0.49932692612
0.499663063958
0.499920948852
0.500300761471
0.50070477914
0.501026897935
0.50149191692
0.501813639754
0.502094037821
0.502577777756
0.502994733282
0.503377987502
0.503745879348
0.504112457763
0.504453079429
0.504949567768
0.505360959593
0.505712863861
0.506110698777
0.506619736469
0.50706492284
0.507496664806
0.507919971302
0.50829060847
0.508740506598
0.509001579921
0.509421561012
0.509809951989
0.510223617221
0.510606549408
0.510892119856
0.511320190988
0.511671325577
0.512010782766
0.512395114613
0.512655069219
0.51304702361
0.513508112859
0.51399640133
0.514465575566
0.514835646473
0.515315697492
0.515780051101
0.516156701483
0.516665016569
0.517100519985
0.517529488281
0.517963424385
0.518375445794
0.518871537449
0.51926249103
0.519773955584
0.520284704517
0.520624649553
0.521085605893
0.521379031618
0.521881847249
0.522189139885
0.522667312173
0.52307507005
0.523621666221
0.52417024947
0.524583712689
0.525028176381
0.525536101792
0.526004842789
0.526485353197
0.526903332351
0.52725548582
0.52756860864
0.527925591437
0.528389857998
0.528679130981
0.529190878892
0.529536297126
0.529897048626
0.530247639101
0.530800229057
0.531293894754
0.531754153594
0.5320376112
0.532630447533
0.532775391144
0.533416733934
0.533851694421
0.534404805196
0.534916746628
0.5351634597
0.535686012205
0.536127493875
0.53655293768
0.537097123768
0.537507143676
0.537941920021
0.538248638636
0.538827286069
0.539372715656
0.539864149701
0.540333790972
0.540795944513
0.541327774714
0.541691736948
0.542002544578
0.542448561048
0.542919638009
0.543437334183
0.543934927908
0.544400215039
0.544638179967
0.544970682269
0.545416602186
0.545971764725
0.546351114093
0.546758836968
0.547252847104
0.547774830792
0.548288458682
0.548736870311
0.549379020481
0.549847749926
0.550354426561
0.550838611523
0.551449407914
0.551909996909
0.552352931804
0.552776368094
0.553114120862
0.553408593425
0.553980343536
0.554479109006
0.55502987505
0.555652038033
0.556200311664
0.556795793782
0.557394688666
0.557676544808
0.558402569582
0.558905581379
0.559510427509
0.560086341695
0.560378552862
0.560963660521
0.561526293428
0.56212064782
0.562593461054
0.563098198305
0.563690904588
0.564050547502
0.564685944528
0.565271366774
0.56596780609
0.566512069614
0.566971583556
0.567498422418
0.56803715675
0.568489870829
0.569045378614
0.569761885356
0.570196651232
0.570318452456
0.570694190158
0.571299080857
0.571977991685
0.572464929412
0.573049139322
0.573571777169
0.573841785271
0.574155306972
0.574525329938
0.575114362997
0.575739641708
0.576545923687
0.577225895825
0.577612868924
0.578307162126
0.578847330038
0.579478185194
0.580100964249
0.580422272056
0.580946819188
0.581776647641
0.582434104573
0.583087748113
0.583828872825
0.58432235506
0.584962348734
0.585600359047
0.5860689133
0.586775438395
0.587442728988
0.588056599678
0.588371347054
0.589076010331
0.589652750923
0.590556092143
0.591234584458
0.591613399075
0.592036789669
0.592632028933
0.59329773103
0.593835666533
0.594253254859
0.594909546874
0.595575083515
0.596305093984
0.59706241251
0.597906232257
0.598691091999
0.59965756808
0.600376185863
0.600924389281
0.601638097443
0.602618117039
0.603421948596
0.604135565173
0.60472384436
0.605016587495
0.605736511031
0.606239430775
0.606913903994
0.607790336164
0.608552283898
0.609336772172
0.609944564027
0.610717346731
0.611397382998
0.612216205231
0.613123088712
0.613906110347
0.614644285496
0.615448879738
0.616027664527
0.616702572565
0.617292655576
0.617594571551
0.618239440533
0.618508897775
0.619332322741
0.620105593655
0.621014673431
0.621661793597
0.622433191625
0.623153239544
0.62383563696
0.62474850854
0.625567918715
0.626300899124
0.627212801372
0.627937178591
0.628848357674
0.629736288332
0.630634292994
0.631693888199
0.632227518981
0.632331331432
0.63308061965
0.633776886518
0.634548325628
0.635287961983
0.636241917381
0.637029731734
0.638125899559
0.638936277937
0.639733750699
0.640853615313
0.641804951207
0.642900483204
0.643620604222
0.644217124105
0.644963554865
0.645547477573
0.646384289725
0.64733306537
0.648222554255
0.649008029579
0.649669701062
0.650576618943
0.651610527243
0.652647876605
0.653718982035
0.654554100146
0.655399798148
0.656295737955
0.656931933454
0.657614023401
0.658575887543
0.659477825418
0.66046615492
0.661554641912
0.662536677202
0.663704229082
0.664584070847
0.66539682185
0.66633602073
0.667228110671
0.668129934768
0.669115425099
0.669646477432
0.670566046204
0.672077047192
0.672966164899
0.673867329653
0.67486030402
0.675210946284
0.676072279672
0.67724761149
0.678081559106
0.679157373218
0.680000387725
0.681141083052
0.68176551901
0.68324866639
0.684251653719
0.685223636615
0.686292542577
0.687242249209
0.688290727607
0.689320975126
0.690614000655
0.691434981653
0.692090764061
0.693543811044
0.694243137705
0.695167603316
0.696318525219
0.697617271704
0.698432397104
0.699748143165
0.700068905863
0.701351594347
0.702401174139
0.703432908751
0.704587504007
0.705550042915
0.706774055396
0.70827337519
0.709549414992
0.709612702498
0.710881207454
0.711519787599
0.712791898406
0.714234833877
0.715670117369
0.71727069748
0.718097802505
0.719407882547
0.720297447873
0.721662666221
0.722750193642
0.723821445202
0.725168963388
0.726332657989
0.727856012656
0.729068022149
0.730579029848
0.732239721604
0.733402479579
0.734905213929
0.736488926031
0.738088568496
0.739796409323
0.740888461618
0.741925903795
0.743527153692
0.744396447072
0.74529510122
0.746685355945
0.74865660355
0.75000161322
0.751235422925
0.752721461444
0.753752506547
0.754938544725
0.75650495969
0.758584749833
0.760511573032
0.761785326314
0.762641960525
0.763947280881
0.765428238854
0.766788711909
0.768813140321
0.770526413038
0.771590598216
0.773118853074
0.775273730886
0.776489293966
0.778288163489
0.780023921264
0.781482906331
0.782572751844
0.784190290007
0.785760843566
0.78727012318
0.788975056972
0.790726205699
0.792100413133
0.793725662675
0.795254339718
0.796930464474
0.797318609728
0.798768127954
0.801236720269
0.802369598714
0.80371354906
0.805204748887
0.806475227821
0.807881200586
0.810035361665
0.812159663836
0.814033096257
0.816114619272
0.81733959848
0.818901347788
0.820226891993
0.822733650499
0.824195594349
0.825992620382
0.827969310669
0.829660570209
0.830636673225
0.832238730182
0.833970040798
0.836137233999
0.838385910003
0.840398600437
0.842989490618
0.844898028202
0.846459458993
0.849642571055
0.851356509911
0.853928697297
0.855709150623
0.857331055551
0.859298460003
0.861734343806
0.863200684946
0.865502900163
0.868356409843
0.870164328565
0.872672948883
0.874645600741
0.878025655048
0.880425191937
0.882333081585
0.88474536044
0.887923916543
0.890576838323
0.893356385098
0.897181049864
0.899378457878
0.901090414544
0.904556823732
0.905939609333
0.905733293644
0.908006895313
0.91103401031
0.913861800252
0.916688162363
0.918733309361
0.92136467352
0.925467111749
0.92903234237
0.931043466826
0.934320665793
0.937453395558
0.940641834535
0.943863411653
0.94724488134
0.950077965912
0.952042095752
0.95511745289
0.958694660208
0.962222226075
0.964512129071
0.96791399967
0.970082021704
0.974061089448
0.976429723929
0.979235110388
0.983862228476
0.985182604708
0.988753954804
0.991761296556
0.995694015488
0.998074076618
1.00235987682
1.00636150962
1.01095081917
1.01470827331
1.01909120375
1.0232435037
1.02596129408
1.02927891423
1.03251767537
1.03403295531
1.03724524993
1.04055126113
1.04442563593
1.04835595043
1.05225722703
1.05230979592
1.05565736016
1.05869289631
1.06246679915
1.06584130331
1.07032633444
1.07371709353
1.07910654424
1.08276365021
1.08662526458
1.09153641144
1.09442950686
1.0976618487
1.10398340873
1.10956425485
1.11495494116
1.12015801962
1.1238624066
1.12881356917
1.13077736753
1.13845054202
1.14628661333
1.14712321899
1.15132934924
1.15646281138
1.16222925745
1.17042625504
1.17642594333
1.18080349609
1.18539445172
1.18558744329
1.19222973602
1.19629990605
1.20434447693
1.2122079447
1.2203363625
1.22689355623
1.23316168443
1.23880387622
1.24539089096
1.25591768366
1.26644211592
1.27235837538
1.2820417851
1.28993069392
1.29616771441
1.30684341923
1.31692410318
1.32786988768
1.33118898461
1.33832564791
1.34683999792
1.36095018284
1.36951756
1.37610361051
1.38251868545
1.39566810692
1.40193557931
1.4095828076
1.41625491694
1.42571782257
1.43565338005
1.44769024319
1.45882655381
1.466776886
1.47715865584
1.48940998194
1.49813120421
1.51607049652
1.52812249424
1.5359677174
1.55711429354
1.56865299653
1.58261611806
1.58642916087
1.60801969678
1.61519660123
1.62830725332
1.64114390291
1.65860108293
1.66778731132
1.69216773778
1.71460617893
1.7369068669
1.76351638216
1.7812331012
1.78910365267
1.81894055468
1.84695714215
1.87324308996
1.90032454672
1.92371903876
1.94673565078
1.98724976493
2.03199629456
2.07218766562
2.1153598876
2.14461865257
2.19958866042
2.25659596149
2.27992501756
2.33159646214
2.35376278156
2.37796227305
2.41033535173
2.4355015487
2.49755511917
2.58272433557
2.60232525013
2.60967408331
2.55272063305
2.40668157867
2.20674804669
1.71009660238
1.0218021854
0.397553789415