1.0
0.746989724994
0.69908119739
0.671992300725
0.653164662982
0.638592827436
0.627397219117
0.617558280611
0.608676153577
0.601220705222
0.594507223314
0.588380278247
0.582641216318
0.577181233259
0.572033207728
0.567243233622
0.562640292314
0.558479087118
0.554389485122
0.550602522672
0.547091273281
0.543661405656
0.540432636377
0.53717435425
0.533802059706
0.530597807702
0.527523015415
0.524885247105
0.522173466384
0.519628807033
0.517064342542
0.514560356359
0.51212063945
0.509748699344
0.507570771666
0.505275678338
0.503015695733
0.500906749464
0.498592276151
0.496519184626
0.49440223127
0.492362585277
0.490422531858
0.4884677043
0.486508377185
0.484518580623
0.482826782332
0.481103664284
0.479433088316
0.47767457611
0.475971334061
0.474439146068
0.472940368176
0.471314362631
0.469757480214
0.468234149617
0.466749224694
0.465184051753
0.463659516551
0.462312731594
0.460833475406
0.45933760274
0.457797053364
0.456347947755
0.454964741182
0.453639816282
0.452267840888
0.450791348208
0.449401693449
0.448092711864
0.446760701047
0.445448247362
0.444062525288
0.442669114993
0.441425040415
0.440123499043
0.438839247311
0.437670566898
0.436363179644
0.434973489456
0.433836235088
0.43255074332
0.431425535012
0.430372638494
0.429250299982
0.428083461907
0.426769343032
0.425689413738
0.424542770529
0.423379900568
0.422266136016
0.42113387722
0.420200661853
0.419331609471
0.418335364866
0.417348402813
0.416371927918
0.415350811741
0.414306099459
0.413381068327
0.41248749867
0.411539048579
0.410525656053
0.409665638217
0.408760908239
0.407861280122
0.406901350845
0.405946062844
0.405015788133
0.404044060803
0.40310368866
0.402096921466
0.401204733563
0.400438958432
0.399528488861
0.398661030811
0.397913112193
0.397058585943
0.396144750561
0.395285512175
0.394500427919
0.39365518422
0.3928609237
0.391995697714
0.391065635581
0.390294191716
0.389452774413
0.38874489123
0.387968310075
0.387160798889
0.386439346174
0.385793358483
0.385004164394
0.384219009278
0.383582162421
0.382887459045
0.382144925725
0.381409868047
0.380610505667
0.379841577303
0.379090115726
0.378283383991
0.377532631006
0.376765828417
0.376124978016
0.375414862769
0.374741310858
0.374074313421
0.373327776557
0.372630699399
0.371862373337
0.371190167751
0.370523737187
0.369791407588
0.369117359662
0.368342372839
0.367546943142
0.366823718948
0.366082779959
0.365273532723
0.364507509585
0.363804692833
0.363197287964
0.362381061099
0.361828359515
0.361047739387
0.360421025392
0.359727030608
0.359066516785
0.358388500746
0.35783161847
0.357187366829
0.356551157704
0.356030803335
0.355357038846
0.354739749122
0.354095851776
0.353449722367
0.352772060623
0.352136666379
0.351494150787
0.350837073635
0.350185629787
0.349483769635
0.348843060952
0.348263220303
0.347575248549
0.346962777249
0.346392502589
0.345898118108
0.345274167621
0.344625664429
0.343922422522
0.343242847581
0.342568268212
0.341954734024
0.34133393677
0.340747435358
0.340172413133
0.339498081771
0.338879516582
0.338323520046
0.337725504018
0.336926106207
0.33635391835
0.335814928016
0.335224600209
0.334718913689
0.334025875504
0.333500844429
0.332894325299
0.332300206526
0.331718736116
0.331004440178
0.330355405542
0.329700383306
0.329113740176
0.328523164361
0.328035759509
0.327476290874
0.326939461745
0.326411029429
0.325818115262
0.325267645742
0.324706051331
0.324186086687
0.323660807605
0.32306683055
0.32240691903
0.321908282999
0.321386794882
0.320739779733
0.320169257066
0.319633490825
0.319037706861
0.318488441947
0.317933331151
0.317426688032
0.316884083881
0.316432604632
0.315881284802
0.315337263467
0.314767839117
0.314182542311
0.31362438457
0.313062542152
0.312404472971
0.311949840489
0.311373259362
0.310730991778
0.31017513696
0.30960312625
0.309097616878
0.308593985275
0.308021761987
0.307500061293
0.306916394249
0.306468422529
0.305968759039
0.305514906007
0.30506324961
0.304547642806
0.304040893398
0.303576730356
0.303053364472
0.302519901154
0.301962770872
0.301435897458
0.301048545764
0.300405321581
0.299898536744
0.299441282472
0.298941973278
0.298421122894
0.297963478897
0.297425409733
0.296991397271
0.296477987101
0.295941299691
0.295351432468
0.294946277406
0.294456817638
0.293877543862
0.293412229359
0.292874390487
0.292360183151
0.291862751725
0.291284753415
0.290807180274
0.290256126166
0.289785603513
0.289301901053
0.288866931992
0.288426329626
0.287972919465
0.287521422501
0.287057046881
0.286413893557
0.285928543621
0.285497383241
0.285023494777
0.284563051842
0.284032741758
0.283594796612
0.28299802062
0.282531873521
0.282050668847
0.28150298055
0.28100546055
0.280563033561
0.28006003969
0.279589145026
0.279199525839
0.278666806543
0.278172794072
0.27768106681
0.277241226181
0.276693998469
0.276269994866
0.275801969999
0.275260765316
0.274813750195
0.274363333834
0.273979241662
0.273558161
0.27305771806
0.272612049263
0.272090171421
0.271583315725
0.271124024251
0.270696867415
0.270253395253
0.269783528047
0.269333465982
0.268871676722
0.268377717396
0.267900657984
0.267463120278
0.266944307096
0.266404431023
0.265918939368
0.26545707925
0.26498028556
0.264502924996
0.264124926714
0.26373376634
0.263219966444
0.262760621826
0.262247672241
0.261750524252
0.261259842163
0.260761152987
0.260319186582
0.25987445667
0.259410860501
0.258974952556
0.258433269574
0.257925138413
0.257406573237
0.256942339336
0.256385740498
0.25591431439
0.255389814759
0.254899699543
0.254403189287
0.253960230854
0.253533251165
0.253075819745
0.25260979665
0.252197715103
0.251734278368
0.251295908067
0.250819486387
0.25040315329
0.249950735157
0.249511195679
0.249040743885
0.248517378001
0.248132205227
0.247672028014
0.247244392878
0.246813427361
0.246350628358
0.245873303224
0.24531930846
0.244850078987
0.244434950496
0.243979219696
0.243521416265
0.243142904254
0.24264658886
0.242219060013
0.241875995306
0.241388112154
0.240906128029
0.24040639368
0.239879963136
0.239422000272
0.238942195067
0.238497323436
0.238020334883
0.23758084855
0.236940565023
0.236454772217
0.236089316009
0.23564260204
0.235256738389
0.234827898647
0.234341716116
0.233865081859
0.233409864788
0.232927455508
0.232497907174
0.232014665299
0.231510945121
0.231008659842
0.230564248796
0.230211263803
0.229668624222
0.229249988202
0.228778898675
0.228391476123
0.227958189968
0.22751299947
0.227104124302
0.226708056929
0.226260917805
0.225775514725
0.225344992077
0.224884070843
0.22445703801
0.224039199155
0.223550660556
0.223142688842
0.222703308798
0.222293158164
0.221804070406
0.2214406514
0.220948056113
0.220581838169
0.220216417391
0.219781164894
0.219397869888
0.218969047861
0.218506018566
0.218038560572
0.217627116758
0.21717859588
0.216653086505
0.216171651539
0.215819392853
0.215415052672
0.214939587591
0.214622014473
0.214199835493
0.213810871754
0.213320490816
0.212921465073
0.212432341886
0.212018967159
0.211583307222
0.21106313
0.21062812551
0.210221836701
0.209830853475
0.209445096113
0.208922828545
0.208524103954
0.208138984324
0.207743235818
0.207338629915
0.206902969977
0.206421924736
0.206048851167
0.205596769615
0.205190835102
0.204731100759
0.204221587844
0.203809116572
0.203339089933
0.202800967625
0.202286600855
0.20182234924
0.201438629079
0.20103366888
0.200578487239
0.200113367598
0.199687149646
0.199246316988
0.198872747404
0.198460665858
0.197993739308
0.197561303463
0.19715278259
0.19662865497
0.196202206725
0.195686387343
0.195181604277
0.194785536905
0.194337954911
0.193890514635
0.193511152313
0.193068654465
0.192725855479
0.192307378892
0.191811931523
0.191353950945
0.190918822451
0.190599973867
0.190180186385
0.189689681444
0.189140239382
0.188626386342
0.188133419045
0.187698290551
0.187315704137
0.186886368381
0.18639320622
0.185935154783
0.185418555949
0.184941053667
0.184585730322
0.184171452141
0.183782559261
0.183338254503
0.182790849643
0.182466102032
0.182027997453
0.181571150621
0.181189060222
0.180756128362
0.180490778458
0.179917279705
0.179457740224
0.179080379675
0.178652106806
0.178152053591
0.177790016339
0.17735749192
0.176879387335
0.176450423589
0.17605580883
0.175609041716
0.175179971682
0.174713169136
0.174277597772
0.173888350595
0.173358837677
0.172973647188
0.172569448726
0.172136711729
0.171665285621
0.171196073863
0.170686029504
0.170285639722
0.169790670652
0.169387039063
0.168961423413
0.168487038935
0.168041600431
0.167630634917
0.167145568417
0.166728331866
0.166317047485
0.165805408794
0.165291732902
0.164801688546
0.164313805394
0.163894425353
0.163428667979
0.162967658171
0.162519225866
0.162047516322
0.161543796144
0.161078871366
0.160600713637
0.160089004087
0.159658995169
0.159245726731
0.158815062365
0.158387568948
0.158015877132
0.157649570615
0.15718007542
0.156793326029
0.156335770606
0.155926328564
0.155416514497
0.154869835943
0.154437772108
0.153980624125
0.153479224585
0.153118569087
0.152735504373
0.152254104837
0.151818356325
0.151430437758
0.151018072775
0.150632031976
0.150160233858
0.149729162052
0.149265512739
0.148798621619
0.148389480728
0.147871872152
0.14742622107
0.14705750534
0.146576034944
0.146158718676
0.145749808078
0.145216203042
0.14473158827
0.144371614791
0.143925255118
0.143599134611
0.143199471135
0.142790835117
0.14239532576
0.141949488673
0.14149792085
0.141044032389
0.140626485828
0.140196432623
0.139887716902
0.139484191601
0.138992065756
0.13854336773
0.138202304794
0.137677495154
0.137278371979
0.136880010541
0.136422676552
0.136033526807
0.135599266338
0.135131569195
0.134686927856
0.134282268809
0.133847149172
0.133471692963
0.132997033906
0.132617343861
0.132189150709
0.131747671461
0.13127761825
0.130866927315
0.130523747461
0.130018273519
0.129531701262
0.12909380926
0.128693764917
0.128233835711
0.127764535378
0.127355846215
0.126947653066
0.126501116245
0.126160637897
0.125715642263
0.125224721024
0.124768821934
0.124347298402
0.123865349706
0.123462063555
0.122983011229
0.122566500984
0.122185163463
0.121770052687
0.121257510541
0.120895340428
0.12045474692
0.119963187949
0.119548555472
0.119057696235
0.118605446392
0.118150078746
0.117715711988
0.117251212365
0.116849865984
0.116404551483
0.115980007579
0.115382319275
0.115016827637
0.114564436076
0.114117739822
0.113534072777
0.113159954035
0.112685410124
0.112293355152
0.111906145177
0.111438306315
0.111005604748
0.110571778292
0.110077756964
0.109600502689
0.109151060641
0.108743097785
0.108256392667
0.10779762378
0.107297384559
0.106898438533
0.106438934482
0.106018084112
0.105591104424
0.105167862557
0.104717047613
0.104270732226
0.103872096209
0.103385878248
0.102945568177
0.102495638972
0.101927047217
0.101494460796
0.101047560822
0.100578003625
0.100175027483
0.0996765508842
0.0992875074278
0.0988777288046
0.0984036100483
0.097949136999
0.097510438974
0.0970065947928
0.0965473741785
0.096087923272
0.0956100844089
0.0951827061375
0.0946717406089
0.0941864703896
0.0937823162136
0.093455487115
0.0929931221248
0.0925216163007
0.0920411733628
0.0916322981941
0.0912186134588
0.0907724752202
0.0903138303368
0.0898078515228
0.0894066202879
0.0889716512272
0.0885452206973
0.0880446803252
0.0875896138302
0.0871582763023
0.0867066021905
0.0862042283372
0.0858008093252
0.0853905346878
0.0849820669594
0.0846029880748
0.0841227665719
0.0836889932597
0.0832469028516
0.0827548390087
0.0823348212343
0.0819270266681
0.0814933773596
0.08105033921
0.0805591433919
0.0801586207488
0.0797021016407
0.0792592583538
0.0788203211791
0.0784048826792
0.077880055324
0.0774635982234
0.0770485405915
0.0765784165213
0.0761649797931
0.075741153338
0.0753071231613
0.0748542001565
0.0743465650093
0.0739289387322
0.0735463390323
0.0731879333127
0.072735302602
0.0722567728619
0.0718423263904
0.0714487523754
0.0710904308011
0.0707054573188
0.0702420825852
0.0698722906816
0.0695251382852
0.0691263251198
0.0686837475548
0.0682527554654
0.0678554657723
0.0674821619107
0.0669526224202
0.0665571396361
0.0660788667605
0.0656915283531
0.0652124627405
0.0647835609968
0.0643791676711
0.063945128637
0.0635745617112
0.0631627813162
0.0627424181034
0.0622316474376
0.0618272275397
0.0613250751214
0.0607715896576
0.0603683389362
0.0599987064657
0.0596040917065
0.0591108188288
0.0587108320582
0.0582674174693
0.0578286175842
0.0573586175176
0.0569960045344
0.0565582941092
0.0561609069847
0.0556883028433
0.0552906942839
0.0548849324903
0.0545199368673
0.0541184044809
0.0536538251414
0.0532235106428
0.0528002776333
0.0524091261164
0.0520059993985
0.051553027678
0.0511828283341
0.0507476954115
0.0502477086268
0.0498178148546
0.0493676730725
0.0489791787747
0.0485526906718
0.0480918978695
0.0476806887767
0.0473661581741
0.0469587710482
0.0464948028691
0.046126795731
0.0457136380108
0.0452323049045
0.044780728224
0.0444350461555
0.0440458565521
0.0436052851876
0.0432352275621
0.0428289387534
0.0424833231154
0.042125577272
0.0417669634036
0.0413098729934
0.0408581988816
0.0404623042285
0.0400388896424
0.0397090268852
0.0392968567648
0.0389054882417
0.0385479461184
0.0381364890185
0.0377204039285
0.0372735526694
0.0369111279059
0.0364720534416
0.0360848368234
0.0357186609522
0.0353305585942
0.0348952108797
0.0344638179931
0.0340811097901
0.0337797634232
0.0333470219978
0.0329354431087
0.0325276551855
0.0321991653249
0.0318766652792
0.0314520438727
0.0310584344281
0.0306399312687
0.0303324511543
0.0299444130125
0.0296867468998
0.029307267218
0.0289365962178
0.0284987927899
0.0281376567777
0.0277736908271
0.0274032877631
0.0270362571531
0.0266954134378
0.026328504617
0.0260024793272
0.0256308672285
0.0252977272344
0.0249404552617
0.024649354689
0.0243743767935
0.0240375011922
0.0236887633217
0.0232796047163
0.0229563340771
0.0226572064882
0.0223209066177
0.0219200385361
0.0216289490351
0.0212801491628
0.0209377177591
0.0205688514535
0.0202177663728
0.0198765927194
0.0195000094066
0.0191308840221
0.0188368494366
0.01850680621
0.0182198376131
0.017930421053
0.0175375290576
0.017219296063
0.0169100655054
0.0166412047499
0.016257128079
0.0159990213108
0.0156506488079
0.0153426926084
0.0150657771572
0.0148229051122
0.0145621809831
0.0142571322242
0.0139519506044
0.0136519306327
0.0133569815209
0.013061042595
0.0128031993344
0.0125139156353
0.0122314410603
0.0119772082961
0.0117202341676
0.011441775315
0.0112164298447
0.0109628514208
0.0106696162154
0.010406868171
0.0101236418244
0.00985098456701
0.00962507665192
0.00934062577015
0.00910391404484
0.00883643061455
0.00854657505974
0.00830874619522
0.00806711972165
0.00788972044938
0.00764573403305
0.0074127363251
0.00722088454858
0.00694376094863
0.00671941525696
0.00654964773954
0.0062530378658
0.00605205798789
0.00587633497805
0.00562760708629
0.00548053222045
0.00521183311239
0.00503023986257
0.00485571315493
0.00466644829197
0.00447577537965
0.00433005763313
0.00416396039968
0.00396601916259
0.00381655446027
0.00361935253906
0.00345004588309
0.00326373164056
0.00313324114377
0.00296656015248
0.00277968097409
0.00260246023374
0.00241614709839
0.00228738047253
0.00210729740892
0.00197223732556
0.00179562926798
0.00165647969667
0.00154039022052
0.00142499272852
0.00131877260718
0.00119831477345
0.0010917370347
0.000977710294117
0.000891888827681
0.000796925766172
0.000698070155395
0.000585569516666
0.000484951906636
0.000398748603343
0.000303075081702
0.000238874694781
0.00015465923707
0.000107091831081