1.0
0.999377076988
0.999377076988
0.999377076988
0.999377076988
0.999377076988
0.999377076988
0.999377076988
0.999377076988
0.999377076988
0.999377076988
0.999377076988
0.999377076988
0.999350100007
0.999350100007
0.999350100007
0.999350100007
0.999350100007
0.999350100007
0.999350100007
0.999350100007
0.999350100007
0.999350100007
0.999350100007
0.999350100007
0.999350100007
0.999350100007
0.999350100007
0.999350100007
0.999350100007
0.999350100007
0.999350100007
0.999350100007
0.998997053431
0.998997053431
0.99885737025
0.99885737025
0.998554758899
0.997986642876
0.997986642876
0.997763363042
0.997763363042
0.997468002422
0.997468002422
0.997468002422
0.997468002422
0.997201644721
0.997201644721
0.997201644721
0.997201644721
0.996120646177
0.996120646177
0.996120646177
0.996120646177
0.996120646177
0.996120646177
0.996120646177
0.996120646177
0.996120646177
0.996120646177
0.996120646177
0.996120646177
0.996120646177
0.996120646177
0.996120646177
0.996034490443
0.995552850038
0.995552850038
0.994963728223
0.994963728223
0.994963728223
0.994963728223
0.99484654363
0.99484654363
0.99484654363
0.99484654363
0.99484654363
0.99484654363
0.99484654363
0.99484654363
0.99484654363
0.99484654363
0.99409097491
0.99409097491
0.99409097491
0.99409097491
0.99409097491
0.99409097491
0.99409097491
0.99409097491
0.993804890959
0.993804890959
0.993516781068
0.993516781068
0.993516781068
0.99329318135
0.99329318135
0.99329318135
0.99329318135
0.99329318135
0.99329318135
0.993082590293
0.993082590293
0.993082590293
0.993074486536
0.993074486536
0.992476941079
0.992476941079
0.992283730449
0.992283730449
0.992283730449
0.992283730449
0.992089453536
0.992089453536
0.992089453536
0.992089453536
0.992089453536
0.992089453536
0.99165931464
0.99165931464
0.99165931464
0.991639055247
0.991639055247
0.991639055247
0.991394662994
0.991394662994
0.991394662994
0.991394662994
0.991394662994
0.991131930658
0.991131930658
0.991131930658
0.991131930658
0.991131930658
0.991131930658
0.991131930658
0.991131930658
0.991131930658
0.991131930658
0.991131930658
0.991131930658
0.990822921605
0.990556563905
0.990556563905
0.990556563905
0.990556563905
0.990342454112
0.990342454112
0.990342454112
0.990342454112
0.990342454112
0.990099554656
0.989922871426
0.989922871426
0.989922871426
0.989922871426
0.989922871426
0.989922871426
0.989922871426
0.989922871426
0.989686263044
0.989686263044
0.989686263044
0.989686263044
0.989686263044
0.989686263044
0.989686263044
0.989686263044
0.989686263044
0.989686263044
0.989686263044
0.989686263044
0.989686263044
0.989686263044
0.989686263044
0.989686263044
0.989686263044
0.989329910989
0.989329910989
0.989329910989
0.989329910989
0.988459823385
0.988124797006
0.988124797006
0.987750531383
0.987750531383
0.987750531383
0.987750531383
0.98734918215
0.98734918215
0.98734918215
0.98734918215
0.98734918215
0.98734918215
0.98734918215
0.98734918215
0.98734918215
0.98734918215
0.98734918215
0.98701287623
0.986506178155
0.985993722147
0.985733868778
0.985733868778
0.985440534097
0.98521224273
0.98521224273
0.98521224273
0.984964758253
0.984964758253
0.984964758253
0.984964758253
0.984964758253
0.984933196252
0.984933196252
0.9846069134
0.984358469269
0.984162059787
0.984162059787
0.984162059787
0.984162059787
0.984162059787
0.984162059787
0.983904019101
0.983904019101
0.983904019101
0.983904019101
0.983904019101
0.983904019101
0.983904019101
0.983904019101
0.983725736445
0.983725736445
0.983725736445
0.983725736445
0.983725736445
0.983725736445
0.983385272019
0.982937326182
0.982937326182
0.982937326182
0.982937326182
0.982937326182
0.982937326182
0.982641112535
0.982466881757
0.982466881757
0.982267913195
0.981951013641
0.981951013641
0.981951013641
0.981951013641
0.981339179981
0.981339179981
0.981339179981
0.981048511009
0.981048511009
0.981048511009
0.980787591357
0.980787591357
0.980787591357
0.980787591357
0.980528164501
0.980528164501
0.979959621964
0.979276027402
0.978970537085
0.978970537085
0.978970537085
0.978970537085
0.978970537085
0.978970537085
0.978970537085
0.978970537085
0.978970537085
0.978730090082
0.978730090082
0.978730090082
0.97845594851
0.97845594851
0.97807944369
0.97807944369
0.97807944369
0.97807944369
0.978075818325
0.978075818325
0.978075818325
0.977496293064
0.977065621026
0.977065621026
0.976660753057
0.976073657181
0.975314569724
0.975314569724
0.975314569724
0.975314569724
0.975314569724
0.975314569724
0.975040428151
0.97502400738
0.97502400738
0.97502400738
0.97502400738
0.97502400738
0.974870462509
0.9745281854
0.9745281854
0.9745281854
0.9745281854
0.974260548159
0.974048570934
0.974048570934
0.974048570934
0.974048570934
0.973586123638
0.973188293142
0.973188293142
0.972967145876
0.972786410767
0.972786410767
0.972491796545
0.972491796545
0.972138003571
0.972138003571
0.971565195899
0.970483877469
0.970483877469
0.970483877469
0.970111317899
0.970111317899
0.969784182021
0.96871544574
0.967913813558
0.967713138941
0.967713138941
0.967713138941
0.966312255248
0.966312255248
0.965906214366
0.965833493809
0.965833493809
0.965011708863
0.965011708863
0.964926939298
0.964395929952
0.964395929952
0.963907891844
0.963907891844
0.963907891844
0.963579902938
0.963257245452
0.962911769492
0.962649783555
0.962434607479
0.962175927022
0.962175927022
0.961906583727
0.961906583727
0.961722756395
0.961423983666
0.960932426821
0.960627469647
0.960627469647
0.960627469647
0.960627469647
0.96034106581
0.960070336346
0.959480788018
0.959480788018
0.959480788018
0.959118891287
0.959118891287
0.959118891287
0.959118891287
0.958373878776
0.958074572905
0.958074572905
0.957897463161
0.95753759237
0.95753759237
0.95753759237
0.95753759237
0.957199900281
0.957199900281
0.957199900281
0.957199900281
0.957199900281
0.957009355361
0.957009355361
0.956592758269
0.955504295738
0.955504295738
0.955504295738
0.955257664288
0.955257664288
0.955257664288
0.955257664288
0.954908243078
0.954908243078
0.954614268626
0.953550223994
0.952997462458
0.952131746618
0.951661302193
0.950875451011
0.950071473005
0.950071473005
0.949059463024
0.949059463024
0.949059463024
0.949059463024
0.94853421161
0.948300908708
0.947587778084
0.946493664248
0.946484814092
0.946321992552
0.94606363198
0.94606363198
0.94606363198
0.94606363198
0.94580847026
0.945187466559
0.944284963927
0.943979366981
0.943979366981
0.943446011811
0.943446011811
0.943446011811
0.942484650311
0.942484650311
0.942188330035
0.942188330035
0.941900753287
0.940883625143
0.940772198483
0.940342272844
0.940129655848
0.939617839611
0.939411407062
0.939411407062
0.939143130051
0.939143130051
0.939143130051
0.938912492859
0.938912492859
0.938501440443
0.938501440443
0.938065650242
0.937581877269
0.937581877269
0.937203133254
0.937203133254
0.936864588138
0.936864588138
0.936864588138
0.936864588138
0.936337524042
0.936062422814
0.935288407384
0.934750680449
0.934219457846
0.934219457846
0.933155946356
0.932833075613
0.932833075613
0.932567144426
0.932317314125
0.931973970732
0.931973970732
0.931724673573
0.931517494625
0.931517494625
0.930591640377
0.930150305501
0.92981410621
0.92981410621
0.92981410621
0.92981410621
0.929465857912
0.928815744662
0.928815744662
0.928815744662
0.928815744662
0.928293052329
0.928060389198
0.927671835371
0.927369010764
0.926800574855
0.926222329135
0.925940297062
0.925334327963
0.925334327963
0.924864949822
0.924588569054
0.924588569054
0.924055427139
0.92385560555
0.92385560555
0.923169558535
0.922583848828
0.922583848828
0.921739245408
0.921447936666
0.921174541493
0.920262229049
0.919497916801
0.919497916801
0.919223668601
0.918296641441
0.918045851484
0.917296253953
0.917296253953
0.916050194671
0.915794286553
0.915247282949
0.915247282949
0.915247282949
0.91499862556
0.914664025695
0.914415474935
0.914127365044
0.912852942613
0.912852942613
0.912852942613
0.912852942613
0.912411607736
0.911483514292
0.911483514292
0.911483514292
0.911148914427
0.910914331985
0.910079431747
0.909810728223
0.909810728223
0.909473782533
0.908322835769
0.908322835769
0.907931296347
0.907931296347
0.907931296347
0.907272332942
0.907049053108
0.907049053108
0.906729381216
0.906556963121
0.906556963121
0.905742428905
0.905337987449
0.904428340715
0.904361484719
0.904361484719
0.903888801098
0.903206379448
0.903172258366
0.902877964029
0.902058738164
0.901481025586
0.901036705115
0.900712341574
0.900458352766
0.900254799184
0.899529512924
0.898204122125
0.898204122125
0.898204122125
0.897866963179
0.897866963179
0.897368795374
0.89692532793
0.89692532793
0.896703967408
0.89645456362
0.896449018944
0.895173210344
0.893574424372
0.892751573142
0.892323993327
0.892323993327
0.89201391799
0.891162277096
0.890481881385
0.890009357707
0.890009357707
0.889075453016
0.886935421373
0.886713261137
0.885966969086
0.885966969086
0.88416041771
0.88416041771
0.883665342129
0.882994809544
0.882994809544
0.882994809544
0.882765398578
0.882499094192
0.882269789855
0.881312586862
0.880711629297
0.879709962268
0.879026954162
0.879026954162
0.878522761854
0.87827479755
0.878084785772
0.877578994038
0.877578994038
0.876714237853
0.876150386965
0.875323483856
0.87488278875
0.872136361494
0.87191841308
0.87135925384
0.871132988412
0.869924035808
0.868952278041
0.868053507402
0.867694756208
0.867156176246
0.865418133607
0.865418133607
0.864630469743
0.864121532472
0.863782240958
0.863054768816
0.862559266721
0.861746811758
0.861746811758
0.861746811758
0.861492716322
0.860763538126
0.859181759381
0.858886398761
0.857480983361
0.857198258204
0.857198258204
0.857005527402
0.856541107481
0.856444288909
0.855996929529
0.854979534814
0.854380923073
0.854159989064
0.853867347468
0.853137956015
0.852794505994
0.850721970117
0.849322099393
0.84867881036
0.846929411797
0.845973275089
0.845593358161
0.844921812606
0.84430800632
0.843628143751
0.841959036361
0.840512942233
0.839850620033
0.839411630981
0.838949983398
0.838596350366
0.838318636743
0.838318636743
0.836755731222
0.836515390847
0.835616833465
0.834688953278
0.834381650279
0.833554054086
0.832209203608
0.832170497505
0.831783063276
0.831475067192
0.830909350307
0.829099706708
0.827399570458
0.826293887443
0.824840915784
0.824316570712
0.823829545573
0.821939877373
0.821019247916
0.820888095005
0.819996095269
0.818866900695
0.816459498382
0.816122339435
0.816122339435
0.813904469073
0.813747298836
0.813747298836
0.812788656361
0.811836038389
0.810846367054
0.809793411773
0.809192454208
0.807747852878
0.807747852878
0.807740282262
0.807537048565
0.807475950501
0.807173445779
0.806597332627
0.806112546685
0.805401335371
0.805111466113
0.803997519397
0.80333599691
0.801736197969
0.800500588269
0.799932099046
0.798231323026
0.797815525647
0.797534986372
0.797271934151
0.796286527952
0.794852536145
0.792430845629
0.791770229483
0.79110748077
0.79013860197
0.789202618025
0.788246321374
0.787089456735
0.785757934804
0.784891845765
0.783278664961
0.782170796064
0.781640213231
0.780694419476
0.780417612194
0.779405175699
0.77850971054
0.776371598208
0.774962717386
0.773381418469
0.771949292659
0.770920168823
0.770542437776
0.76974736324
0.767738751079
0.76629175061
0.765752530878
0.764485945633
0.763344062281
0.761831965185
0.760154487466
0.759583065963
0.758087762836
0.756733848946
0.755530654274
0.754673362076
0.750694310715
0.749452943082
0.748209176311
0.747941272499
0.746649789526
0.745572629603
0.744056533942
0.742086627884
0.741206144013
0.740928963532
0.739025060442
0.738478749923
0.736994802719
0.736200634524
0.735324682359
0.733741464131
0.730776715261
0.729370446835
0.728077897578
0.726347052354
0.724862731951
0.723510790686
0.722207152077
0.721517479697
0.720656028993
0.718175959437
0.717663236858
0.715026157009
0.713675175398
0.712329845092
0.710449666818
0.708763445573
0.70704203696
0.705056083331
0.703890741735
0.702521953185
0.701610280512
0.700989650009
0.699690596422
0.698192254386
0.696271130813
0.694683487507
0.69316845813
0.691068732016
0.69057461609
0.689045618395
0.686268908678
0.685332178335
0.684214339683
0.682607076755
0.682072975186
0.680371559395
0.67809323074
0.67604761853
0.673003804714
0.672303789381
0.67047479273
0.667906701445
0.667436523591
0.666618150752
0.664767188655
0.662824899348
0.662272670954
0.660509410701
0.658605081098
0.655848044318
0.654350875195
0.652752728994
0.649968395347
0.646841091508
0.644020770782
0.64242401075
0.640190252758
0.638346168192
0.636468015857
0.635224515657
0.633758535335
0.632930832514
0.631495507853
0.630360661975
0.629109697787
0.6285451005
0.627356620546
0.62618338845
0.625553747849
0.624364788066
0.622302328572
0.621412088204
0.61947187815
0.616233041022
0.615115468942
0.614045026607
0.613573942412
0.611184293725
0.608912416086
0.607254611304
0.605303205271
0.602263976475
0.599312609467
0.597366428224
0.596276579524
0.595248148771
0.592240908491
0.591225486401
0.589683213472
0.588074724318
0.585473951432
0.58175933846
0.580619907562
0.578271364116
0.575900322082
0.574480085337
0.571606503734
0.56598948047
0.56385291425
0.559858135202
0.55798371486
0.556906981451
0.548674257328
0.547308241116
0.545206062549
0.542711811418
0.54123212935
0.536731025426
0.533494267552
0.528795634549
0.525670196706
0.523552290452
0.521103569641
0.519316904459
0.516430794021
0.51470965198
0.509901618256
0.506311760492
0.504481111102
0.500926280761
0.49857117967
0.495652654204
0.493799879425
0.491039910364
0.487923642562
0.485865394889
0.484048607188
0.481721869247
0.480733424138
0.478853245864
0.478205105239
0.475630296365
0.473134552437
0.469642153015
0.467370382005
0.464293033563
0.461415826595
0.460321392874
0.457399508614
0.456042449186
0.453187634178
0.449965910906
0.446194305063
0.444947019555
0.441564020854
0.438320758648
0.435119241454
0.430718634781
0.427819675624
0.425720056138
0.422906772886
0.418637958894
0.415186558085
0.411496816183
0.407421985877
0.405239356195
0.402125540846
0.39798012255
0.39488403417
0.392784947826
0.39031708722
0.386441705303
0.384154926349
0.381137236487
0.378904438151
0.375080424458
0.368841704408
0.361957456128
0.359307714158
0.3558277636
0.352110618204
0.34847605649
0.343657333271
0.341902576632
0.338606213492
0.3339821937
0.331275965344
0.328091935205
0.321867609987
0.317656935121
0.314768798744
0.312309201838
0.308774017777
0.305522625157
0.302234312459
0.298154017448
0.294318701147
0.29081339969
0.287524074023
0.282303894943
0.276492194909
0.270135757124
0.265860705372
0.262719646471
0.257117871066
0.251306171032
0.247889664362
0.242920381866
0.236547390025
0.232249039971
0.225789492541
0.221666799419
0.215768903666
0.21073317836
0.20623488676
0.20048124588
0.196711079521
0.190478863802
0.182712172355
0.176188927794
0.169895400755
0.161296674709
0.154323031859
0.147375806191
0.140767965336
0.130965244905
0.124637943326
0.114889363456
0.109293479269
0.100561294473
0.0938083723753
0.0862070282286
0.0766656006494
0.0703686081882
0.0617706685258
0.0549773809212
0.0424202227765
0.0296200485511
0.0155370115914
0.00498636386259