1.0
0.781166594319
0.721080917071
0.689604632716
0.66808257475
0.651643954175
0.6387940675
0.628091284761
0.618406535824
0.609740741859
0.602643911801
0.595668888669
0.589598382937
0.583763554829
0.578302331735
0.573157990882
0.56844943397
0.563992816863
0.559371841895
0.555325853722
0.551277066611
0.547355507154
0.543716888392
0.539973823203
0.536592600403
0.533230155285
0.530149977701
0.527073024209
0.52416638075
0.521267248364
0.518347425098
0.515485387491
0.512751923862
0.510285705621
0.507628840762
0.505227600387
0.503092400793
0.500705792837
0.498369069742
0.496173816995
0.493845986728
0.491685738414
0.489389582199
0.487355782088
0.485339625912
0.483376153534
0.481226108943
0.479270572793
0.47716977533
0.475173566012
0.473379872224
0.471424229786
0.469618631655
0.467969136293
0.466227736578
0.464381358991
0.462762085068
0.461027027249
0.45935056997
0.457697354501
0.456032978711
0.454351915586
0.452852995976
0.451294306649
0.449681941496
0.448149682643
0.446557831222
0.445018203014
0.443656006187
0.442119212346
0.440732958828
0.439338733653
0.43794085923
0.436442967078
0.435126190983
0.433759813465
0.432280769854
0.430922682859
0.42977164638
0.428503054527
0.427202646902
0.425922469573
0.424776570385
0.423625569336
0.422381742764
0.42115538298
0.420035099385
0.418836658117
0.417620502054
0.416312087343
0.41510627672
0.414095718561
0.412847605009
0.411611006074
0.410511059063
0.409380465457
0.40817670975
0.407089304813
0.405882573021
0.404826771277
0.40372473392
0.402654618622
0.401617913427
0.400590455354
0.399465211616
0.398367992683
0.397441012923
0.396389427301
0.395316619354
0.394324874306
0.393228257676
0.39229238509
0.391351835798
0.390418655861
0.389407530828
0.388414652034
0.387520338355
0.38659474035
0.385620745526
0.384655466382
0.383769018072
0.382826201286
0.381856280865
0.380830310835
0.379760620692
0.378963419517
0.378104145701
0.377259362588
0.37641404803
0.375597821165
0.374704641234
0.373867404622
0.372986199892
0.372153462838
0.371234915321
0.370303436004
0.369330149772
0.36847321431
0.367571141551
0.36678644702
0.365958563821
0.365060282028
0.364118492701
0.363265915078
0.36235083966
0.36155661457
0.360711193723
0.359840299003
0.358965011014
0.358146729232
0.357333443023
0.356529829092
0.355886356902
0.355135533057
0.354324053757
0.353529864096
0.352751192595
0.351880014438
0.351014823882
0.350184425181
0.34937645341
0.348593601218
0.347834805716
0.347024389304
0.346267542429
0.345529827533
0.344782086063
0.343884867158
0.343162103548
0.342330925397
0.341630376139
0.341008905723
0.340286354691
0.339592714203
0.33892879914
0.338160295931
0.337542368474
0.33686991488
0.336182120274
0.335397425743
0.334716681625
0.333854715161
0.333119657484
0.332362279166
0.331664068261
0.331057938857
0.330418824506
0.329727841237
0.329042987287
0.328326069559
0.327608088944
0.326853119837
0.326108531601
0.32537985125
0.324770710331
0.324084616345
0.323255528539
0.322547291061
0.321926812673
0.321214359074
0.320609327987
0.319986404958
0.319263145334
0.318555651877
0.317983889174
0.317283552494
0.316633880125
0.315888654156
0.315150514105
0.314589840863
0.313926032089
0.313282524469
0.312720044318
0.311969433051
0.311279300093
0.31066445501
0.309967448711
0.309313276785
0.308747855978
0.308119016208
0.307507962091
0.306880397786
0.306157953043
0.30552068103
0.304959547204
0.304336340739
0.303717740119
0.303011628416
0.302439901143
0.301759298744
0.301175171114
0.300578253403
0.299877633286
0.299256481737
0.298570742047
0.298015312385
0.297377615217
0.296790635506
0.296174320096
0.295568970143
0.294912052423
0.294224293247
0.293656640376
0.293032371023
0.292475967047
0.291898659614
0.291324647132
0.290856037677
0.290311183746
0.289644328028
0.2889881189
0.288325922172
0.287735417217
0.287182290478
0.286666169944
0.286033131767
0.285442290231
0.284839508923
0.284254814421
0.283611395375
0.283054743391
0.28252462817
0.281909021351
0.281303299388
0.280770420658
0.280174211539
0.279686700398
0.279135221135
0.278519508028
0.277870685969
0.277313945412
0.276848577764
0.2763458319
0.275824822083
0.275282536798
0.274806699707
0.274330774042
0.273764130914
0.273219967861
0.272676424826
0.272188329097
0.271750720532
0.271188541532
0.270654546771
0.270024059525
0.269480250768
0.268798408333
0.268185582737
0.2676210831
0.267100994452
0.266502677272
0.266014227247
0.265592296275
0.265038319226
0.26454173811
0.263876547582
0.263289727304
0.262714563361
0.262117131921
0.261542003407
0.261006024589
0.260525032492
0.259913907517
0.259410771927
0.258911462733
0.258380390913
0.257947583057
0.257443597158
0.256959310109
0.256447069116
0.255875394987
0.255405580926
0.254930168989
0.254464854486
0.253887600197
0.25326922987
0.252822941056
0.252330877213
0.251805296979
0.251235500618
0.250734171938
0.250176403922
0.249672524311
0.249103719979
0.248508910329
0.247981470042
0.247432364561
0.246950663873
0.246389264324
0.245907723069
0.245501522835
0.244970291581
0.244493675039
0.243921221459
0.24350898048
0.243044073416
0.242534011342
0.24203544617
0.241524250349
0.241066340629
0.240544073062
0.240090450323
0.239462017993
0.239040813327
0.238543753912
0.238105773337
0.237544940662
0.237005348026
0.236509989231
0.235942796945
0.235419360201
0.234915976605
0.234516330844
0.233988660264
0.233473336896
0.233002459947
0.232489404073
0.231955320738
0.231381007104
0.230887898089
0.23041225586
0.229940351453
0.229542672034
0.22904251253
0.228667029749
0.228231245808
0.227802866651
0.227371121682
0.226899412138
0.226478225187
0.226045683053
0.225464797232
0.225001236493
0.224535868845
0.224128765156
0.223604690679
0.223200509931
0.222743964251
0.222259216618
0.22171891539
0.221266036672
0.220861572487
0.220392768169
0.219944831879
0.219409207356
0.218912236515
0.218405929978
0.217925469325
0.217480863416
0.217014238018
0.216581040437
0.216115318493
0.215739693993
0.215252111993
0.214743484818
0.214310836395
0.213844707011
0.213426283568
0.212989011584
0.212554184242
0.212152182413
0.211619870557
0.211139427619
0.210728019235
0.210242775588
0.209779232564
0.209237850733
0.20872601718
0.208337071155
0.207890304041
0.207437921338
0.20691650408
0.206497814916
0.205995813073
0.205509417964
0.20510277486
0.20457854095
0.204132659576
0.203664032406
0.203221428269
0.20272165849
0.202267486592
0.201737459945
0.201285679544
0.200715422599
0.200314802525
0.199899018586
0.19945760134
0.199033296586
0.198546529466
0.198052375278
0.197615085579
0.197180045659
0.196733331689
0.196308389202
0.195915864789
0.195485129564
0.195004544908
0.194607768944
0.194141072686
0.193637635945
0.19323320719
0.192803871434
0.192400877577
0.192026191961
0.191586103325
0.191122400868
0.190645872899
0.190221036701
0.189821621232
0.189402878923
0.189010832809
0.188511222464
0.188004650204
0.187586315336
0.187144774086
0.186668139829
0.186237528608
0.185764295591
0.18537410953
0.184991930557
0.18461775867
0.184234693957
0.183790672636
0.183368387368
0.182903586594
0.182409219828
0.181993152453
0.181545517314
0.181027997311
0.180665623478
0.180156269996
0.179697881977
0.179247501045
0.178684631169
0.17830372766
0.177855082778
0.17732216862
0.176858855888
0.17643184077
0.176009927512
0.175577757389
0.175115950415
0.174634887459
0.1742054277
0.173840538365
0.173430635739
0.172974054629
0.172507163509
0.172016180268
0.171582132377
0.171124258087
0.170661671662
0.170241051584
0.16975811086
0.169284452689
0.168874674065
0.168438695261
0.167937455155
0.167533256692
0.167094780102
0.166722379695
0.166301299033
0.165872884446
0.165407800235
0.164961245699
0.164601529084
0.164198942668
0.163755505935
0.163236125879
0.162801953984
0.162396905211
0.161988224905
0.161606099076
0.161148951093
0.160741563967
0.160304699423
0.159875682533
0.159399012847
0.158967923326
0.15854675409
0.158158888667
0.157808419176
0.157381280054
0.156934654659
0.156544628031
0.156158675806
0.15570092552
0.155285602166
0.154901545424
0.154465017462
0.154065743712
0.153687656856
0.153322891525
0.152920907411
0.152513077415
0.15201132358
0.151523493573
0.151166239315
0.150818834483
0.15036941015
0.149940446404
0.149526557949
0.149106805896
0.148764095485
0.148334476292
0.147893076761
0.147370561186
0.146922438891
0.146535149199
0.146169524701
0.145788585763
0.145358948855
0.145001048007
0.144663935471
0.144336849507
0.143839462369
0.143399223157
0.143084121252
0.142727575586
0.142326751791
0.141961720739
0.141537185692
0.141103828677
0.140711020827
0.140314430868
0.139887158886
0.13946442189
0.139023243794
0.138495661789
0.138082366779
0.137766919436
0.13730562619
0.136910019403
0.136509177893
0.136181587059
0.135790701264
0.135356024497
0.134905971289
0.134498814455
0.134142516796
0.133790382114
0.13338815885
0.132977202193
0.132622658299
0.132212923963
0.131819177229
0.131457556274
0.131079132837
0.130664562362
0.130282950262
0.12989065614
0.129436572817
0.129011426609
0.128605155515
0.12822675865
0.127879442392
0.12746050522
0.127057945376
0.126603064886
0.126256678655
0.12591530571
0.125484127615
0.125060823746
0.124602976029
0.123975305435
0.123545438235
0.123218166267
0.122832754343
0.122429477049
0.122062010213
0.121690389256
0.121257306821
0.120838821377
0.120458148161
0.120060300451
0.119579591792
0.119111372062
0.118752913198
0.118334330322
0.117944365696
0.117539538358
0.11715706709
0.116813665802
0.116428262736
0.116007961525
0.115567509735
0.115129706307
0.114768997664
0.114312850567
0.114043116251
0.113638483775
0.113168288846
0.112767686486
0.112347438419
0.111926481761
0.11148678285
0.111140210613
0.110772159188
0.110373080301
0.109985728607
0.109653257347
0.109301202381
0.108970998614
0.108569041073
0.108099944461
0.107720174699
0.107361981557
0.106981813213
0.106679545676
0.106315010638
0.105922406508
0.105484549936
0.105047959971
0.104691343446
0.10433180398
0.103819642703
0.10345477994
0.103054381301
0.102675010122
0.102236887828
0.101759686698
0.101384664501
0.100968030252
0.100525603263
0.100140908789
0.0997037342361
0.0993116792647
0.0989422992301
0.0984943452251
0.0981845223291
0.0978571263571
0.0974935922046
0.0971969314008
0.0968228303735
0.0964360898404
0.0959946283075
0.0955916787375
0.0951908638003
0.0948051595827
0.0944059389769
0.0940293224488
0.093644751978
0.0932542204789
0.0929542027216
0.0926723249137
0.0923480733177
0.0918627588114
0.0915118021629
0.0911390828895
0.0908052121602
0.0903946895156
0.090002652259
0.0896829799374
0.0893041313451
0.0890110577872
0.0886523420588
0.0882222091369
0.0878719610802
0.0874817307326
0.0871006677911
0.0866236703807
0.0862082495955
0.0857726516595
0.0853589226372
0.0849537941476
0.0845454858523
0.0841341483272
0.0836932625252
0.083359551229
0.0830240861682
0.0826873810717
0.082319001923
0.0819435014269
0.0815526333467
0.0811842541979
0.0808512869231
0.0804814020169
0.0801624560018
0.0797541654213
0.0793986649281
0.079044953629
0.0786790722663
0.0783255646874
0.0779770615379
0.0775922342026
0.0772188151949
0.076831835512
0.0764882305032
0.076102402282
0.0757464234893
0.0753017024343
0.0749898954813
0.074636511906
0.0741989742
0.0738795808864
0.0735174683461
0.0731227472982
0.0727836507045
0.0724602937056
0.0721192041976
0.0716942351382
0.0713065335775
0.0708587921501
0.0705134599488
0.0701079195901
0.0697725652468
0.0693902179827
0.0690402932209
0.068584345415
0.0682349742406
0.0678447970373
0.067550877598
0.067215576399
0.0668691015935
0.066630416883
0.0662453681127
0.0658198941817
0.0654314751719
0.0650434857458
0.0647416345072
0.0644189639566
0.0640003367937
0.0636428345287
0.0632396059507
0.0629047210494
0.0626024667993
0.0622029849003
0.0618596766143
0.0615131353783
0.0611283611874
0.0607504824801
0.0602855798456
0.0599876745775
0.0596330243944
0.0592646806752
0.0588976478509
0.0585522137895
0.0581644723705
0.0578178425605
0.0575464961979
0.0572053579742
0.0568154199207
0.0564918857739
0.0561194056502
0.0557843701732
0.0554232319466
0.0551407961227
0.0548016286698
0.0543915046082
0.0540528198835
0.0536407117648
0.0532537497968
0.0528684220186
0.0525258843261
0.0521679347625
0.0518129479983
0.0514208133103
0.0510919248669
0.050758621011
0.0503935190992
0.0500652196727
0.0496482709865
0.0493328413581
0.0490849316684
0.0487581512855
0.0484301175809
0.0480674027376
0.0477218446727
0.047395870313
0.047062876466
0.0467127656989
0.0463358878775
0.0460160118358
0.0457046698961
0.0453896875663
0.0450548380946
0.0447263792349
0.0443637263934
0.0440370168697
0.043672340113
0.0433019503351
0.0429003338034
0.0425864675056
0.0422516888931
0.0419468438543
0.0415900014654
0.0412897445583
0.0409400678037
0.0406153733379
0.040243969388
0.039884159771
0.0395367770823
0.0392120560442
0.0389020692864
0.0385415200767
0.038162826489
0.0377616572559
0.0374745801558
0.0370897395344
0.0367798657084
0.0363883399665
0.0360387495715
0.0357633000196
0.0354722370908
0.0351408287179
0.0348366656987
0.0344795553735
0.034185844083
0.0338556447448
0.0335598253938
0.0333006978106
0.0329504475395
0.0326544266826
0.0323250222958
0.0320323340347
0.0317019309764
0.0313661094053
0.0310820659638
0.0308026837276
0.0304864060034
0.030118866093
0.0298371610044
0.029586146797
0.0292993442763
0.0290248092506
0.0287170944152
0.0283975239536
0.0281113724516
0.0278584472607
0.0275944060364
0.0272840494822
0.0270111220742
0.0266275945619
0.0262956901748
0.0259933296359
0.0257464606904
0.0255271050348
0.0251561439548
0.0248461217674
0.0245842129614
0.0243264892757
0.0240754064234
0.023807744738
0.0234502557591
0.0231483580193
0.0228506896865
0.0226374013481
0.0223662210616
0.0220777843511
0.0217393609197
0.0215026890526
0.0211648568524
0.0208754546856
0.0206131583686
0.0203296751574
0.0200654457134
0.0197445200701
0.0194929079884
0.0191483751672
0.0188066944279
0.0185436064809
0.0182847169403
0.0179884170754
0.0176435742453
0.0173099803097
0.0170599902388
0.0168064151364
0.016561315456
0.0162709876912
0.015982039466
0.015704769719
0.0154342825239
0.0151673726101
0.0149248770044
0.0146889358727
0.0144569528903
0.0142130445297
0.0139710360809
0.0137297893683
0.0134985382283
0.0132450505927
0.0130216659287
0.0127627044216
0.0124708509702
0.0122242543896
0.0119913037366
0.011762692101
0.0115179467164
0.0112440250656
0.0110161098428
0.0108517265157
0.0106110643913
0.0103599162158
0.0100953878346
0.00991817678203
0.00970370819539
0.00950174846792
0.00927064070709
0.00908418142468
0.00890877672755
0.0086793557473
0.00846563561072
0.00825691215333
0.00803651077134
0.00785436116625
0.00760256806148
0.00739567863889
0.00718528224061
0.00694127423437
0.00674519471145
0.00657753248663
0.0064369644862
0.00626701040985
0.0060640497965
0.00588866835003
0.00570023940393
0.00551191010355
0.00533942391878
0.00517081561322
0.00504445432428
0.00488312070974
0.00470302823515
0.004531598295
0.00441139345068
0.00425149888639
0.00407371597812
0.00390304915809
0.00372553473967
0.0035677396553
0.00339863893382
0.00322828987292
0.00310321484412
0.00298479393496
0.00285554679529
0.00269357766251
0.00253761190746
0.00239423943364
0.00225431746961
0.00212232675117
0.00201360815184
0.00191689340164
0.00177949025994
0.00165797299847
0.00153990970672
0.00139179963258
0.00126453225959
0.00116943827468
0.00107192372919
0.0010062678574
0.000891353162747
0.000782240824432
0.000694266387695
0.000590238333758
0.000519351338548
0.000446085751604
0.000357802966728
0.000273222556574
0.000213730308744
5.22273051346e-05