1.0
0.999377076988
0.999377076988
0.999377076988
0.999377076988
0.999377076988
0.999377076988
0.999377076988
0.999377076988
0.999377076988
0.999377076988
0.999377076988
0.999350100007
0.999350100007
0.999350100007
0.999350100007
0.998997053431
0.998997053431
0.998997053431
0.998694442081
0.998694442081
0.998554758899
0.998554758899
0.998554758899
0.998554758899
0.998554758899
0.998554758899
0.998554758899
0.998554758899
0.998554758899
0.998554758899
0.998326360903
0.998326360903
0.998326360903
0.998326360903
0.998326360903
0.998326360903
0.998326360903
0.997758138251
0.997758138251
0.997758138251
0.997758138251
0.997758138251
0.997758138251
0.997758138251
0.997758138251
0.997462777631
0.997174667741
0.997174667741
0.99688858379
0.99688858379
0.996802428056
0.996802428056
0.996802428056
0.996802428056
0.996802428056
0.995949827507
0.995949827507
0.995949827507
0.995949827507
0.995726547674
0.995726547674
0.995726547674
0.995726547674
0.995726547674
0.995726547674
0.995726547674
0.99546040323
0.99546040323
0.99546040323
0.99546040323
0.99546040323
0.99546040323
0.99546040323
0.99546040323
0.99546040323
0.99546040323
0.99546040323
0.994978762825
0.994978762825
0.994978762825
0.994978762825
0.994978762825
0.994978762825
0.994768171769
0.994768171769
0.994687454083
0.994687454083
0.994687454083
0.994687454083
0.994444554627
0.994444554627
0.99418192892
0.99418192892
0.99418192892
0.99418192892
0.99418192892
0.99418192892
0.99418192892
0.99418192892
0.99418192892
0.99418192892
0.993937536667
0.993507504399
0.993507504399
0.993507504399
0.993507504399
0.993507504399
0.993507504399
0.993507504399
0.993507504399
0.993000806324
0.993000806324
0.993000806324
0.993000806324
0.992777206605
0.992777206605
0.992540491595
0.992540491595
0.992540491595
0.992540491595
0.992532494467
0.991776819118
0.991776819118
0.991776819118
0.991600242516
0.991080749035
0.991080749035
0.991080749035
0.990866639242
0.990846166592
0.990846166592
0.990846166592
0.990333817213
0.990333817213
0.990333817213
0.990333817213
0.990333817213
0.990333817213
0.990333817213
0.990333817213
0.990333817213
0.990333817213
0.990333817213
0.990333817213
0.990333817213
0.990333817213
0.990042401843
0.990042401843
0.990042401843
0.989320207806
0.989062273748
0.989062273748
0.989062273748
0.989062273748
0.989062273748
0.988794636507
0.988794636507
0.988794636507
0.988520494935
0.988520494935
0.988346157529
0.988346157529
0.988346157529
0.988346157529
0.988346157529
0.988346157529
0.988346157529
0.988346157529
0.987757142342
0.987566704051
0.987074507436
0.987074507436
0.986626561599
0.986626561599
0.986626561599
0.986024217865
0.986024217865
0.985707318311
0.985707318311
0.985707318311
0.985707318311
0.985707318311
0.985707318311
0.985283363861
0.984702345803
0.984325094585
0.984325094585
0.984308567185
0.984308567185
0.983973647435
0.983973647435
0.983973647435
0.983865632883
0.98367135597
0.98367135597
0.98367135597
0.983344220091
0.983344220091
0.983048006444
0.982850957192
0.982850957192
0.982562634045
0.982562634045
0.982562634045
0.982562634045
0.982296276345
0.982296276345
0.982296276345
0.982296276345
0.982001555495
0.982001555495
0.982001555495
0.982001555495
0.981571629855
0.981571629855
0.980701328995
0.980701328995
0.980365023075
0.9796644746
0.9796644746
0.9796644746
0.9796644746
0.979625235355
0.979625235355
0.979625235355
0.979625235355
0.979254061955
0.979254061955
0.978955289226
0.978758879745
0.978758879745
0.978497960092
0.978030074749
0.977461852097
0.977461852097
0.977461852097
0.977461852097
0.977461852097
0.977141647063
0.976951102143
0.976951102143
0.976951102143
0.976951102143
0.976951102143
0.976681012449
0.976681012449
0.976379040869
0.975121785607
0.97375214403
0.973523852663
0.973523852663
0.973283512288
0.973283512288
0.97290690084
0.971999386674
0.97179327401
0.971526489796
0.970457753515
0.970457753515
0.970126139244
0.969794844859
0.969619227912
0.969214253314
0.969214253314
0.969214253314
0.969214253314
0.969182691313
0.968919745721
0.968919745721
0.968919745721
0.968741569693
0.968741569693
0.968492912305
0.968492912305
0.967794389769
0.967567911084
0.967567911084
0.967567911084
0.967567911084
0.967268605213
0.967055988218
0.967055988218
0.966756895604
0.966756895604
0.96656922965
0.965797986558
0.965797986558
0.965797986558
0.965423720934
0.964301243948
0.963941373156
0.963941373156
0.963941373156
0.963670537064
0.9633998076
0.963172689144
0.96267580088
0.96267580088
0.96267580088
0.962417546937
0.962079961477
0.961342093068
0.961138539485
0.960396299313
0.95987424675
0.959601597976
0.959601597976
0.959385782129
0.958690458444
0.958431031589
0.958181201288
0.958181201288
0.958181201288
0.958181201288
0.958181201288
0.958181201288
0.958181201288
0.958181201288
0.957172070273
0.956856663517
0.956610138696
0.956610138696
0.956610138696
0.956610138696
0.956610138696
0.956006835306
0.955307673
0.954431294321
0.954185835784
0.953930567436
0.953646189539
0.953646189539
0.953331742438
0.953131067821
0.953131067821
0.952857032878
0.952643029713
0.952643029713
0.952643029713
0.952643029713
0.952274628651
0.951715789296
0.950737580512
0.950737580512
0.950737580512
0.950737580512
0.949868239307
0.949868239307
0.949868239307
0.949293405696
0.949293405696
0.949020330407
0.949020330407
0.948820615446
0.948162185182
0.948148963263
0.947956179147
0.947851683332
0.947851683332
0.94729135118
0.94729135118
0.94667685181
0.946457730483
0.946114706976
0.945442201765
0.944757540919
0.944757540919
0.944467298461
0.944196888882
0.943725271545
0.943725271545
0.943224438031
0.942732881186
0.942200485671
0.941864073123
0.941864073123
0.941258637166
0.941009340007
0.941009340007
0.940714939042
0.940206748169
0.939920237705
0.939517715559
0.939517715559
0.939220009115
0.938944801259
0.938944801259
0.93860710917
0.938373486383
0.938373486383
0.937901549161
0.937468744555
0.937468744555
0.93679325375
0.936366740219
0.936133970459
0.935739125558
0.935221977901
0.934690435413
0.933632042085
0.93307128342
0.93307128342
0.932630375057
0.932630375057
0.932630375057
0.932630375057
0.931821598773
0.931108468149
0.931108468149
0.930719914322
0.93044310704
0.93044310704
0.930253308519
0.929913590491
0.929577497829
0.9292866156
0.928845387352
0.928478372458
0.927668423263
0.927624172484
0.927390869582
0.927390869582
0.927117581037
0.927117581037
0.927117581037
0.926248026575
0.92558373175
0.92558373175
0.92558373175
0.925223434445
0.924994609935
0.924598485493
0.924026957361
0.923716988652
0.923155910102
0.923155910102
0.92259227247
0.922315678445
0.922004323568
0.922004323568
0.921422772368
0.921190429122
0.921190429122
0.92114831091
0.92058392688
0.920358194594
0.919661271484
0.918655765834
0.918212191761
0.91771647641
0.917200075152
0.916899809626
0.916899809626
0.916340650386
0.915830540203
0.915233847773
0.914951069301
0.914951069301
0.914951069301
0.914221731163
0.913861433857
0.912546066127
0.911979442901
0.911190712753
0.91077422229
0.910368607922
0.910158976521
0.909156989608
0.907278943901
0.906667750011
0.905863132234
0.905863132234
0.905543566971
0.904998589306
0.904013876191
0.90288254905
0.902659269216
0.901980792816
0.901110385327
0.901110385327
0.900628744922
0.900628744922
0.899769533413
0.899453486887
0.899453486887
0.898910748418
0.898679578084
0.898419618087
0.897771210891
0.897771210891
0.897771210891
0.897529377719
0.896954863992
0.896951238627
0.896671978893
0.896671978893
0.89584731498
0.895554086927
0.895391372015
0.894858549986
0.894379362034
0.894379362034
0.894072592177
0.893792319472
0.893374602783
0.892151895117
0.891546885673
0.891546885673
0.891546885673
0.890598799407
0.8892057529
0.888320417437
0.887897209386
0.887741425319
0.887741425319
0.887741425319
0.887314218703
0.88679355231
0.885493059239
0.885115434821
0.884943229983
0.883825657902
0.883591022146
0.883591022146
0.883064171307
0.882811621982
0.882367088254
0.881453123071
0.880973615233
0.880131251009
0.878513271928
0.878195839233
0.877352621981
0.876663696
0.876438710112
0.875002265853
0.874723752517
0.874522704701
0.874268769208
0.873583255335
0.873269714575
0.873029694085
0.872461844633
0.871506507637
0.871215038952
0.871215038952
0.871078981136
0.870175572163
0.869402409759
0.869048083643
0.868504865346
0.868118070888
0.867918409241
0.867024170309
0.866769221845
0.866715321198
0.864860200594
0.864585899079
0.863734524756
0.863734524756
0.863734524756
0.863480056121
0.863480056121
0.863139804951
0.862926494871
0.861344289613
0.860854812022
0.860483265422
0.859204684483
0.858980604937
0.858980604937
0.85866557138
0.857869537188
0.857869537188
0.85706401307
0.856558967735
0.856347363709
0.856072955566
0.854963593871
0.853963899468
0.853834079412
0.853129745629
0.853129745629
0.852387878656
0.851855749712
0.851198865559
0.849597147307
0.849597147307
0.848821852335
0.848308863186
0.848026564542
0.847513575393
0.846624614565
0.845920653982
0.844996772359
0.84472407027
0.843882505758
0.843406090144
0.843406090144
0.842769358756
0.842340339458
0.841376365563
0.841376365563
0.841024545214
0.839766223668
0.839285542919
0.838841009191
0.838486896331
0.837176540135
0.836382211997
0.836382211997
0.836382211997
0.836382211997
0.836373521784
0.836373521784
0.836373521784
0.83561027582
0.835357833124
0.834562172131
0.833648100319
0.831756299552
0.830852250808
0.830399026867
0.829765654273
0.827565057708
0.827233550066
0.82641736311
0.8253410029
0.824916621936
0.823348598253
0.822550751378
0.821831436308
0.821164155888
0.820664761857
0.820275408317
0.820034321544
0.818922987224
0.817937847595
0.81684629284
0.816538403385
0.816288892969
0.815890316074
0.815707501712
0.814921224017
0.813189685709
0.812730703835
0.812406020409
0.812406020409
0.812103835572
0.811238013104
0.810719959106
0.809157000271
0.807682489679
0.807122264156
0.806685994127
0.805433963656
0.80450240479
0.803771573854
0.803139480801
0.801865271626
0.801215531576
0.800796961859
0.799545038016
0.798153377678
0.797210782774
0.796195413999
0.794251898465
0.794245394134
0.793496809572
0.792600598015
0.791889066816
0.791364935
0.791061044109
0.789795471834
0.789118061718
0.788720124593
0.787414353417
0.785915158355
0.785192004663
0.784574999526
0.783183765701
0.781750680236
0.781313183981
0.780095221278
0.779011557024
0.778154744654
0.776643500584
0.775325787029
0.77418571636
0.773499456089
0.772684975187
0.771928606753
0.771302698146
0.770112618765
0.770112618765
0.770112618765
0.769038551065
0.768323394502
0.766257362956
0.76539703185
0.765073787907
0.764189625357
0.7629699566
0.761794165423
0.760395094412
0.759378126211
0.758095546708
0.758095546708
0.757576106541
0.757286237283
0.756035646295
0.755847180628
0.755646559326
0.754589498853
0.7530610343
0.751610728351
0.746505787895
0.745886970076
0.745407782123
0.744908974548
0.743198761917
0.741885846639
0.740006148193
0.739143897775
0.738135566473
0.736580871337
0.735860916497
0.735244391187
0.734379421746
0.733221437508
0.732426789486
0.731585971373
0.730865270133
0.730603284197
0.730126442069
0.729579438465
0.727513566862
0.727070685874
0.726835783547
0.726138167352
0.724953312763
0.724482068625
0.723739508567
0.722638677143
0.72131195349
0.720947817562
0.718422910771
0.71754178713
0.716779554136
0.716108435094
0.715196442536
0.713922020105
0.71232867218
0.711629509874
0.710138365255
0.708901582642
0.708400215986
0.706354177263
0.704545973147
0.704037782275
0.7030299308
0.702739688342
0.702070861811
0.701036886383
0.699879062088
0.697321047185
0.696647155805
0.695288710208
0.69521737582
0.693316724896
0.692350245235
0.691834377119
0.690392814697
0.688575973682
0.685143552725
0.683494011643
0.68258436491
0.680748703985
0.678598862531
0.678206736653
0.677752393114
0.676738357194
0.675801413594
0.673981586984
0.672819977382
0.666334625883
0.665122740998
0.664365999365
0.66274071624
0.661123696815
0.659822830544
0.657725130369
0.657168743468
0.656319235142
0.654724287792
0.653061204905
0.651685058996
0.650736812788
0.6489208248
0.647228632365
0.645207331426
0.643292072414
0.641914060509
0.641866184365
0.639474669681
0.639068308914
0.636370664143
0.635316109437
0.63387790581
0.627477750389
0.625860411078
0.624416662775
0.622626052342
0.622090511289
0.621047845648
0.618250290083
0.616776525889
0.614839941201
0.61394724838
0.612223920457
0.610809921472
0.608705077196
0.607859194235
0.605105302992
0.601812245331
0.599452079392
0.598746519383
0.595395615825
0.592805185893
0.590335032776
0.58822752279
0.587661326077
0.585636186517
0.582430990644
0.581186264217
0.579286093121
0.576358610871
0.574341201868
0.572236624162
0.570810629485
0.570307929974
0.56867731543
0.567797471329
0.566399359974
0.563854247104
0.56113570317
0.55907660247
0.554786836001
0.552004528294
0.551605258315
0.550592715192
0.548431091301
0.546883646895
0.545303414262
0.544223428687
0.543209872594
0.542478455202
0.540071479403
0.536886969436
0.53500396551
0.532684798183
0.531759317135
0.529276421927
0.527900062761
0.525088112364
0.523647616227
0.521263352273
0.520033340563
0.518864586859
0.516450253701
0.514118824111
0.512597930172
0.510903711798
0.509034729504
0.507089614545
0.505504423692
0.503332830047
0.500152905101
0.497223290283
0.494463054652
0.491821176525
0.487947793891
0.486132872187
0.483365332511
0.480140890215
0.47800160497
0.475867171317
0.474038014725
0.472510349884
0.470597543325
0.469370197324
0.467575908213
0.46507451298
0.463516725621
0.461820427994
0.458744305778
0.457114864146
0.453947468034
0.452343830471
0.450812433637
0.447654900651
0.445641383584
0.443991069446
0.440577121857
0.43730027171
0.435706497273
0.431246631876
0.426941857462
0.42309139993
0.42106194192
0.417616192416
0.414917508018
0.412883704901
0.409355718256
0.40621617881
0.404199222978
0.402366094477
0.400562235468
0.39821913007
0.395744072048
0.391600039922
0.386281042988
0.38411315468
0.382032168504
0.37990269307
0.376043385383
0.372608618602
0.369961355742
0.36644811047
0.363594628318
0.360970956988
0.359179466871
0.35546080202
0.35325447418
0.350031071511
0.346612992071
0.34254527921
0.339834759061
0.337132422642
0.333793488119
0.329656786694
0.326527456915
0.322929841936
0.318324135569
0.315217331036
0.311593058961
0.309300815302
0.306108228235
0.30369240228
0.298839691264
0.294977984438
0.291804857051
0.289370344472
0.284420521656
0.280522214637
0.278559665938
0.27566070678
0.27171487016
0.259958531156
0.257663008673
0.25270710804
0.248208243312
0.243672138622
0.240395075219
0.237003892789
0.234239258737
0.230107408903
0.226425370901
0.223928987203
0.216834467753
0.211297215848
0.207024216692
0.201924274442
0.198351277291
0.192424005418
0.186927485556
0.181553654976
0.177627651235
0.173166333026
0.169808645237
0.159087574531
0.153771096692
0.148189780608
0.141635973687
0.133106716031
0.126384223009
0.119710472485
0.111939249332
0.106944935824
0.100068964572
0.0914137787969
0.081661013763
0.075097650273
0.0684135501323
0.0600602892871
0.0473042991977
0.0354115058529
0.0230009634008
0.0107643176794