0.254887117051
0.296881398499
0.307801806965
0.315161929833
0.32066512143
0.325118638151
0.329061599864
0.332420385901
0.335378477851
0.3380759524
0.340426993511
0.342802285151
0.344915059173
0.34697704349
0.348858038498
0.350633721318
0.352379679255
0.353876382224
0.355443564593
0.357017552966
0.358415471308
0.359845192742
0.361212337357
0.362557510008
0.363791694133
0.365031411494
0.366288607018
0.36744637758
0.368534774051
0.369527675517
0.370643130365
0.371605330871
0.37262483353
0.373675725941
0.374604360102
0.375582204345
0.376578095731
0.377510443786
0.37831433155
0.379110276685
0.379873594272
0.380728563969
0.381540300973
0.382464029013
0.383260885662
0.384062671144
0.384925498164
0.38555630234
0.386284690145
0.387003975892
0.38779141384
0.388659834546
0.389385077054
0.39019169941
0.390922240333
0.391733971042
0.392448533516
0.393201236576
0.393888763973
0.3945934944
0.395231360652
0.395946365988
0.396554981955
0.397295579541
0.398001249715
0.398656750807
0.399342263105
0.399966118666
0.40063174493
0.401261938566
0.401957865865
0.402618641284
0.403173784731
0.403769629011
0.404497839837
0.404944442521
0.405522428803
0.406096441638
0.406632582361
0.407289727119
0.407937835213
0.408563568087
0.40910322136
0.409750250397
0.410368691623
0.410993671355
0.411540601325
0.412070275859
0.412553466068
0.413127621167
0.413716037693
0.414240259184
0.414753074806
0.415374531969
0.415814924879
0.416456825971
0.417091699756
0.417634730436
0.418107378836
0.418594221824
0.41913791826
0.419550820854
0.420010321052
0.420576466633
0.421054522526
0.42153000609
0.421943653953
0.422473063165
0.422941348235
0.423482933551
0.424023343059
0.424468280867
0.424966206564
0.425480195921
0.426004428018
0.426511894849
0.427011772281
0.427477894274
0.427998297583
0.428450297229
0.42893976606
0.429371099341
0.429955776495
0.430437653988
0.430931971577
0.431466817337
0.431965822675
0.432485618862
0.432986458167
0.433454775618
0.433921349515
0.434496767711
0.435009653067
0.435496981829
0.435920751411
0.436470959485
0.437028383643
0.437618395392
0.438198881652
0.438656883907
0.439074930446
0.439602928551
0.440062168379
0.440551855233
0.44102974437
0.44148002993
0.441912160014
0.442378191619
0.442780441303
0.44322274091
0.443711835066
0.444152664516
0.444608851089
0.445045039927
0.44555246721
0.445985104779
0.446329020189
0.446737201438
0.447155005203
0.447566985024
0.447963160024
0.448444247638
0.448878476619
0.449316609086
0.449882554518
0.450298896078
0.450484385933
0.450954495911
0.451331216754
0.451664691883
0.452112459029
0.452568889531
0.452969682864
0.453441561881
0.453918013001
0.454353793954
0.454835219679
0.455287486962
0.455652851646
0.456081928169
0.456550226536
0.456948726139
0.457333575199
0.457759496265
0.458301427237
0.458719386487
0.459106635067
0.459550003314
0.459799586097
0.460046815986
0.46039410933
0.460812986797
0.461174110518
0.461518917811
0.46193592364
0.462443015701
0.462874467154
0.463196666955
0.463660644844
0.464152935178
0.464698576731
0.465097059645
0.465503996196
0.465968509596
0.466325014352
0.466796548802
0.467336818471
0.467708099193
0.468085528602
0.468441690287
0.468755849753
0.469211260223
0.469597827125
0.469967301165
0.470416562317
0.470882585166
0.471336555342
0.47174169131
0.472014908258
0.472455721176
0.472781367193
0.473216334653
0.473630287471
0.474056367168
0.474468069979
0.474940883407
0.475190726953
0.475592450427
0.476050762216
0.476420052549
0.476888323243
0.477300623205
0.477668179718
0.477929878597
0.478358482078
0.478785762814
0.479199608135
0.479612718376
0.480021206597
0.48036517743
0.480649067348
0.48104375333
0.48150596354
0.481854593362
0.482246168106
0.482729609414
0.483164286721
0.483623577032
0.484103879952
0.484541172584
0.484983678374
0.485290050352
0.485387543651
0.485713733584
0.486032452283
0.486461063036
0.486644255408
0.487125838316
0.487615431688
0.488166997186
0.488659904248
0.489046754885
0.489517099051
0.489906125292
0.490301632564
0.490652704581
0.491068996779
0.491500481827
0.491861838227
0.492121441902
0.492514037795
0.492910935469
0.493149444233
0.493422544956
0.493850304829
0.494312580972
0.494711672551
0.495080688232
0.495481725692
0.495913475567
0.496347240659
0.496756064023
0.497276660489
0.497685337683
0.498219427651
0.498687758197
0.499117127984
0.499625988018
0.499978844012
0.500420126383
0.500817020584
0.501135225078
0.501509276664
0.501977356615
0.502354025829
0.502885488064
0.50336969536
0.503780483889
0.504208341558
0.504610218645
0.504979791382
0.505410347582
0.505955288524
0.506206285122
0.506629346127
0.506978786753
0.507298027323
0.507800696404
0.508040252385
0.508361086933
0.508725639847
0.509102625027
0.509545188162
0.509982126487
0.510425351937
0.510693044561
0.51103883911
0.511353129594
0.511738823486
0.511972249156
0.512344778041
0.512750453101
0.512999898442
0.513448475462
0.513868588152
0.514398090511
0.51476318923
0.514961431561
0.515296190331
0.515678909331
0.516054223476
0.516546368444
0.516785203977
0.517161712347
0.517468532382
0.517853368791
0.518192188731
0.51863295424
0.519101686163
0.519620343602
0.51987596415
0.520374038158
0.520657854474
0.520992372903
0.521383346135
0.521759196407
0.522315612181
0.522784426414
0.523123201881
0.523515757903
0.523961265094
0.524239183277
0.524751260142
0.525198014537
0.525641434743
0.525975426983
0.526473626765
0.526890520949
0.527371254964
0.527801049457
0.528159905957
0.528611889893
0.529093884196
0.529507289807
0.529980019396
0.530329800925
0.530792759062
0.531249702064
0.531683435254
0.532072692464
0.532597121029
0.533037596677
0.533428491334
0.533735356218
0.534158503248
0.534707351889
0.535005164134
0.535469076855
0.535785103116
0.536273793392
0.536683075533
0.537269366602
0.537781155119
0.538284460078
0.538825945914
0.539245356771
0.53975833481
0.540067567995
0.54065708275
0.541204517677
0.541790794771
0.542226046972
0.54266779609
0.543061132723
0.543489239409
0.544087682839
0.544359936177
0.544824130645
0.545356874772
0.545886890018
0.546430713475
0.546811676322
0.547293558045
0.547663483297
0.547917523894
0.548440240386
0.548972084316
0.549483328566
0.549893315007
0.550362068183
0.550692019614
0.551098729252
0.551512371569
0.551977873404
0.552546838837
0.553193869657
0.553651534677
0.554155459257
0.554629822365
0.555207423135
0.555687667809
0.555694023647
0.556132321356
0.556689050484
0.557262373724
0.557858199133
0.558444495447
0.558727776441
0.559191192234
0.559902735122
0.560384997981
0.560814374856
0.561325450435
0.561846345672
0.562573925701
0.56306726265
0.563440547407
0.563936403042
0.564314974452
0.564651444407
0.565105487076
0.565586645229
0.566171872341
0.566767958507
0.567328915347
0.567874623414
0.568256437342
0.568577236329
0.56879779889
0.569313431136
0.569975141137
0.570397996132
0.571076296321
0.571592950145
0.572262877684
0.572683029073
0.573264138287
0.573744630209
0.574424333368
0.574790289955
0.575220001293
0.575619870994
0.57609080683
0.576492811751
0.577165563913
0.577832881027
0.578491261963
0.579134900588
0.579834006487
0.579980924673
0.580565962923
0.581110528441
0.58158528241
0.582111115154
0.582747540317
0.583465176555
0.583892211873
0.584531524597
0.585007465924
0.585636625602
0.586357329303
0.586917059515
0.587429593435
0.588123051952
0.588696580538
0.589329169613
0.589849912262
0.590297002696
0.59077916923
0.591328599369
0.591970180596
0.59269799719
0.59333356307
0.594021007047
0.594303149476
0.594861274173
0.595407550634
0.596201694598
0.596686794621
0.597017971974
0.597656897214
0.59848831434
0.599176157651
0.599798360501
0.600339437823
0.60111605121
0.601568009785
0.602018757825
0.602736622536
0.603363969913
0.604057792819
0.604758193887
0.605578770071
0.606154886785
0.606616715199
0.60744476227
0.607963409332
0.608592701507
0.609494809314
0.609958053777
0.610517487498
0.611301731529
0.61185738891
0.612428694192
0.613053496215
0.613870282672
0.614379467814
0.614750818062
0.615230302528
0.616191182606
0.616784251936
0.617273104504
0.617947550396
0.618089824518
0.618563892875
0.619149746971
0.619845994731
0.620473885352
0.621194465705
0.621962351959
0.622685116151
0.62281396031
0.623660120708
0.624500840689
0.625083244757
0.625852632682
0.626462791768
0.627169394114
0.627686804089
0.628184880177
0.628825979202
0.629715925715
0.630382666042
0.631214408495
0.631699287201
0.632422464964
0.633096346012
0.63362368719
0.634011471178
0.634907859079
0.635539946153
0.63603723759
0.636844028517
0.637542924952
0.638514419079
0.639343481769
0.640144522843
0.641186100169
0.64170520038
0.642672833996
0.643425166144
0.6443930691
0.645278056133
0.646202749126
0.6466396705
0.647799422687
0.648486501165
0.649021692119
0.650009231726
0.650949117827
0.651813608144
0.652455973185
0.653304463676
0.654252305765
0.654993930432
0.655718835157
0.656184770744
0.657031360574
0.657888265979
0.658841421499
0.659957580826
0.660765704474
0.661476571576
0.661722257855
0.662582605734
0.663436853442
0.663506904263
0.664408956018
0.664885615609
0.665646891997
0.666518241218
0.667235562829
0.668273735697
0.669074129565
0.669740792012
0.671042546218
0.671831362099
0.672566441821
0.673384982673
0.67446338414
0.675369216303
0.675825373413
0.676797770684
0.67778853784
0.678713088147
0.679123974976
0.68000335658
0.680718059963
0.681783816991
0.682183215946
0.68322778489
0.684310558443
0.684727479367
0.685345670621
0.685694789235
0.686319131877
0.687252840438
0.68842520873
0.689126467969
0.68965885585
0.690519564163
0.691136974778
0.692366648133
0.693260779935
0.694312817489
0.695538441457
0.696287231424
0.697002067828
0.697687797757
0.697626619697
0.698945284546
0.700129815839
0.701153594844
0.702572942383
0.703755742903
0.705054335043
0.705818498335
0.706716228858
0.707445186576
0.708414749276
0.70926712576
0.70950952514
0.710448928041
0.711571526369
0.71276946708
0.713476025371
0.714060651569
0.714892423705
0.715916959889
0.716695373808
0.717346189911
0.718412008686
0.719429951371
0.720133505678
0.721146512494
0.722138307098
0.72267064271
0.723677360972
0.724606692906
0.72597151092
0.726542070235
0.727216532048
0.728271522791
0.729273914126
0.730421302774
0.731585865842
0.732788548597
0.734325773359
0.735375129042
0.735947108126
0.736165572547
0.737397266514
0.737882256729
0.738860440658
0.739950065483
0.741072606003
0.742311558552
0.743814898936
0.745272473549
0.746575181866
0.747752121117
0.748688241386
0.749590657702
0.751285218032
0.752466086386
0.753744303933
0.755002019783
0.756240911959
0.757300444448
0.75839960333
0.759853550591
0.760920964864
0.761906560986
0.763240615156
0.764511627069
0.76602518044
0.767500181381
0.768940494706
0.769725194602
0.77094681077
0.771985401753
0.773843127733
0.775584009925
0.777470671612
0.778725481699
0.778938574771
0.780326658974
0.782024775435
0.783153767566
0.785083069009
0.785718151011
0.787148534505
0.78880454042
0.790526036746
0.792009321644
0.793409561341
0.795593496116
0.79721799666
0.797896586504
0.799599748135
0.800627636463
0.802123045854
0.803108637797
0.804462114557
0.806011411456
0.807783801814
0.809345621456
0.810552920806
0.81218809975
0.814126566335
0.815588957868
0.81694623063
0.818506116451
0.819806114038
0.820666389197
0.822597921138
0.824559712517
0.826431508856
0.827797999914
0.829808189311
0.831811029001
0.833581935524
0.836286565095
0.838249613721
0.840737164416
0.843193293135
0.844476182422
0.846864523695
0.847900258101
0.849527061063
0.851707503486
0.854005033791
0.856131380312
0.85871184849
0.859937995254
0.861726829613
0.864320862383
0.866195982589
0.868531159755
0.870597585204
0.87221157231
0.874680777107
0.876363276422
0.876999196359
0.879379198167
0.88099373645
0.88361467715
0.885900727103
0.888009731153
0.891112018488
0.894041121239
0.896798853192
0.898674500295
0.900250008885
0.901831766948
0.903701713958
0.906015065534
0.907839227575
0.909797603192
0.912968067117
0.916428230108
0.918117471112
0.92054376143
0.92204767378
0.923057723595
0.925126252975
0.927529559246
0.928688237089
0.931218469458
0.932347450666
0.93623096073
0.93878525928
0.940474912753
0.943408260029
0.942052011623
0.944613737019
0.946140769694
0.950161867331
0.953247264292
0.955394982913
0.956301741445
0.959676466103
0.961578094585
0.964499242245
0.96637249276
0.968317709247
0.970911987022
0.973617617565
0.975981179962
0.97764145348
0.979980959011
0.981907410686
0.98489671175
0.989245313618
0.991385938768
0.994345641619
0.996816342699
0.999517308405
1.00357631124
1.00359892179
1.00726412569
1.01005805939
1.01379997722
1.01525682656
1.01800949086
1.02077235457
1.02369755406
1.0266264789
1.03064267743
1.03421168841
1.03902748859
1.04271472771
1.04450792766
1.04825699175
1.05078420242
1.05342217524
1.05731096741
1.06117257493
1.06427474956
1.06793625976
1.07145440692
1.07682358773
1.07937085858
1.0851595203
1.08788212994
1.09141568512
1.09226747586
1.0961112146
1.10140513642
1.10450005189
1.10702698357
1.11016025043
1.11069346365
1.11441938554
1.12104181091
1.12472594964
1.12953276271
1.13360100054
1.13760868998
1.1422836036
1.14486196049
1.14909025729
1.15265103061
1.15722513201
1.16425780896
1.16630152442
1.16932174352
1.17367748637
1.17746337708
1.18336083861
1.18582989187
1.19071263406
1.1940060976
1.19893489441
1.20590798683
1.20979254425
1.21468290888
1.22320192945
1.22925715091
1.23565798648
1.24127026025
1.24662623252
1.2529698318
1.25957532747
1.26628223146
1.26922024212
1.27432157423
1.27957256948
1.28476130443
1.29194395635
1.29799757058
1.30005200583
1.31099895443
1.31677442917
1.32422144812
1.33379622627
1.34206025625
1.33988407146
1.34789883901
1.35383459388
1.36219798527
1.36888854271
1.37564456263
1.3839046518
1.39269199306
1.39687562063
1.40476194199
1.41069329507
1.42153540082
1.42969259425
1.43938712658
1.44499839221
1.4507601088
1.46076080713
1.46960058251
1.48482104758
1.49919490762
1.50800701354
1.52078918502
1.52799184923
1.53342397012
1.53882216741
1.55732888128
1.57348136185
1.58500341051
1.59956054028
1.60881439672
1.62444864999
1.63826377036
1.64891388736
1.65840269952
1.67554008596
1.67717620115
1.68985933905
1.70372724471
1.72355714028
1.73679346569
1.74913237686
1.76560743878
1.78113047737
1.79562455131
1.80265724255
1.81029677038
1.82427471384
1.84022097174
1.86152945612
1.88909921231
1.90271395043
1.91506574121
1.93161225601
1.93521595301
1.94757293295
1.94875695132
1.95962826319
1.98855409894
2.01711949639
2.02338168167
2.04388541957
2.06305593047
2.08182494017
2.10829801063
2.14129354751
2.16431331857
2.17208077938
2.21638943385
2.25257614266
2.28113800215
2.30775147219
2.34472224445
2.36983855146
2.4250249783
2.46081696596
2.47843909675
2.48452778427
2.48805431919
2.5197202422
2.58317904368
2.65434139449
2.67792682025
2.70511303975
2.70959951273
2.64090144364
2.63825686448
2.63702883448
2.64170876895
2.60417417714
2.46586798365
2.37121693323
1.75198994282
1.475017432