0.254887135176
0.286686069315
0.299978063402
0.307976583589
0.313615808449
0.318020254761
0.321731184178
0.324890035844
0.327648126122
0.330079562154
0.332398345018
0.33446140481
0.336369511805
0.338166485964
0.339896809651
0.341491787357
0.342961387257
0.344418913669
0.345861768098
0.3471398617
0.348376035087
0.349618586116
0.350775974944
0.351845346318
0.353003793802
0.354001736185
0.355048618427
0.356102794627
0.357047589947
0.35799741201
0.358967965149
0.359781279195
0.360696964713
0.361570943094
0.362423682357
0.363191138193
0.363919555368
0.364653800666
0.365279166533
0.366066517565
0.366861104871
0.367657649501
0.368404536291
0.369112436319
0.369829655353
0.370595404668
0.371274637328
0.371904562506
0.372584842768
0.373330451707
0.373995410238
0.374589680208
0.375312185538
0.375939254142
0.376604782472
0.377243878745
0.377851059661
0.378497780301
0.37913142372
0.379712106686
0.380410744446
0.380986380357
0.381602767846
0.382147674925
0.382708056236
0.383259893934
0.383815429205
0.384493698606
0.384999642543
0.385604113675
0.386145676174
0.386728000258
0.38738702957
0.387914889632
0.388538751234
0.389111190874
0.389672391307
0.390276367487
0.390855894415
0.391346410872
0.391957935665
0.392489093514
0.393033075867
0.393602325854
0.394143095094
0.394711435846
0.395170534341
0.395753975726
0.396278333087
0.396714451059
0.397305164379
0.397876658788
0.398406801836
0.398890205018
0.399334960754
0.399767827587
0.40031974531
0.400838608137
0.4013425096
0.401805758421
0.402323359477
0.402797487368
0.403286272046
0.403719510837
0.404298019815
0.404812786923
0.405286749846
0.405804146387
0.406317645358
0.406770345495
0.407305788692
0.407758484972
0.408241894867
0.408723836344
0.40924762711
0.409672063935
0.410154768295
0.410615949591
0.41110223141
0.411538405861
0.412035343842
0.412567549542
0.413049042464
0.413548622085
0.413986134179
0.414420549124
0.414882304099
0.415349548383
0.415749419411
0.416314247969
0.416740102063
0.417253295978
0.417747299728
0.418139503093
0.418538224958
0.418987340861
0.419426937582
0.419871425286
0.42028558933
0.420699198216
0.421170181516
0.421623004798
0.421952722384
0.422387609645
0.422729644358
0.423217030991
0.42362258142
0.424000874568
0.424451449594
0.424581951339
0.424989581808
0.42545773427
0.425941170849
0.426259843115
0.426617582377
0.427065197141
0.427564788524
0.427916333032
0.42834614763
0.428789938951
0.429273405902
0.429683187972
0.430130382524
0.430518059496
0.430958312989
0.431380641178
0.431828488875
0.432146380183
0.432541404383
0.432866579484
0.43326616343
0.433657578869
0.434062073785
0.434485360544
0.434867757033
0.435285570936
0.435746271833
0.436115074966
0.436497051196
0.43694412044
0.437344672318
0.437662971403
0.438076084786
0.438461253025
0.438912460705
0.439377257078
0.439757466333
0.440208589882
0.440542046072
0.440922154822
0.441298248128
0.441671891232
0.442064437811
0.442406100589
0.442814612277
0.443174660089
0.443558776291
0.443899992903
0.444332779019
0.4446691676
0.445041130612
0.445281202916
0.445678935277
0.446103667967
0.44638752451
0.446837798131
0.447269507434
0.4475950592
0.447984265668
0.448345720301
0.448717864297
0.449236260387
0.449638514223
0.450015454014
0.450363976787
0.450774868917
0.451073622454
0.451541279879
0.451906876218
0.452289983139
0.452736944871
0.453034929027
0.453380936242
0.453759880719
0.454099770654
0.454330999136
0.454758656442
0.455120243652
0.45539180574
0.455827405003
0.456169217752
0.456529213726
0.456915757128
0.457299953978
0.457741484519
0.458195845394
0.458626944653
0.45897002395
0.459373610706
0.459777613805
0.46018765503
0.460626244437
0.461032542783
0.461404788169
0.461810159801
0.462257313172
0.46256910276
0.462836237707
0.463207257784
0.463515737606
0.463834641245
0.46421627793
0.464622608457
0.464779456991
0.465148122608
0.465563243649
0.465978503121
0.466415603913
0.466797209892
0.467202167831
0.467639939422
0.468027939472
0.46848157783
0.468860387559
0.469198095141
0.469595878268
0.470019570715
0.470458088345
0.470782161633
0.471238777094
0.471537631731
0.471965586508
0.472345401716
0.472805834625
0.473146695115
0.473557690569
0.474017031147
0.474365461459
0.474871182467
0.475333262547
0.47578748722
0.476128621539
0.476405220261
0.476827592241
0.477280641207
0.477732999874
0.478217597562
0.478551970555
0.478872701406
0.479304770146
0.479645194717
0.479924134466
0.480302629603
0.480654874997
0.481096753206
0.481613347327
0.481990689416
0.482261509345
0.482699168583
0.483053213354
0.483303558287
0.483700421625
0.484125120714
0.484638869623
0.484882027444
0.485245349916
0.485669443567
0.486019552275
0.486474667959
0.48685391833
0.487276138
0.48774088908
0.48793506483
0.48836698628
0.488866371738
0.489231138948
0.489546088216
0.489940781214
0.490415175514
0.490812018713
0.491179015112
0.491489183807
0.491932285791
0.491968186649
0.492449258768
0.492833153465
0.493156761485
0.493505335042
0.494029075221
0.494390475875
0.494895304774
0.495335649682
0.495661742731
0.496104983681
0.49630435141
0.496630867136
0.497108549751
0.497652064174
0.498113848413
0.498550982542
0.498963164865
0.499429231348
0.499825311476
0.500130128763
0.500201331538
0.500587016234
0.501058038917
0.501507378742
0.501939596116
0.502402231074
0.50290154835
0.503334014329
0.503869245626
0.504349330915
0.504668335282
0.505051607822
0.50553528765
0.505936198133
0.506358461464
0.506686456865
0.507010941524
0.507643091678
0.508076162446
0.508544918849
0.509131318005
0.509440422466
0.509557974566
0.510132413638
0.510649375654
0.511121983647
0.511590464399
0.512139779675
0.512719635486
0.51314557628
0.513609247795
0.513845639974
0.514409984175
0.514897873534
0.515486506213
0.515879546265
0.516392444205
0.516699341696
0.517125835065
0.517660791651
0.517822859596
0.518335544788
0.518933410123
0.519462318031
0.519773178025
0.520274231491
0.520597052271
0.52111863096
0.521524717225
0.522055220479
0.522474339184
0.522689257061
0.523144720445
0.523589735779
0.524153424946
0.524776768636
0.525330222204
0.525549484947
0.526069469214
0.526501604503
0.526828013278
0.527469057939
0.527904348082
0.528291215879
0.528829080281
0.529388996969
0.530006469883
0.530508921523
0.531083273841
0.531563732651
0.532058088001
0.532592898388
0.532975502503
0.533422940583
0.533957767709
0.534421495494
0.535129410703
0.535832367079
0.536378651181
0.536841740151
0.537371087332
0.537903769036
0.538359170988
0.538783546678
0.53921886207
0.539698836695
0.540265082985
0.540610209283
0.540909908169
0.541415132436
0.541885793657
0.542284649829
0.542714039092
0.543417421095
0.543938277287
0.544376553263
0.544976490511
0.545412296298
0.545984025075
0.546514590305
0.546861281115
0.547322664642
0.547887343677
0.548582619912
0.549073811428
0.549603075308
0.55005750673
0.550668750358
0.551265331319
0.551739590808
0.552167911612
0.55270180064
0.553063799653
0.553318557138
0.553860047018
0.554346988825
0.555066060219
0.555806605167
0.5562331123
0.556993823031
0.557551825865
0.558227988049
0.55877936395
0.559140700117
0.559871693254
0.560348426925
0.560657374584
0.561213441655
0.561895073369
0.562432816115
0.563002893083
0.563419748522
0.564111132209
0.564767139883
0.565228854567
0.565753588222
0.566247792852
0.566660571855
0.567420784055
0.567881669724
0.568490007109
0.568904781231
0.569479545187
0.569953706785
0.570539889042
0.571132109029
0.571641565857
0.572198767308
0.572612688957
0.57321209808
0.573860937481
0.574633450048
0.575209720114
0.575913030035
0.576646784562
0.577279548233
0.577926661732
0.578513422657
0.57901380427
0.579791601819
0.580414646657
0.580944521801
0.58170264068
0.582313412341
0.583069899244
0.583680267629
0.58433042554
0.5850702794
0.585700840579
0.586276077816
0.586923037036
0.587552643322
0.588270551056
0.589006774796
0.589367307535
0.590098948173
0.590698187541
0.591051482265
0.591905595917
0.592673507487
0.593384182329
0.594216378362
0.594912868183
0.595427473115
0.596094138803
0.596741306714
0.597471131648
0.598124346277
0.59883316208
0.599358517828
0.600202362278
0.600743254781
0.601319196667
0.601849513062
0.602477586662
0.603345465461
0.603833168644
0.604469033908
0.605113403333
0.605829684334
0.606680041835
0.607322413758
0.608125430273
0.608895809372
0.609623244097
0.610206198829
0.610874987495
0.611480495672
0.612352340859
0.612892466201
0.613714933914
0.614545155992
0.615279578896
0.616118845271
0.617073738164
0.617711532189
0.618608739976
0.61910087702
0.620010024927
0.620697911213
0.621284236948
0.621956763838
0.622906510606
0.623683997502
0.624640246043
0.625456874924
0.6261783097
0.62697686712
0.627416324107
0.628267817799
0.629139404016
0.629685259435
0.630289054646
0.631412104743
0.631928807163
0.633013060255
0.633745999961
0.634469497885
0.635346113596
0.636158772104
0.637084171816
0.637898802119
0.638340595818
0.638885674567
0.64007651527
0.641002694124
0.641745025735
0.642526908871
0.64334659255
0.643918923743
0.644418293435
0.645145696445
0.645715102578
0.646618868102
0.647631995475
0.648530075105
0.649275023839
0.649820594651
0.650751571079
0.651912529355
0.652460077708
0.652764538245
0.653625065703
0.654215523646
0.655191788144
0.656062206546
0.657139595875
0.657864836081
0.658835802519
0.659546859939
0.660550719543
0.661153018681
0.66175705497
0.662736438354
0.663448205824
0.664424192616
0.665210795666
0.666101299683
0.666999896253
0.667633317487
0.668546699886
0.669539439867
0.670329718257
0.671058818784
0.67204399572
0.673164714169
0.674103652605
0.674413748978
0.675354567781
0.676269070716
0.677026956541
0.678265239865
0.679172407123
0.680397269701
0.681375594882
0.68226529749
0.683448907559
0.684376820687
0.685704791723
0.686879005136
0.687823344291
0.688019995529
0.688952451218
0.690051679991
0.690746031512
0.691901474147
0.692848019313
0.693742211883
0.694354849041
0.695275097459
0.69638977518
0.69742297112
0.698423806929
0.699562128384
0.70072534645
0.701371673611
0.702672883064
0.703010058578
0.704446661936
0.705614049899
0.706731400702
0.707794554291
0.708240625631
0.709080812957
0.710288392605
0.71137298978
0.712421505252
0.71343921783
0.714260093815
0.715648364154
0.71703746621
0.718037175353
0.718926793548
0.718469124113
0.720141478167
0.721404178678
0.722292923601
0.723090823079
0.724417574201
0.725864899896
0.726630881007
0.727512953103
0.72833649744
0.729315271065
0.730659849045
0.731656487458
0.732880081746
0.734676165771
0.736265264098
0.737754388337
0.738808283769
0.739820811178
0.740657062017
0.741553762277
0.742278757785
0.743470443471
0.744493133785
0.745319386726
0.746299192936
0.747260911758
0.748426146749
0.749237581139
0.750693507398
0.752206662251
0.753778266519
0.754920453209
0.756551950136
0.758021087826
0.759129912241
0.760713796534
0.762002582052
0.763584398493
0.764501316745
0.76578370544
0.767169901629
0.768181004971
0.769673144869
0.771301872637
0.772780727147
0.774767965701
0.776181899449
0.777609888123
0.779048542519
0.7805805937
0.782456275293
0.783811291256
0.785380632242
0.786485354651
0.788837491796
0.790445123038
0.791854911512
0.792723491832
0.794482879354
0.796158838399
0.797129326088
0.798135605941
0.799833056845
0.801464269433
0.80205332217
0.801145913816
0.802293152809
0.804189521338
0.805943696989
0.807899885168
0.809627276077
0.811135019628
0.813091437919
0.813669540395
0.815035094811
0.816622347529
0.818196319828
0.819297623007
0.821164683202
0.822924300928
0.824532696663
0.822689494631
0.824083106812
0.825085340712
0.827245970309
0.829528764484
0.83072077028
0.833089060849
0.835116002237
0.837810858598
0.838984208645
0.840795985344
0.842380737943
0.844341564278
0.846452882699
0.847989249207
0.85022103486
0.852621946196
0.85485187136
0.856161681492
0.858030008591
0.860318166309
0.862384019286
0.863006070355
0.865042493222
0.867287036126
0.869421886645
0.870568836778
0.872836043526
0.874948875811
0.877409908758
0.879381928352
0.881221823064
0.88357144747
0.886576330885
0.888893311985
0.891612250206
0.892983016929
0.895414697088
0.897884972557
0.899714821675
0.900985581998
0.90382229825
0.905687281359
0.908235214098
0.910558441278
0.913312761546
0.91546882626
0.918221315014
0.918417407455
0.920320287817
0.923215992732
0.925254313415
0.926995046469
0.92935012164
0.931118925984
0.934821236733
0.936285340252
0.938975050484
0.942203214891
0.945213126381
0.948037231509
0.950521746577
0.953767870529
0.956246114554
0.959030290581
0.961828802431
0.96122521861
0.963791805922
0.966673936148
0.969522499379
0.971786288817
0.975746816178
0.977168116344
0.980530767561
0.983243639527
0.98589278326
0.988316995811
0.991007929442
0.991868803978
0.994107410336
0.997619335665
1.00182375201
1.00513601358
1.00860190838
1.01183269291
1.01603761035
1.01922582515
1.02469292703
1.02870899321
1.03360762775
1.03851262171
1.04075805725
1.04437319067
1.04676806071
1.04930269231
1.05366520285
1.0561041256
1.06030273292
1.06369261223
1.06795737355
1.0718435843
1.07424480488
1.07589078387
1.08176341359
1.0845455346
1.0898759239
1.09422951384
1.09649326279
1.10188791577
1.10759753019
1.11067658939
1.11458546382
1.11960650681
1.12194978005
1.12671684415
1.12876818719
1.13345699372
1.13758089332
1.14197668414
1.14737485954
1.15331096612
1.15838686362
1.16195344815
1.16782238292
1.17242283511
1.17899949803
1.18439654519
1.19045655811
1.19465763637
1.19666160678
1.20243076442
1.20838562845
1.21645964891
1.22282398256
1.22719715762
1.2309353986
1.23227888896
1.23865057191
1.24353463145
1.24438920709
1.25074266931
1.25798725137
1.26524191242
1.27290943952
1.27674887254
1.27731507189
1.28434053694
1.29262685871
1.29606253247
1.30130740485
1.30956929886
1.31349846219
1.3213041545
1.32805728141
1.33549909848
1.34311769928
1.35239649295
1.36296238226
1.3748297894
1.38481575534
1.3926879801
1.40259213248
1.41313180385
1.41918212662
1.42617889714
1.43967386706
1.44957769891
1.46244158479
1.47254782167
1.48104596283
1.49541639339
1.50949602033
1.51912515056
1.5306872777
1.5448932663
1.55680007852
1.57277612276
1.58807702064
1.59779973438
1.61745961022
1.62773223392
1.63897198059
1.6558107138
1.67819419406
1.6966313946
1.71002460173
1.7202582746
1.72901155564
1.73709361756
1.75704252321
1.7688815457
1.78895987602
1.80988506672
1.82716381723
1.84380178199
1.856016743
1.86749699308
1.88365599497
1.89794816085
1.91634426523
1.9473404913
1.97201642382
1.9851944674
2.01069539304
2.03780403459
2.06296130633
2.09107426303
2.11706952681
2.14063991201
2.17748323262
2.21488081104
2.24578999368
2.25458981868
2.23951683275
2.23939370819
2.2845020935
2.30744953138
2.33295839014
2.35592165972
2.3711283011
2.35964612339
2.37438606509
2.41856596276
2.43485783931
2.45031324369
2.52862217415
2.5157066613
2.59344299629
2.63889572959
2.6919125022
2.76778029139
2.71984801917
2.75666030295
2.78896654857
2.82861252418
2.69383341101
2.91089838984
2.65968707317
2.32036308982
2.09641495621
1.05372728575