0.254887131551
0.282600052228
0.295152402478
0.303625855476
0.309933931344
0.314881425268
0.318972905175
0.322486955281
0.325564188141
0.328319809049
0.330767251193
0.33305286906
0.335180424171
0.337202435624
0.339083350347
0.340851976936
0.342535254085
0.344151758105
0.345674076495
0.347144732314
0.348586811425
0.3499257076
0.351209031638
0.352483662504
0.353731657938
0.354942486366
0.356073269089
0.357176889747
0.358259890962
0.359304779372
0.36029213724
0.361370469443
0.362367074399
0.363305941627
0.364266504355
0.365189315295
0.36606221821
0.366902081746
0.367811870566
0.368676396728
0.369550461165
0.370415477449
0.371275207728
0.372133501857
0.37294208457
0.373747826776
0.374544205975
0.3753278486
0.376075502581
0.376830185718
0.37756469354
0.3783317189
0.37907472887
0.379799070234
0.380503357706
0.381225116926
0.381901832304
0.382553076244
0.383217495782
0.383888455895
0.384500131739
0.385148713073
0.385814287028
0.386450545542
0.387090727658
0.387710585098
0.388322967915
0.38897542823
0.389589857801
0.390184234335
0.390771345502
0.391382568123
0.391981355347
0.392587793726
0.393155231896
0.393725731676
0.394323377254
0.394842897328
0.395404015955
0.395997898192
0.396551257395
0.397086194202
0.397636935538
0.398147451692
0.398683388092
0.399194257671
0.399734089012
0.400263002238
0.400755618098
0.401261552352
0.401763091246
0.402279321363
0.402782282943
0.403282339529
0.403795189778
0.404320534284
0.40485244985
0.405353069415
0.40587765532
0.406302561694
0.406743403928
0.407206375834
0.407709491155
0.408222148792
0.408692231943
0.409156085391
0.409667966422
0.410137767969
0.4105860454
0.411039199945
0.411464503078
0.411932593399
0.412382634472
0.412845308746
0.413300945734
0.413754402452
0.414189519898
0.414609025381
0.415058367843
0.415515530891
0.415966811635
0.41641282416
0.416856703889
0.417273586956
0.417693265007
0.418115879335
0.418523051821
0.418979519131
0.419453956533
0.419885042183
0.420336829388
0.420781396396
0.421216608607
0.421633708548
0.422064446063
0.422493281559
0.422921072032
0.423392693502
0.423792092102
0.424209630831
0.424672735687
0.42509267538
0.425484669212
0.425875271506
0.426256301269
0.426662984897
0.427090913757
0.42748816313
0.427920540721
0.42835411457
0.428705453189
0.429114406416
0.429508401866
0.429858497467
0.430259037583
0.430646258702
0.430987510989
0.431401671997
0.431807498815
0.432204655001
0.432639492778
0.433038615235
0.433446261808
0.433893394212
0.43427109617
0.434654133632
0.435045410712
0.43543725205
0.435846424532
0.436262860562
0.436616741544
0.436953006873
0.437339939208
0.437733811695
0.438117780758
0.438496048796
0.438872049964
0.439246448211
0.43964881135
0.440021086698
0.44039428754
0.440761604586
0.441164892527
0.441510651372
0.441890756619
0.442224643973
0.442619169386
0.443005479442
0.44343238638
0.443831949321
0.444215628344
0.444572954069
0.444958613745
0.445353536603
0.445690654929
0.446082981882
0.446488483777
0.446878898386
0.447252824188
0.44766453337
0.448018082754
0.448400766509
0.448792804958
0.449179802223
0.449564921943
0.449967804481
0.45034955245
0.450736528489
0.451110415961
0.451445597164
0.45179303408
0.452182932869
0.452571006278
0.452972102134
0.453379199723
0.453695901252
0.45405623219
0.454441932364
0.454804504738
0.455150852869
0.455504459773
0.455870465549
0.456238644635
0.45664028598
0.456996945905
0.457342600115
0.457715117499
0.458086846605
0.45847351021
0.458803036878
0.459084641262
0.459449729534
0.459831153235
0.460245397362
0.460589658993
0.460945868114
0.461274912705
0.461635783535
0.462028612211
0.462343650275
0.462737962006
0.463071405841
0.463460493603
0.463886075272
0.464188844176
0.464552510459
0.464955634485
0.465340990889
0.465738320366
0.466132240682
0.466578671336
0.466953913207
0.467295945311
0.467703117745
0.468086461781
0.46843855478
0.468851048113
0.469143822579
0.469546238278
0.469951639727
0.470312226331
0.470678305917
0.470985770704
0.471437740889
0.471817242212
0.47223573123
0.4726050964
0.47295853301
0.473366755033
0.473764009097
0.474138185231
0.474534508417
0.474885085653
0.475318670215
0.47573635808
0.476169557785
0.476539000574
0.476905125415
0.477285059354
0.47769952031
0.478122463299
0.478478786876
0.478875522351
0.479255563713
0.47960174182
0.479957009163
0.480306996744
0.480709659066
0.481006974393
0.481421289657
0.481756680249
0.482084282608
0.482413801723
0.482740282152
0.483148756608
0.483560581436
0.483939875965
0.484257922892
0.484652923653
0.48507584665
0.48542466756
0.485871245337
0.48626831161
0.486642645976
0.487056260516
0.487484345898
0.487902705213
0.488342334786
0.488707272439
0.489110674078
0.489530788314
0.489884189543
0.490298641392
0.490692618547
0.491113702231
0.491490778179
0.491882442788
0.49224167202
0.492630100325
0.492990823792
0.493432801334
0.493739562927
0.494115122858
0.4945625292
0.494918304283
0.495335370215
0.495763628793
0.496193998269
0.496497502242
0.496924828771
0.497349936771
0.497715157197
0.498112018745
0.498483820747
0.498873641694
0.499309866824
0.499732196486
0.500139662981
0.500496213595
0.500931436066
0.501367960871
0.501802854561
0.502249550946
0.502706515012
0.50313810044
0.503547732625
0.503956555935
0.504340410556
0.504770890242
0.50518660896
0.505619055291
0.506030112301
0.506423083021
0.506784742503
0.50721320299
0.507696235742
0.508017446978
0.508440433127
0.508779970156
0.509143372331
0.509593639069
0.510034362285
0.510437791014
0.510763623851
0.511162891405
0.511538603825
0.511826798773
0.512218105522
0.512636650444
0.513056479796
0.513506192087
0.513923751818
0.514290620072
0.514709022034
0.514962113331
0.515418050656
0.515775606415
0.516204252502
0.516530248815
0.517036504082
0.517516445333
0.51799757625
0.518382150504
0.518770647617
0.519238376089
0.51973905083
0.520183856138
0.520638433352
0.521090362736
0.521437969634
0.521878784258
0.522310963824
0.522712474819
0.523185467437
0.523671634066
0.524109905035
0.52451214748
0.524981125281
0.525402919312
0.525819788191
0.526258695918
0.526689327806
0.527017507887
0.527524955255
0.528015200949
0.528437346744
0.52889651342
0.529331537564
0.529771926664
0.530200934537
0.530596601124
0.53112986578
0.531589963325
0.532137442144
0.532555475063
0.533019577442
0.533449921901
0.533927098152
0.534259948604
0.534662648494
0.535125341692
0.535615450773
0.535938359929
0.536394732617
0.536758568221
0.537294234909
0.537697452509
0.538137493165
0.538568746461
0.539069770002
0.539553366044
0.540091173874
0.540548372012
0.541056661872
0.541520667272
0.541967300966
0.542453782658
0.542999612507
0.54340807212
0.543841556754
0.544325223151
0.544833641337
0.545334047668
0.545766531554
0.546323263277
0.546848124808
0.547261662434
0.547821057827
0.548299563415
0.548833129005
0.549342403974
0.549749968669
0.550294421098
0.550659824862
0.551167115306
0.551687597137
0.552137039345
0.552544599576
0.553146860275
0.553707278097
0.55422832853
0.554685969728
0.555214748211
0.555731102594
0.556185528378
0.556722457086
0.55719160252
0.557766776332
0.558286685127
0.55888243801
0.559401242011
0.559885972475
0.560384906582
0.560914677289
0.5614746827
0.562052274013
0.562689408127
0.563148162805
0.563694298578
0.564247240035
0.564871528142
0.565447066774
0.565950790167
0.566592891293
0.567131629544
0.567634584397
0.568152905945
0.568684372877
0.569173635064
0.569780983554
0.570333031836
0.570904359085
0.57151202045
0.571938294715
0.572531760165
0.573151198103
0.573608406134
0.574073595845
0.57464728367
0.575183538104
0.575811408846
0.576351383612
0.576915511612
0.577448010707
0.578036219624
0.578647548979
0.579205988731
0.579776118063
0.58043078058
0.581062763411
0.581659045339
0.582188611324
0.582665190021
0.583299630739
0.583901243463
0.584433978648
0.585035376925
0.585721695153
0.586315537142
0.586953348567
0.587397241784
0.58805395117
0.588597990548
0.589186767981
0.589713664471
0.590267087071
0.591037816843
0.591517226378
0.592094748934
0.592688419857
0.593221732692
0.593822933304
0.594273378381
0.594848143604
0.595480607365
0.596039148384
0.596588885038
0.597163700118
0.597817878215
0.598458092006
0.599154793782
0.599798021645
0.600466868586
0.601049736805
0.601594026181
0.602359042639
0.602993380201
0.603644873333
0.604442598495
0.605126952808
0.605855187788
0.60646051235
0.606932583772
0.607726010153
0.608317962142
0.608896247077
0.609380727508
0.610113414247
0.610619178421
0.611343862348
0.611956785144
0.612700529679
0.613473738441
0.614192086213
0.614747101654
0.615515525477
0.616194479736
0.616854945095
0.617364528151
0.617952317738
0.618577465007
0.619182413713
0.61990114497
0.620641461903
0.621345162059
0.622122998391
0.622788601717
0.623483614159
0.624238207497
0.624895462384
0.625563815583
0.626328288678
0.626954021322
0.627626701329
0.628388899784
0.629001662347
0.629761209018
0.630366790574
0.63108828294
0.631852831178
0.632528358024
0.633154289988
0.633961435661
0.63471224287
0.635504877141
0.636178314965
0.636962252492
0.637768307115
0.638559899238
0.639274860292
0.639945310842
0.640720720846
0.641473485286
0.642098353835
0.64291941881
0.643605233276
0.644557629017
0.645253977639
0.645934883045
0.646578364341
0.647505575023
0.648256226775
0.649224435464
0.649994654442
0.650804253757
0.651679220386
0.652501772934
0.653263296971
0.653989400128
0.654823763165
0.655640464098
0.656506845962
0.657266999751
0.658023365688
0.658854967634
0.659637075449
0.660555771799
0.661334905693
0.6621995094
0.663079765054
0.664185138239
0.665046960759
0.665884709811
0.66671358659
0.667532017902
0.66835920181
0.669321348097
0.670086493966
0.670937609445
0.67175893924
0.672666485907
0.673598737001
0.674588208254
0.675540459566
0.676636495518
0.677519621353
0.678456946455
0.679423314357
0.680331757049
0.681132661265
0.682053035652
0.682841146341
0.683711330181
0.68441291418
0.685401529172
0.6863552212
0.687306140219
0.688162647898
0.689199252436
0.690383034279
0.69166797328
0.692759703902
0.69373103489
0.694553005959
0.695468997177
0.69659113603
0.697536260048
0.69845341386
0.699419615944
0.700243521878
0.701542547359
0.70258869898
0.703791773204
0.705039489446
0.705996365352
0.706920313136
0.707815099851
0.708830571481
0.710035064808
0.711107136801
0.712327672418
0.712990411227
0.714216067643
0.71541645048
0.716675118178
0.71789821302
0.718925874304
0.719988237933
0.721274188013
0.722413882795
0.723567943592
0.724713516791
0.725774275237
0.726609037821
0.727805835215
0.728918072902
0.729880570613
0.731175224218
0.732561200313
0.73376884681
0.734973690749
0.736106276255
0.737408980254
0.738663276096
0.739804334832
0.741165312944
0.742171505816
0.743376073626
0.744657241097
0.746047257905
0.747422740679
0.748908446881
0.750320483845
0.751469025878
0.752872072356
0.754120487297
0.755485262109
0.756462574648
0.757767988171
0.758987001055
0.760251029882
0.761381404281
0.762553911384
0.764167393496
0.765312844218
0.766633122525
0.768060284909
0.769513366954
0.771022792279
0.772453080061
0.773612410527
0.774935874294
0.776501978825
0.777832103742
0.778936888299
0.779921815493
0.780922292311
0.782347976854
0.78354652527
0.785054850279
0.786697373219
0.788169819233
0.789499291637
0.790669216059
0.792635847319
0.794039517138
0.795674962796
0.797264529728
0.798570692468
0.799934239235
0.801340587364
0.802803143255
0.804667760098
0.806243937854
0.807785740814
0.809609793392
0.811300523222
0.81278445704
0.814042711217
0.815662164622
0.817208325635
0.818585474916
0.820502525126
0.82225282692
0.823933235708
0.825724537571
0.827686105901
0.829692686563
0.831688914307
0.833732948536
0.83515844891
0.836957317877
0.838774047001
0.840650759982
0.842531262006
0.844215580958
0.846183098647
0.847993427767
0.8492072053
0.850872447168
0.852852364476
0.85475076008
0.856754514718
0.858785724823
0.86092434593
0.863219319142
0.865146253551
0.867384033206
0.869004166632
0.870691342945
0.873140383205
0.87531367134
0.877286419845
0.87917789923
0.881208173771
0.883387343135
0.885514219835
0.887648571448
0.889793905644
0.892148674658
0.893730760233
0.895293761084
0.896451616878
0.898822943794
0.901277121097
0.903240881881
0.905162575153
0.907297019834
0.909568984007
0.911646725313
0.913920395981
0.916620680656
0.918044903105
0.920263855615
0.922754425305
0.925337321561
0.928123673826
0.930707116327
0.933325258351
0.935785639778
0.938042176528
0.940862181142
0.943351221613
0.946440726221
0.949041668553
0.950692385573
0.952543181269
0.955027154033
0.957908210646
0.96058872391
0.962629460212
0.96540992438
0.968504588617
0.971337878569
0.974122393445
0.977265605995
0.980170944753
0.982013556543
0.985066114843
0.988378385334
0.991806005755
0.995495463907
0.998295984685
1.00104501096
1.00422601414
1.00706770371
1.00970146451
1.01248152041
1.01320630726
1.0161734732
1.01879671506
1.02143958742
1.02560950857
1.02909356291
1.0325693795
1.03733345078
1.04038614719
1.04397375251
1.04716870898
1.05139022588
1.05520679375
1.0584483555
1.06256011447
1.06582445777
1.06895507896
1.07223722918
1.07696625416
1.0797719191
1.08451498477
1.08839607847
1.09257139095
1.0958772839
1.09956359562
1.10287349196
1.10654385381
1.11106531376
1.11509928692
1.11786753314
1.12265053052
1.12762412843
1.13238985032
1.13712265979
1.14218489818
1.14631779033
1.15080350225
1.15520388831
1.16039280757
1.16548008379
1.17155638106
1.17702085511
1.18060340566
1.18572320709
1.19124509095
1.19679582719
1.20347273337
1.20913418884
1.2158273847
1.22097392759
1.22832019511
1.2338371067
1.23937713766
1.24570010002
1.25211652905
1.25845592682
1.26479684846
1.27091362077
1.27923023887
1.28575041724
1.29355832236
1.29891598954
1.30648186743
1.31445646737
1.32081628762
1.32845480503
1.33749268153
1.34455090657
1.35294445638
1.36102535083
1.37191807948
1.37963518109
1.38801555937
1.39709646036
1.40552997082
1.41631104181
1.42628468913
1.43485500193
1.44442043334
1.4560175097
1.46763361502
1.47835390539
1.48921248384
1.49858527131
1.51074747485
1.52009225449
1.53355920064
1.54576998775
1.55487598091
1.56762100863
1.57756682192
1.59137343943
1.60457139804
1.61178617037
1.62285991877
1.63446851042
1.64615824454
1.66233090596
1.67716739037
1.68817763948
1.70528599727
1.72220895515
1.7381392731
1.75345416842
1.76789226162
1.78046006757
1.79431389236
1.81290234093
1.83137884741
1.85120425867
1.87046249991
1.88678571141
1.90881272589
1.92699895065
1.94642308883
1.96605917788
1.99085846091
2.01435857966
2.0284186073
2.05587665045
2.08439572843
2.10598095393
2.12768279381
2.15162736127
2.17878995238
2.21452649824
2.22680062951
2.26191562237
2.28690091819
2.31286882055
2.33925554497
2.37845370514
2.41361951436
2.46267840727
2.48624126268
2.52959357869
2.5629026416
2.59992576723
2.61560209534
2.63886626074
2.6891233702
2.74782154571
2.76953040531
2.77037775096
2.76529090582
2.67516642841
2.6361920767
2.58746328663
2.35391464037
2.09897307821
1.70469883516
1.24330517879