0.254887117051
0.294451053697
0.306759406705
0.314298999713
0.319601507275
0.323722426159
0.327357469041
0.330585417989
0.33337614698
0.335932005352
0.33809518796
0.340235436724
0.342310222451
0.344211453103
0.345942606594
0.347603956981
0.349250422896
0.350735966876
0.352167176348
0.353737732658
0.355147905139
0.356539562285
0.357918986439
0.359197592466
0.360385729235
0.361547081831
0.362672523563
0.36389304871
0.365053252845
0.36616811956
0.36725310715
0.368282291238
0.36926636957
0.370259100898
0.37129336106
0.372349796275
0.37321557031
0.374196092327
0.375203442173
0.376146022591
0.376966146419
0.377892186598
0.37872144032
0.379590565392
0.380450950907
0.381209738683
0.382159887622
0.382878331963
0.383682995828
0.384491601005
0.385336145498
0.386185505898
0.387013439459
0.38777127591
0.388546189513
0.389340863503
0.389884742492
0.390714137137
0.391474448798
0.39220220704
0.392803179701
0.393471526998
0.394122000444
0.394809366398
0.395518726295
0.396156838125
0.396945403193
0.397615637564
0.398339490826
0.399055709523
0.399609503846
0.400210334791
0.400742893283
0.401424691168
0.402005588407
0.40271369984
0.403308478074
0.40384516648
0.404408906397
0.404943843131
0.405471796117
0.40606870041
0.406647951938
0.407209698732
0.407832125395
0.408466562696
0.408994480517
0.409617281928
0.410157122768
0.410786193282
0.411280064887
0.41184819961
0.412402400475
0.412910631427
0.413552255729
0.414160360725
0.41475927157
0.415321908596
0.415862485202
0.416410604802
0.417032103758
0.417682791855
0.418174091394
0.418761621379
0.41928171038
0.419885593995
0.420408024537
0.420812460781
0.421347455339
0.421860093625
0.422376975488
0.422916484136
0.423346772641
0.423860745065
0.424385468273
0.424971122048
0.425520296577
0.426013481948
0.426432150025
0.427007202384
0.42752551437
0.42807294613
0.428557552007
0.429110750685
0.429634581289
0.430150376428
0.430578391327
0.431007907361
0.431519159662
0.431930204196
0.43246840123
0.432969172104
0.433391029992
0.433908728479
0.434385852179
0.434899565829
0.435352904097
0.435761431034
0.436312263973
0.436811557383
0.437201029918
0.437525303409
0.438081575526
0.438563761923
0.43903713803
0.439547337197
0.440009219697
0.440574393849
0.441039140848
0.441603687488
0.442097965351
0.442492530821
0.443015908689
0.443461493696
0.443970236581
0.444306744074
0.444784828394
0.445327978123
0.445744070122
0.446155758509
0.446574250159
0.44714093404
0.447566214003
0.448082277274
0.448615235595
0.449128196981
0.449296332177
0.449761069789
0.4500238407
0.450537747609
0.450941662255
0.451381569133
0.451853386861
0.452268779002
0.452686096893
0.453041037184
0.453358239532
0.453776920546
0.45423530951
0.454667838117
0.454768741457
0.455252717239
0.455739426197
0.456146633869
0.456635973041
0.457118689238
0.457609541454
0.458047579755
0.45846745771
0.459023861422
0.4594473173
0.459901305952
0.460226253033
0.460651169431
0.461125887367
0.461577407365
0.462067975774
0.462433252809
0.462875279946
0.463267138021
0.463724685539
0.463921727382
0.464446816989
0.465043769135
0.465470910092
0.465952200274
0.466412435251
0.46685200853
0.467394704865
0.46789242774
0.468347297492
0.468770973668
0.469102016115
0.469593774523
0.470105126605
0.470439586559
0.470799020824
0.471025630924
0.471503615206
0.472003260322
0.472435652391
0.472845506413
0.473369119732
0.473844581298
0.474246587535
0.47476888544
0.475256550078
0.475843921716
0.476252031871
0.476754380848
0.477064369698
0.477616371009
0.478073511517
0.478360740658
0.478694864498
0.479115339407
0.479395883122
0.479626285138
0.47990942715
0.480353580961
0.480867982551
0.481287122699
0.481668930186
0.482137593898
0.482527517915
0.482781980484
0.483208760037
0.4835143633
0.484022568308
0.48452387432
0.485018286369
0.485488840288
0.485999054555
0.486533017382
0.487083633623
0.487647112997
0.488131720727
0.488525199086
0.489198385069
0.489674907871
0.490183348387
0.4905710166
0.491049519583
0.491463973563
0.491945326612
0.492445896033
0.492912409426
0.493376544557
0.493848479103
0.494242327231
0.494486287632
0.4948248259
0.495303425763
0.495745880899
0.496235925448
0.496693806977
0.497038051706
0.4974075496
0.497812865888
0.498043124919
0.498482295578
0.498909596606
0.499289704622
0.499664626383
0.50002226405
0.500327266973
0.500517529046
0.50091178371
0.501327001888
0.501843437964
0.502278504144
0.502670370575
0.503116623281
0.503563184275
0.504000684578
0.504513904833
0.504976451582
0.505548448276
0.505906934277
0.506367493528
0.506837323577
0.507306542066
0.507676410275
0.508179986756
0.508567110354
0.509000269958
0.509411975819
0.509837830282
0.510345060485
0.510700801495
0.511066611413
0.511662033387
0.512232353858
0.512798154051
0.513243301771
0.513819764437
0.514501579413
0.515038744952
0.515523778847
0.516108501436
0.516425587115
0.516888018933
0.517503539241
0.517812574499
0.518208344444
0.518598988247
0.51911085375
0.519696449572
0.519946424882
0.520329535028
0.520706104343
0.521200398707
0.521667850145
0.522204469495
0.522424868755
0.523012008114
0.523427871329
0.523709457565
0.524081289887
0.524472598673
0.524718750772
0.525134804216
0.525689202395
0.52623169748
0.526745497053
0.527192233264
0.527687711665
0.528201355504
0.528658164439
0.529159366353
0.529637880823
0.530225067405
0.530651955293
0.531121871862
0.531572433082
0.532034630764
0.532244906154
0.532834093943
0.533409160306
0.533970203174
0.534596253147
0.53512946794
0.535727174685
0.536202661711
0.536546136592
0.536886599502
0.537543645011
0.537993502057
0.538301120704
0.538979495201
0.53955451856
0.540074586761
0.540453988139
0.540885701601
0.541101180103
0.541638759023
0.541958124529
0.54261489721
0.543199451216
0.543591058685
0.544083885599
0.544493686369
0.544950112646
0.545288891371
0.545780096127
0.546344454829
0.546941705751
0.547479698068
0.548001459447
0.548476316622
0.549073212221
0.549608671108
0.549961031083
0.550566840204
0.551408094168
0.551782336086
0.55223007376
0.5527343804
0.553313335795
0.553825466379
0.55418453442
0.554691827942
0.555150721406
0.555751025196
0.556328931833
0.557009351909
0.557495790375
0.558128026464
0.558671420337
0.559263747068
0.559668396982
0.560276467675
0.560955003372
0.561621445521
0.562275336309
0.562857331853
0.563174705791
0.563622554806
0.564128953882
0.564597505334
0.565222421815
0.565673218813
0.566388383642
0.566726628275
0.567178345979
0.567710072523
0.568317972377
0.569008568205
0.569375199446
0.569734255886
0.570340060509
0.57108117893
0.571545428387
0.572416585808
0.572988402634
0.57377317071
0.574273134593
0.574961520181
0.575339957835
0.575922242319
0.576269036816
0.57656651519
0.577016947692
0.577542057403
0.578012479044
0.578599300859
0.57900332859
0.579552670649
0.580182730181
0.580792796011
0.581256812027
0.581904746382
0.582702227584
0.58328740647
0.583699686332
0.584177266211
0.58459732707
0.585188910687
0.58594107227
0.586535647009
0.58733093186
0.587876282133
0.588408087619
0.589199326613
0.589901617218
0.590512553879
0.591188720163
0.591748984707
0.592165187903
0.592680466455
0.593438189827
0.594380328297
0.595214814874
0.596108816365
0.596718370799
0.597535306865
0.598251473608
0.598852821878
0.599668911764
0.600414193333
0.601232327137
0.601711392793
0.602192361024
0.602861460719
0.603348949728
0.604210060848
0.604902814921
0.605415321754
0.606079422932
0.606657179311
0.607424323151
0.608137003581
0.608796203047
0.609640348321
0.610336081592
0.611121809272
0.611478495028
0.612200603707
0.612914464194
0.613847862867
0.614576140069
0.615309483871
0.615621238578
0.616119647101
0.616760367528
0.617101879354
0.617279430026
0.617899327935
0.618582320241
0.61882575001
0.619719098483
0.620393805542
0.620869789118
0.62173974903
0.622575529307
0.623291642132
0.62367932937
0.624299684843
0.624934140138
0.625442078643
0.626192770257
0.627042819438
0.627662525647
0.628438165817
0.62933483694
0.630343438009
0.631316408817
0.631940605357
0.632649935205
0.633139855511
0.634033080627
0.634537731125
0.635102904488
0.635540234554
0.636318749413
0.637217669384
0.638043726233
0.638923021597
0.63973856634
0.640676906021
0.641747399936
0.642240921673
0.6426898278
0.643137362714
0.64410221726
0.644785200435
0.645836225644
0.64663718726
0.647381325978
0.648474356089
0.649327003634
0.650273862138
0.650541723277
0.651355237912
0.652269678467
0.653052046585
0.652585249539
0.65329735381
0.653584536087
0.654369811689
0.654873242663
0.655473121162
0.656054601382
0.657037462444
0.657707627034
0.658535567719
0.659118808807
0.660024434109
0.661261973294
0.662023228687
0.662975918548
0.663899207413
0.664711325311
0.66497512871
0.665781277991
0.666746235341
0.6672327079
0.667885137452
0.668785498205
0.669728586429
0.670902372155
0.672000945854
0.67286640122
0.674066021423
0.675033662227
0.675998091334
0.677068720429
0.678273392367
0.679151868107
0.679894568129
0.680960150587
0.682019240578
0.682669048283
0.683546555678
0.684390600881
0.684886228251
0.685714246178
0.686911059149
0.688080827695
0.688887573628
0.689978227731
0.69114111862
0.691922905856
0.692894770547
0.693877375681
0.694823332243
0.695681844294
0.696439953634
0.697431093139
0.697858615435
0.698765961362
0.699665478076
0.700745008053
0.70172574766
0.70260240975
0.703529452565
0.704469526539
0.705394771194
0.706352793518
0.707417079604
0.708139509705
0.708904473011
0.710208986824
0.711194935115
0.712469745757
0.713135565145
0.713311170072
0.714070389503
0.715326526135
0.715995098499
0.71694048149
0.71735361516
0.71812418051
0.719331933678
0.720317651502
0.721233406942
0.722176863926
0.72327331163
0.724337545649
0.72548600888
0.726865699318
0.728370768792
0.729607617644
0.730136782145
0.731577151553
0.732529712908
0.733680247066
0.734618207629
0.735395654939
0.73578276141
0.737280680801
0.738000343255
0.738399366967
0.739613368042
0.740052185418
0.741142580609
0.742230650174
0.743225511769
0.744170343993
0.745233843009
0.746794221774
0.747852018226
0.749005496455
0.749901436245
0.751353941044
0.752714668643
0.753870667459
0.755478503178
0.756823067081
0.757569677373
0.75925822304
0.760599494557
0.762233222339
0.763365067127
0.764672234142
0.765491831713
0.766280302192
0.767254907184
0.76848702484
0.768767203165
0.76921345588
0.770623505797
0.772275419687
0.772860125313
0.774356745531
0.776116405706
0.777553427344
0.778538309455
0.780136065439
0.781305782707
0.78306133615
0.783677449292
0.784279800276
0.785749440609
0.787141358337
0.78827355308
0.790058292253
0.791754283546
0.793414075199
0.794758810871
0.796261034693
0.797647562856
0.799327103128
0.800833622473
0.802627107935
0.803848719759
0.805131304899
0.806075622234
0.807127070818
0.808370042965
0.810545840278
0.811881792747
0.813419259762
0.814694934616
0.816439501623
0.81820978254
0.819882840434
0.821258614295
0.822349983267
0.824672708054
0.825268456815
0.827077221495
0.828800079612
0.83076992762
0.831990023061
0.833374381226
0.834626857594
0.836222646232
0.838304376938
0.84030882796
0.841974091734
0.843317661639
0.844260824906
0.846153479806
0.847916245083
0.850000591389
0.851436424404
0.853513739285
0.854883504872
0.856166357607
0.858110734226
0.859183080003
0.860631420457
0.86286513705
0.864715283802
0.865401936255
0.867732437888
0.868487743542
0.869699612948
0.871049927152
0.873591611687
0.873873105252
0.875577575451
0.877993482436
0.879913586812
0.88259622791
0.883426888228
0.883903006046
0.885423205108
0.887763179252
0.889497322665
0.890304980914
0.892027072879
0.894261344051
0.895654578606
0.898079764856
0.899872485911
0.901756759928
0.904734988941
0.906604690236
0.907161249866
0.90887294657
0.910192826876
0.911733133115
0.912444380271
0.915096130794
0.917611906218
0.919878416917
0.921415335615
0.924343638331
0.926258969773
0.928564807197
0.930580786922
0.933212235785
0.936246018779
0.938275972219
0.939756881202
0.942426054639
0.944305620939
0.947054454438
0.949597336258
0.951840080294
0.954895516694
0.957717196708
0.959122474513
0.960555086558
0.963757720053
0.965934275172
0.967741387226
0.968335444176
0.970241728926
0.972593794062
0.975722939045
0.978578121702
0.981645822717
0.98406780531
0.987042380155
0.990205664444
0.992390683046
0.995501236975
0.997126467309
0.999180631962
1.00116908077
1.00348365692
1.00553767224
1.00842554909
1.0093337766
1.0125142403
1.01530326885
1.01749346097
1.02156174281
1.02424802264
1.02659264271
1.02850107387
1.0307278072
1.03327828827
1.03508621193
1.038176461
1.04194171655
1.04588922792
1.0505140216
1.05382518457
1.05611365623
1.06001892422
1.06297525892
1.06659752966
1.07111452396
1.07423260877
1.07785051213
1.08317160078
1.08563915938
1.08822971338
1.09175627518
1.09479110419
1.09918100666
1.10336440682
1.10691471002
1.10200799473
1.10578558371
1.10853866709
1.10688650446
1.10972669773
1.11270230615
1.11580642286
1.11728482019
1.12176179004
1.12537910514
1.12738718944
1.13181255232
1.13574725972
1.14013861692
1.14457159627
1.1475937395
1.15014980529
1.15396341386
1.15605360197
1.16130748986
1.16684588507
1.17252152885
1.17726904787
1.18342869867
1.18888206364
1.1949765099
1.1990047385
1.20480697357
1.20830083122
1.21025986829
1.21580676818
1.21909223331
1.22348830511
1.22765885723
1.23269605471
1.24068586066
1.24429117245
1.24902416385
1.25442460187
1.26081716443
1.26420383091
1.26861997136
1.27346786916
1.28023480082
1.28380209337
1.28797142768
1.29409019062
1.30236112328
1.3100463719
1.3151508294
1.32240939809
1.32982152453
1.33446386453
1.33740376415
1.34427114318
1.34972468685
1.36270081812
1.36491808942
1.36868784811
1.37420496123
1.37965049453
1.38830181979
1.39809502229
1.40540865933
1.41064503818
1.41838105412
1.43083457959
1.44082908195
1.44928129331
1.45267615437
1.45964540417
1.47042287132
1.48305740454
1.48775805184
1.49695676542
1.5049998267
1.51100405062
1.52270746995
1.52687118092
1.54006004502
1.55087333162
1.55873622533
1.57651987319
1.58822971865
1.60397577552
1.61349334993
1.61931875999
1.62921906731
1.63799395563
1.64373680813
1.65804948494
1.67185461388
1.67894610494
1.68672161975
1.69108000355
1.70528200119
1.72383310899
1.73837778087
1.74329821628
1.76055481982
1.7755445486
1.77615612254
1.7967503279
1.80935560756
1.82305150491
1.83270399222
1.85180321082
1.86269424733
1.88087248293
1.87253200842
1.8815273651
1.90960456606
1.93545299054
1.94210260376
1.96844161954
1.98802983009
2.02889919454
2.04542588106
2.06239854776
2.0738209658
2.11232776574
2.14030722639
2.17102924688
2.20647072791
2.22934690124
2.2607053241
2.27651536883
2.27872857828
2.29706803149
2.31081459339
2.36594149715
2.36778967972
2.41437763033
2.44394742775
2.50467897601
2.53723978121
2.59410858643
2.68406027983
2.85814869081
2.87104738306
2.92100179072
2.91030365077
2.92608679846