0.254887135176
0.281649098911
0.294232484209
0.302528152714
0.30875311164
0.313684832637
0.317828282117
0.321594591931
0.324884753166
0.327701882687
0.330212210548
0.332605463401
0.334825382777
0.336943414852
0.338917733443
0.340745135313
0.342439773353
0.344064628008
0.345590051782
0.346953607271
0.348306927906
0.349707693784
0.35092953712
0.352131910409
0.353307621224
0.354506851718
0.35560100047
0.356644954487
0.357668385191
0.358633883164
0.359581722057
0.360504890744
0.36143610293
0.362293811514
0.363210518983
0.364092443457
0.364903214495
0.365797947667
0.366629800502
0.367417959111
0.368236518406
0.368965081393
0.369691117839
0.370417569956
0.371152494991
0.371934918842
0.372500413431
0.373206786275
0.373896748855
0.374574685075
0.375285473631
0.376035086193
0.376727907965
0.37729030802
0.377995685753
0.378588379517
0.379203586206
0.379656186886
0.380303609627
0.380942296114
0.381469941093
0.382082343883
0.382634477941
0.383290808567
0.383909443313
0.384497082038
0.38506188149
0.385612575331
0.386191204617
0.386698702833
0.387169513888
0.387684288772
0.388194277507
0.388693750764
0.389255583771
0.38975635668
0.390356794398
0.390927357039
0.391456743571
0.391967917325
0.392473308096
0.392977490997
0.393460075337
0.393997879832
0.394482719834
0.395005447704
0.395554587364
0.396058345322
0.396557848025
0.397011651926
0.397515326897
0.398005109194
0.398555027315
0.398977915433
0.399384239087
0.399774035565
0.400199237876
0.400676284015
0.401119580001
0.401666242247
0.402104362602
0.402614382686
0.403142199763
0.40354402587
0.404013482855
0.40445161321
0.404794543815
0.405151178519
0.405557672008
0.406017112496
0.406377805723
0.406789607304
0.40721224924
0.407675073105
0.408176838091
0.408496273666
0.408952090804
0.409419713996
0.409811755047
0.410214330134
0.410679551723
0.411094541013
0.411561730846
0.411964870985
0.412301203062
0.412686975066
0.413135147958
0.413602613045
0.414079333453
0.414444048185
0.414815660985
0.41521316907
0.415555465326
0.415960520918
0.416381398945
0.416827346162
0.417256166293
0.417663276531
0.418076595912
0.41850177664
0.418914967032
0.419232068365
0.419617678065
0.419985665436
0.420460056665
0.42083523892
0.42126296315
0.421669894023
0.422001055339
0.422384875117
0.422802763905
0.423188777322
0.423648693742
0.423982396876
0.424171124177
0.424553209668
0.424968056186
0.425368723416
0.425801177463
0.426152061024
0.426579489266
0.426964452507
0.427410522496
0.427829430567
0.42826734588
0.428740196036
0.429163655162
0.429620895224
0.430059715754
0.430353693527
0.430731701525
0.431137071418
0.431583266299
0.432044416595
0.432360616696
0.432780125264
0.433238247697
0.433693130607
0.434087856314
0.434558105388
0.4349966961
0.435452991777
0.435917331226
0.436428376523
0.436763134194
0.437172647513
0.43772513896
0.43821923252
0.438583712783
0.439115055804
0.439529468786
0.440006887814
0.440489466027
0.440944076521
0.441372654329
0.441805324858
0.442292916843
0.442781982279
0.44326446433
0.44376134176
0.444242199135
0.444635619999
0.445041443055
0.445505403812
0.445998671265
0.446397293841
0.446915338248
0.447337578331
0.447769512954
0.448164918846
0.448671134295
0.449086595693
0.449504344772
0.44997495155
0.450417989852
0.450773014687
0.451073749774
0.45135922365
0.451829814799
0.452182753029
0.452550327484
0.452885750127
0.453264717771
0.453621574618
0.454022156633
0.454431190638
0.454821462241
0.455123495495
0.455557809817
0.455931051627
0.456264680214
0.456632375805
0.457020647183
0.457438680006
0.45771457298
0.458005824346
0.458368852815
0.458761592558
0.45911453761
0.459464652033
0.459814187936
0.460086857498
0.460372701003
0.460728073107
0.460936717416
0.461308430431
0.461602959588
0.461893011048
0.462258437599
0.462608696436
0.462942721326
0.463282326528
0.463579990778
0.463899913195
0.464295666228
0.464571872241
0.464881691473
0.465240769692
0.46548234429
0.465767411541
0.466123411191
0.466478514449
0.466646362333
0.466843242139
0.467196939293
0.467530722343
0.467754977514
0.468041097403
0.468384615275
0.468744727017
0.469029009323
0.469402732801
0.469701932548
0.470021826544
0.470306657072
0.470637828317
0.470950123566
0.471195580144
0.471546591342
0.471852961016
0.472118254991
0.472208254154
0.472483474167
0.472809258672
0.473070675606
0.473361007192
0.47365123912
0.474027713599
0.474275233947
0.474670418971
0.475074223907
0.475358572767
0.47567518013
0.475975204576
0.476307126115
0.476578755793
0.476921636327
0.477274890363
0.477571199697
0.477902801992
0.478278903239
0.47863466044
0.478966426131
0.47934096773
0.479612761626
0.479835209577
0.480171302121
0.480265396305
0.480500707906
0.480784595533
0.481091531795
0.481464446963
0.481446255293
0.481843446249
0.482187810453
0.482277537616
0.482590927603
0.482892033413
0.483294959862
0.48360157924
0.483901987606
0.4843086877
0.484636257864
0.484925509168
0.485303156354
0.485635473695
0.485984968806
0.486343980452
0.48672666935
0.487038037264
0.487430558019
0.487844506302
0.488029454033
0.48841462898
0.488778704133
0.48915956149
0.489523280863
0.489879555678
0.490278706455
0.490577180623
0.490853550013
0.491062999175
0.491448440797
0.491791303604
0.492146217774
0.492380690774
0.492862580164
0.493205526508
0.493544626648
0.49388356772
0.494280379546
0.494640175689
0.495140251029
0.495232080855
0.495596948661
0.496062161189
0.496149226806
0.496531317203
0.496852824008
0.497241186499
0.497651665049
0.497828252859
0.498167194971
0.49852388848
0.498792980374
0.499041063997
0.499512840566
0.499964744498
0.500385002815
0.500612530258
0.500405775333
0.500813008168
0.501137928038
0.50150083933
0.501936313888
0.502356205133
0.502811767886
0.503339364411
0.503578548622
0.50389582985
0.504309217455
0.504566860885
0.504736165555
0.505039214056
0.505472589369
0.50574129243
0.506154717655
0.506548394613
0.506926557024
0.507107086187
0.507545558145
0.507980099077
0.508402591789
0.508715320343
0.509108923652
0.509455707447
0.509896380396
0.510261313466
0.510591288966
0.510924860528
0.511365467724
0.511775633488
0.512127857447
0.512643413632
0.513001870572
0.513384924829
0.513734763224
0.514142839763
0.514602652495
0.515035122032
0.515444787775
0.515792276118
0.516094263733
0.516519769331
0.517016815005
0.517448799768
0.517904944401
0.518310652274
0.518665206631
0.518919732838
0.519264340054
0.519581602008
0.519926185895
0.520117909737
0.520550063456
0.520921071134
0.521426765366
0.521909682115
0.522335716251
0.52271676539
0.52300375214
0.523326875091
0.523686022478
0.523998607001
0.524321925711
0.524687598179
0.525030730263
0.52546355291
0.525935094617
0.526349238428
0.526799377852
0.527266370944
0.527631433656
0.528108871381
0.528505536164
0.52889423668
0.529231185343
0.529716226009
0.529989546963
0.530499749573
0.530909544248
0.531422089898
0.53173969732
0.532050800619
0.532519737612
0.533089419906
0.533611832998
0.534203131109
0.534721271439
0.535154374882
0.535332703533
0.53574837007
0.536279442689
0.536632517811
0.537170461754
0.537437606833
0.537860394465
0.53821570362
0.538644316008
0.539136796655
0.539455679709
0.539743412006
0.539968123444
0.540478573171
0.540856827922
0.541174347649
0.541601135982
0.542105200816
0.542685336676
0.542982151189
0.54334901282
0.543799598281
0.544173503731
0.544574768085
0.545088810381
0.545546790619
0.545996884184
0.546392392223
0.546828710931
0.547170436028
0.547707880725
0.548208615801
0.548742892564
0.549165483557
0.549757370099
0.550178304159
0.550541142817
0.551020064268
0.551588396664
0.551794205656
0.552278565003
0.552619334059
0.553042852988
0.553477779834
0.553980331153
0.554399666224
0.554947573063
0.555330904544
0.555822767521
0.556397307249
0.556810141386
0.557162088628
0.557575214824
0.558117257119
0.558703025452
0.559311821444
0.559706415809
0.56010413624
0.560702858124
0.56111701871
0.561459353134
0.562105635776
0.562708582188
0.563204991351
0.5636498526
0.563931001113
0.564415161632
0.564861183747
0.565291450855
0.565757122305
0.566022258777
0.566318380503
0.566882593712
0.567393132723
0.568032204229
0.568322048385
0.568919666851
0.569294080749
0.569868755763
0.570411277762
0.570917643535
0.571348230578
0.571849559628
0.572331280256
0.572833839877
0.57333347964
0.573718011738
0.574312097175
0.57495118339
0.575638502008
0.576240474577
0.576924206703
0.577583537916
0.578174349964
0.578742161693
0.579135133861
0.579661447738
0.580456941146
0.580937896538
0.58144602165
0.582170736985
0.58281632454
0.583214596857
0.583930251412
0.584482672452
0.58486763941
0.585363192562
0.585535901079
0.585991062883
0.586448669783
0.587168058521
0.587604186105
0.587956046634
0.588671810099
0.589167501603
0.589700156055
0.590166309367
0.590789700492
0.591302184192
0.591884077053
0.592370418363
0.592966280775
0.593502333609
0.594111762292
0.594694389627
0.594897180683
0.595524895966
0.596064586264
0.596934388924
0.597500977039
0.598108020598
0.598681437897
0.599127923384
0.599996980481
0.600274354125
0.60098664613
0.601479279016
0.601941655856
0.602462445279
0.602947635423
0.603721160461
0.604469368976
0.604978105101
0.605436939198
0.606002776507
0.606621455258
0.607293168453
0.608037163042
0.608682003195
0.609434491806
0.610239351848
0.611013635183
0.611568582055
0.612013249623
0.612675548563
0.613482839436
0.613937367768
0.614654340192
0.615170444196
0.615981265722
0.616758848527
0.617441823256
0.618249770473
0.6190540162
0.619668941443
0.620293471469
0.62117913366
0.622105469799
0.622701682009
0.623465276287
0.624098811668
0.624994717864
0.62574939098
0.626266304997
0.627198690342
0.627862586451
0.628797102036
0.629824482913
0.630838464439
0.63157854468
0.632462791881
0.633463493662
0.634257629522
0.63513803786
0.635719363769
0.636300626142
0.637060879318
0.637670005986
0.638574663415
0.639583401824
0.640377422855
0.641267480219
0.642119479996
0.643106182088
0.643979042212
0.64469810764
0.645339909808
0.64573273191
0.646407873415
0.646942059896
0.647911675866
0.648824032574
0.649830370466
0.650591849285
0.651084022117
0.65190336097
0.652960754268
0.653948738046
0.654551526869
0.65550784417
0.656209838304
0.657279445267
0.657748124965
0.658677506819
0.659554286234
0.660394166754
0.660835432937
0.661747798356
0.662792014578
0.663779564381
0.664671303444
0.665536720163
0.666626074738
0.667205822186
0.668348043939
0.667940841996
0.668864999275
0.669656741779
0.67042498808
0.671515754526
0.672541111219
0.673701212728
0.674623835985
0.675583369865
0.676316597686
0.677422572477
0.678369278981
0.678435986152
0.679128738058
0.679854778771
0.680701283769
0.682007358686
0.683139060714
0.683912496799
0.684523652975
0.685647548249
0.687001908415
0.687935798377
0.689441299743
0.690678715887
0.691817465305
0.692965144858
0.693889628306
0.695347136001
0.696283682703
0.697748873105
0.698893449508
0.700206679077
0.701554927586
0.702775591402
0.703828353451
0.705006441988
0.706532754814
0.708040626039
0.709456277883
0.710853940953
0.71179650696
0.712381466917
0.71385443016
0.714718190456
0.715970329882
0.717007074975
0.718586187091
0.719995347265
0.721196378036
0.722313215476
0.723682492567
0.724463779403
0.725586271842
0.72667261508
0.727992426932
0.729050585629
0.730399145388
0.732087399005
0.733561828794
0.734376815861
0.735765119604
0.73717983889
0.738282417269
0.739095212397
0.73993920026
0.741461124072
0.742510472873
0.74403419902
0.745779893142
0.747818694039
0.748871022167
0.750458114959
0.751945820602
0.753319619237
0.754593973779
0.756020764897
0.757075665623
0.758231099564
0.759671318137
0.76041385372
0.761618431908
0.763746912435
0.765282772552
0.766727793113
0.76771773145
0.768798881826
0.770318946089
0.770913460546
0.772417368586
0.773525110317
0.774541644495
0.775844619413
0.77678596076
0.778370307604
0.779483058107
0.780289872449
0.782240889918
0.783751009567
0.785336571772
0.787160916322
0.789462126648
0.790709908992
0.792808471879
0.794235069585
0.796652064066
0.798076720579
0.799531998661
0.801066118391
0.802737384042
0.805611297656
0.806240327047
0.807302073127
0.809329694342
0.811795165894
0.813007170409
0.815088425144
0.817525473756
0.818396683229
0.821111226233
0.822810505578
0.824360603514
0.826314338152
0.827603101371
0.829262450527
0.830886041565
0.832709681121
0.834799014454
0.83705125992
0.83957215297
0.841440882636
0.842629506318
0.843650454442
0.845369786973
0.847658894394
0.849976872978
0.852018779297
0.855175534731
0.857767476568
0.859790107495
0.863439157197
0.866639287825
0.869075750342
0.870827943172
0.872907886485
0.875854447827
0.878930361833
0.88156253051
0.883136401386
0.886354578049
0.888625573375
0.891535536909
0.893666297892
0.896118709149
0.898684278663
0.901256558388
0.902938062808
0.902962135502
0.906243273494
0.908439203493
0.910996222948
0.914856447827
0.917708070336
0.921374137296
0.924522277464
0.92713155618
0.929182477288
0.931482878855
0.934552300689
0.938188575483
0.941942894499
0.943707829127
0.946188713617
0.948854651383
0.9482074524
0.950201095725
0.95401648124
0.955238792259
0.958682635361
0.960902393898
0.965203333065
0.968606567001
0.9725055988
0.976496998053
0.980698490713
0.985797755588
0.990010154768
0.992093370363
0.994835647029
0.998139708606
1.00176382044
1.00477162013
1.00830112876
1.01167717839
1.01586853368
1.01848047915
1.02234125407
1.02732837636
1.03152881691
1.03624971224
1.04034410714
1.04541271004
1.04951247374
1.05513405219
1.06071561854
1.06509128799
1.06888716442
1.07419718182
1.0780362392
1.08140935805
1.08618936665
1.09064743391
1.09521332428
1.10223582422
1.10466813873
1.10944270731
1.1163745397
1.12308378061
1.12685355719
1.13227162065
1.13859559093
1.14108489407
1.14828732824
1.15445522854
1.15958561626
1.16698465934
1.17023275961
1.17553073749
1.18226174708
1.18709763247
1.19293218627
1.20069860468
1.20551526239
1.21323935726
1.21917260402
1.22495116459
1.23217341004
1.23933583318
1.2450887128
1.24733918704
1.25258668138
1.25957469347
1.27252761237
1.2853262265
1.29018460489
1.29616244463
1.30565466656
1.31649998548
1.32750997218
1.33612174866
1.3448523163
1.35699329712
1.36701351169
1.37547588304
1.38710581773
1.39652888108
1.40685673653
1.4188313454
1.43180009182
1.43796343951
1.4507938281
1.46630378704
1.47816543664
1.48777125838
1.50522836829
1.52004327258
1.54200758359
1.55449877445
1.56494050539
1.58426450629
1.5919893085
1.60647066698
1.62043846116
1.62709073483
1.63762645563
1.6477936448
1.66114975393
1.68323779977
1.70250547321
1.72677130854
1.73521638623
1.76330495262
1.78828810938
1.82108051928
1.84149879594
1.84916653505
1.87457397413
1.89106308057
1.90984058411
1.93877186465
1.98014800657
2.00503496248
2.02851098092
2.0822744196
2.10993230199
2.15183477557
2.20225428324
2.20990529094
2.25358647365
2.28357658023
2.30245841494
2.34279721289
2.41163036707
2.44966568026
2.52731786572
2.57655012207
2.63853634754
2.71918140513
2.77864287569
2.78404388731
2.81861803352
2.73917732148
2.92015659069
2.55083669652
2.294415056