0.254887189445
0.284378760197
0.295391020169
0.303025262721
0.309032935164
0.313810052001
0.317733179575
0.32115713595
0.324145901985
0.326773835852
0.329137517815
0.33129364406
0.333396322661
0.335332360344
0.337045814437
0.338715377972
0.34030818373
0.341795590158
0.343224851337
0.344673580187
0.346050867758
0.347378439429
0.348684950168
0.349849460122
0.351119192115
0.352192507159
0.353376148356
0.354469418097
0.35549592088
0.356452758975
0.357405488344
0.358329134143
0.359246275511
0.360157285185
0.361019161293
0.361938495761
0.36275292651
0.363478146332
0.364343751929
0.36514519673
0.366029061006
0.366914509606
0.367634960526
0.368400015981
0.369292823375
0.370103152699
0.370858534436
0.371589876179
0.372363546167
0.373074629995
0.37379993614
0.374577917109
0.375324087285
0.376062720124
0.37679458394
0.377460670712
0.378167153867
0.378790126146
0.379458640796
0.380158280565
0.380808217488
0.381493863144
0.382157135154
0.382823632906
0.383511221603
0.384108053045
0.384732047544
0.385368575964
0.385990883922
0.386623782175
0.38710063566
0.387684070873
0.388319993654
0.38892027077
0.389529739251
0.390102892938
0.390641275621
0.391163797687
0.39172789709
0.392301476213
0.392860622727
0.393472294248
0.39402523156
0.394533624741
0.395054949735
0.395598898998
0.396081115678
0.396548569528
0.397015327136
0.397592971673
0.398151340325
0.398714485353
0.399227728695
0.399672152622
0.400211433547
0.400605719585
0.401119670283
0.401642277659
0.402138921374
0.402656741016
0.403194136561
0.403716572526
0.404246143168
0.404521227649
0.405021254762
0.40549296571
0.406012433115
0.406415402043
0.406932702432
0.407337145135
0.407826601077
0.408261808026
0.408725908181
0.409197156359
0.409667560705
0.410098377897
0.410526561795
0.411027965597
0.411522716099
0.411966151977
0.412429978038
0.412835553394
0.413308646415
0.413729798949
0.414186576221
0.414559621348
0.414884455149
0.415314070922
0.415741677718
0.416150846721
0.416576603697
0.417138570454
0.417540467828
0.417973325386
0.418397278799
0.418861257135
0.419292267636
0.419673906851
0.420049368462
0.420477703109
0.420842886285
0.421209961942
0.421647217649
0.422110324169
0.42251399701
0.422903019079
0.423270606373
0.423666585973
0.424100529821
0.424563279502
0.425064725671
0.425384065573
0.425778423049
0.426206385681
0.42661725079
0.427000668294
0.427228918694
0.427593446354
0.428026999038
0.428460332387
0.428802030643
0.429143114604
0.429609517893
0.430051471283
0.430433605504
0.430705172933
0.431081902556
0.431435252754
0.431769403545
0.432084315442
0.432505739109
0.432760250902
0.433073265755
0.433457193734
0.433895811574
0.434138083295
0.4344971259
0.434932591279
0.435335181184
0.43568597262
0.436042061895
0.436397255638
0.43678774919
0.437107318932
0.437529990002
0.437921359656
0.438318976395
0.438633279427
0.439022820901
0.439316192522
0.439597741447
0.439904516264
0.440265448912
0.440606879678
0.440923970236
0.44118129556
0.441563468751
0.441871046685
0.442285595366
0.442678770201
0.443081525358
0.443462598216
0.443778788644
0.44418300261
0.444520104593
0.444918785946
0.445242944745
0.445595153362
0.445967486724
0.446300063548
0.446639828072
0.447047086395
0.447388263378
0.447801902954
0.448211178713
0.448637265736
0.448926470116
0.449321071534
0.449608602327
0.450067595336
0.45046875339
0.450835021757
0.451152349583
0.451483837751
0.451671099855
0.451970963805
0.452463842601
0.452824948473
0.453150112735
0.453540911679
0.453899048565
0.454166903589
0.454525696418
0.454932234371
0.455371490801
0.455600694928
0.456032105821
0.456443152125
0.456833080409
0.457214972565
0.45753296411
0.457836914645
0.458284113139
0.458674432279
0.459021379184
0.459324451511
0.459722754277
0.459987782094
0.460319982063
0.460608454852
0.460997981768
0.461390141602
0.461831768087
0.462187925978
0.46254899604
0.462914429785
0.463369527737
0.463705644959
0.464124472014
0.464459348265
0.464854825262
0.465268963197
0.465565651426
0.465983844969
0.46641579913
0.466842779295
0.467204576949
0.467611321487
0.467926938372
0.468263460919
0.468621554217
0.468963696277
0.469333284937
0.469590088013
0.469998610448
0.470363078826
0.470718897953
0.471027628746
0.471448717396
0.471804436192
0.472225578889
0.472698190312
0.473199267015
0.473604318823
0.474049365608
0.474404736399
0.474829599879
0.475268470794
0.475598231925
0.476013930097
0.476433880594
0.476827746338
0.477225538692
0.477587409394
0.477949652458
0.47824037387
0.478550600326
0.478987285961
0.479395825411
0.47979316335
0.480178009374
0.480486747512
0.480713324108
0.481119833752
0.481369944583
0.481655094688
0.481957931245
0.482341834188
0.482749684508
0.483141167648
0.483483316344
0.483951472592
0.484174828226
0.484536827019
0.484835371216
0.485125431043
0.4854141486
0.485873326294
0.48620540027
0.486674953128
0.48694547983
0.487540947552
0.488085881078
0.488645847622
0.489376289726
0.490091200425
0.490701221335
0.491351273391
0.492038757426
0.492695938818
0.493319180857
0.494066280878
0.494483333698
0.495102085187
0.495798010813
0.496186955444
0.496763079543
0.497326138974
0.497847580916
0.49805506683
0.498422715947
0.498764712208
0.499239028825
0.499606714191
0.499889299816
0.500316877593
0.50069984883
0.501012535266
0.501360451507
0.501616498753
0.501951946152
0.502248558309
0.502652040764
0.503067226534
0.503549031351
0.503905644994
0.504336415066
0.504865006536
0.505155753625
0.505550236291
0.505834977328
0.506251131758
0.506634405439
0.506977532114
0.507321197751
0.507640027597
0.50793152889
0.508280529774
0.508616357567
0.50898384642
0.509363105355
0.509692426827
0.510117260916
0.510580576768
0.510883230984
0.511355538246
0.511689744765
0.512091416035
0.512537303194
0.512859251041
0.513195393133
0.51342731337
0.513857732887
0.514264127389
0.514457110237
0.514853854046
0.515265404832
0.515488490608
0.515889625782
0.516272983399
0.516680978314
0.517045844061
0.517341186825
0.517762137722
0.518241154019
0.518530734748
0.518969766104
0.519207130058
0.519420058659
0.51988095393
0.520301021521
0.52062629679
0.521082088149
0.521462608045
0.521874453401
0.522249545021
0.522732923811
0.523112736845
0.523464215882
0.523996466252
0.524400535983
0.524759517794
0.525175492472
0.525675961754
0.526104982355
0.526524050685
0.527093110906
0.527245930615
0.527718145565
0.528136950706
0.528488133798
0.529005995416
0.529641807036
0.529986727814
0.530179550242
0.530575084732
0.530966938581
0.531346998883
0.531846089395
0.532304377097
0.532505739665
0.53297059423
0.53335836459
0.533863125508
0.534268775227
0.534759600025
0.535244363611
0.535773010459
0.536290553698
0.536770484154
0.537182189012
0.537246171817
0.537729525303
0.53816969107
0.538661013242
0.539149953784
0.53954999797
0.539954387775
0.540378404228
0.540352096304
0.540821944598
0.541164385513
0.541691912561
0.542280946661
0.542676899256
0.543132936926
0.543648026576
0.54404434784
0.544606684404
0.545150366113
0.545672227465
0.546110408415
0.546558097719
0.54711332113
0.54763243356
0.54799493652
0.548273424904
0.548891271127
0.549266519558
0.549875483004
0.550290610931
0.550708276397
0.551188292436
0.551665400275
0.55226706803
0.552721265038
0.553171618461
0.553756720526
0.554231519315
0.554830958426
0.55544908041
0.55596053326
0.556649472046
0.557211502747
0.557772566087
0.558376019921
0.558903508626
0.559306585521
0.559585836295
0.559947010271
0.560516979048
0.560995019974
0.561559145774
0.562054959917
0.56255842017
0.562917744586
0.563423644209
0.563988477002
0.564583833798
0.565055970914
0.565646233855
0.566292702172
0.566949071538
0.567394503329
0.567857588283
0.568163951473
0.568840887446
0.569520660256
0.570000771287
0.570229150232
0.570864296699
0.571488794766
0.572140723896
0.572671371394
0.573093031456
0.57347593003
0.573819264678
0.574231630965
0.574796085906
0.575386894211
0.575946241948
0.57648138282
0.576821230551
0.57719002732
0.577480677459
0.577752460682
0.5784147312
0.578990527946
0.579537865103
0.579993451172
0.580311756543
0.580928328497
0.581242326538
0.581812772199
0.582581271345
0.58311352471
0.583419775622
0.583834458919
0.584524978018
0.585221538062
0.585823183198
0.586376219798
0.586968364465
0.587440364165
0.588068503973
0.588361840838
0.589108597403
0.589825192934
0.590103169138
0.590926391277
0.591656984156
0.592443805218
0.593214758607
0.593952307704
0.594399819302
0.59515469979
0.595694776771
0.596582859988
0.596993333484
0.598075926161
0.598530124062
0.599242784841
0.599649149875
0.600406475972
0.601153093091
0.601871981841
0.602164403948
0.603049472601
0.603984476412
0.604809438472
0.605272413736
0.606222084709
0.607177210567
0.607700802053
0.608206211398
0.609278549114
0.610164687591
0.610550517171
0.611402678252
0.612507608657
0.613099651403
0.614044871293
0.6151704274
0.615851246586
0.616354840719
0.617133144406
0.617828933425
0.618583164585
0.619096354905
0.619347801381
0.620128622049
0.620847165409
0.621432828467
0.622277447387
0.622920649451
0.623420351876
0.623928616862
0.624626799583
0.625712081709
0.626893208767
0.627665699688
0.628201413336
0.628877266902
0.629606108297
0.630605121587
0.631185690906
0.632296808375
0.633420566581
0.634263072199
0.634810258402
0.635650481966
0.636786047378
0.637477134691
0.638401339162
0.639169451885
0.640154870209
0.64107416403
0.641809706043
0.64270585268
0.643714502423
0.644562182994
0.64538208176
0.646625920964
0.647059868643
0.647718258461
0.648683052782
0.649571841912
0.650150944505
0.650851921663
0.650773574875
0.651521622114
0.652298803777
0.653176308937
0.654196012999
0.655254040813
0.656286889237
0.65736324463
0.658499143447
0.65956173356
0.660413331827
0.661419341607
0.662339274365
0.663135780091
0.663680015704
0.664549735094
0.665246047834
0.665958830011
0.666851608475
0.667559954548
0.668337699171
0.669178826336
0.669467711475
0.670395510248
0.671102272558
0.67209841722
0.673157302613
0.674338134358
0.675408096435
0.675981173334
0.676882647619
0.677986800044
0.678928074201
0.679100644885
0.679771022371
0.681024723231
0.682032252099
0.683023834913
0.683436828066
0.683300624794
0.684425963884
0.68499512756
0.68617403571
0.687130486947
0.688521501671
0.689532755547
0.690572830516
0.691930050345
0.693323856754
0.694390085706
0.695308598559
0.696320908728
0.697084928728
0.698319898118
0.699523118864
0.700320287583
0.701400805844
0.701800800883
0.702377037045
0.703007870665
0.704225094785
0.705293098061
0.706262557796
0.707295304263
0.708009847079
0.708872586208
0.709882422722
0.711035457461
0.712263650813
0.71329606348
0.713905601666
0.71430983359
0.715425430063
0.716758823266
0.71753730604
0.718221204289
0.71920052916
0.720275323015
0.721668042838
0.722516652074
0.723902952022
0.724312224585
0.724781368971
0.725900603653
0.727128074874
0.728085019928
0.729369418508
0.730559631689
0.731986120589
0.73307336779
0.733759327212
0.734891583802
0.73602762285
0.737245681185
0.737994883416
0.738978885523
0.740117867091
0.741159013027
0.742269754349
0.743262505463
0.744239793983
0.745203082007
0.746209213379
0.747221807189
0.74791299234
0.7487251701
0.749932422536
0.751500226487
0.75282059346
0.753880586145
0.755056695542
0.756347179619
0.757333977668
0.758457808115
0.759635790026
0.760538759341
0.761465448823
0.762932771344
0.764160672606
0.765673897361
0.767215852548
0.768955353959
0.770250871653
0.771342595943
0.77237014021
0.773548003593
0.774979606416
0.775673937768
0.777837413027
0.779393982458
0.780965384923
0.782247432887
0.783477859273
0.784614720682
0.785842527935
0.787323607409
0.786652441446
0.788091806921
0.789670017442
0.791996547386
0.793288197596
0.79440091235
0.795733559403
0.797351886498
0.799227616061
0.800609735561
0.801332310208
0.802669170195
0.804627381066
0.806014465728
0.808045244383
0.809945102649
0.811676135402
0.813929101664
0.815383761922
0.817199126344
0.819174378498
0.821226788682
0.822720699258
0.824715761879
0.827031986144
0.829035238364
0.831527001117
0.833775226169
0.834470027692
0.836248103436
0.838181303282
0.839645339755
0.841593483303
0.843378522738
0.845672080318
0.84748398647
0.84844197325
0.850509871513
0.852777632696
0.855263053239
0.857327064699
0.859351445621
0.861589741422
0.863227742141
0.864815645045
0.866781504126
0.868845137528
0.870745947892
0.872930782496
0.874092526425
0.876558265755
0.879441192049
0.881960567523
0.883284347983
0.885353438521
0.886489712517
0.888543510492
0.890871969044
0.892822842423
0.895041962426
0.898111928343
0.901136646644
0.903711714626
0.907066831729
0.909722648042
0.91306671748
0.914768583124
0.916270793557
0.918670506998
0.92201328077
0.923401459928
0.926474232576
0.929837647902
0.932417654545
0.935063981027
0.937594863975
0.939899944616
0.941910954688
0.944876935262
0.946796553873
0.948540004174
0.950343141365
0.953927210811
0.956768437326
0.959558559051
0.961332919983
0.964717887092
0.966452455695
0.968166425163
0.971945263469
0.975642620908
0.979134837322
0.982611665871
0.986393683774
0.989581338476
0.992437401881
0.997659981868
1.00129120858
1.00496994889
1.00675881883
1.01004652111
1.01355393359
1.01839521182
1.01906890308
1.02257570168
1.02679865171
1.02901897367
1.03312035564
1.03718817503
1.04188779869
1.04412728975
1.04652105696
1.0517367923
1.05792698987
1.06252655771
1.06623920423
1.07035696742
1.07381920956
1.0780056423
1.08362356769
1.08903680192
1.09196349286
1.09562121788
1.09882369491
1.10267968246
1.10711267299
1.11301031505
1.11371468686
1.11807572279
1.12145079632
1.12772578751
1.13254454267
1.13697609243
1.14161213679
1.14762177366
1.15321724148
1.16075110471
1.1640416738
1.17078731067
1.17495535997
1.17832111459
1.17735217363
1.18463201682
1.18862155993
1.19682958196
1.20161037573
1.2114116287
1.21742817318
1.22134735906
1.22882187809
1.23489868662
1.24214898346
1.24826131346
1.25781763949
1.26413715132
1.27148624197
1.28025121125
1.28461957072
1.289926336
1.30188500691
1.31328993052
1.32049592046
1.33162851209
1.34141408456
1.34876218025
1.35923651023
1.36472666571
1.37620053017
1.38512233962
1.39589323123
1.39502377446
1.40658761491
1.42120522378
1.43175431599
1.44193710627
1.45561799192
1.46694760053
1.47841575278
1.48354287437
1.49820313423
1.51272404062
1.52694806867
1.541124613
1.55455641967
1.56759114927
1.57413375921
1.5887176373
1.60597736594
1.61725136502
1.63476857618
1.65175668754
1.66846870353
1.68244284734
1.69285304348
1.70504111017
1.71937814623
1.74210769327
1.75542315927
1.78363034907
1.8092869661
1.82107869829
1.85181900233
1.86917467534
1.88448108709
1.90700624395
1.91809116631
1.94904377758
1.96832749416
1.99381153037
1.9912451683
2.03398300906
2.07141002768
2.10874368273
2.13479694462
2.17444058265
2.23911266433
2.27437953971
2.30868909839
2.38603460219
2.42406433884
2.47875098712
2.51598715454
2.5685213101
2.59212338229
2.64576912854
2.63339151584
2.71841956874
2.73988520906
2.78320003505
2.77513658741
2.73661623697
2.63826922735
2.49138039747
2.1852292014
2.14321201059