0.254887131551
0.283941734165
0.297117328233
0.305215914993
0.311139007828
0.31584736214
0.319830321838
0.323185449748
0.326127129201
0.328814407278
0.331230899328
0.333468445864
0.335569152282
0.337489855152
0.339308291712
0.341038740585
0.342610484005
0.344204470276
0.345662177723
0.347110282537
0.348488053585
0.349801262517
0.351102685316
0.352313963928
0.353499176717
0.354618964374
0.355693282264
0.356762013425
0.35776043452
0.358784119739
0.359752193671
0.360743794082
0.361684156454
0.362645069736
0.363541822121
0.364448282882
0.365323463068
0.366219042577
0.367026056429
0.367869555266
0.368651797984
0.369471765664
0.370261493766
0.371019297279
0.371787673734
0.372555989526
0.373294303299
0.374040831246
0.374765812134
0.375476662941
0.376212456545
0.376927995342
0.377635736116
0.378323456392
0.379003647408
0.379678078745
0.380366958656
0.380981404125
0.381617449924
0.382272634866
0.382903286901
0.383508498896
0.384159356395
0.384776428869
0.385354637418
0.385960247852
0.386567380272
0.387166197743
0.387786552337
0.388363948436
0.388953615729
0.389507131678
0.39012468154
0.3906862165
0.391222563724
0.391788084261
0.392362116272
0.392943110225
0.393459889391
0.3940141082
0.394575449913
0.395099240505
0.395579424252
0.39613319578
0.396694800608
0.397260648849
0.397822944256
0.398366540768
0.398895714787
0.399473084236
0.400028448224
0.400513891057
0.401019043155
0.401530652993
0.402037843973
0.402529391142
0.403039461374
0.403552439073
0.404048520667
0.404530148098
0.404993623092
0.405484141418
0.405978331708
0.406467202947
0.406952292436
0.407460762944
0.407949664815
0.408444612013
0.408899069775
0.409377041591
0.40981883191
0.410264038833
0.410713995222
0.411176078299
0.41166085938
0.412076246356
0.41252619395
0.412942385265
0.413437295126
0.413915842676
0.414291405245
0.41476164285
0.415161715859
0.415625920695
0.416103161504
0.416542361917
0.416987931592
0.41739155669
0.417858200042
0.418302663983
0.418727321764
0.419157679329
0.419584543697
0.420045510276
0.420486540587
0.420944592657
0.42137545001
0.421830257241
0.422264855473
0.422700040903
0.423132273007
0.423567655864
0.423997845944
0.424435787077
0.424814591513
0.425223349494
0.4256434189
0.426082901063
0.426539130319
0.426978742304
0.427387117975
0.427830955338
0.428234122272
0.428640227138
0.429083567241
0.429513333811
0.429945211208
0.430349240477
0.430780755039
0.431206224376
0.431637662187
0.4320334638
0.43243107054
0.432867680487
0.433288659858
0.43370850664
0.434121328343
0.434583248893
0.43499163821
0.435434264503
0.435801796242
0.436246915828
0.4365719831
0.43700381281
0.437421830642
0.437828256641
0.438156594309
0.43856085575
0.4389797628
0.439359345743
0.439756907288
0.440196041774
0.440606246194
0.440976497698
0.441393873272
0.441799134153
0.442180494463
0.442591776278
0.443001445156
0.443387141655
0.443822064448
0.444209528997
0.4445472741
0.444919567265
0.445291591558
0.445639824125
0.446051468309
0.446468663153
0.446862840908
0.447250745336
0.44766480865
0.448047712992
0.448470255748
0.448917630031
0.449372151695
0.449759744611
0.450174116544
0.450597230913
0.450930120404
0.451336347277
0.451692953883
0.452106640714
0.452512165103
0.452887195019
0.453273758603
0.453622778098
0.454015661048
0.454373768052
0.454777540513
0.455198056038
0.455557598724
0.455954917972
0.456407231144
0.456786556943
0.457165825396
0.457552949227
0.457927807023
0.458252589554
0.458611992684
0.459056848124
0.459427903769
0.459830275281
0.460218631812
0.460581340429
0.461001192944
0.461404699765
0.461749439636
0.462158892246
0.462576526399
0.463012946135
0.463375944423
0.463743511668
0.464190857414
0.464570687491
0.464945378628
0.465373628584
0.465679127068
0.46604802108
0.466444277242
0.466804873107
0.467216300325
0.467706751921
0.468114235781
0.468469818417
0.468866922874
0.469247079449
0.469624071571
0.469996968285
0.470371333477
0.470782434378
0.471113998173
0.471516544829
0.471927026914
0.472325394134
0.472684765371
0.473079292839
0.473437493324
0.473881385824
0.474286012773
0.474701618881
0.475149210337
0.475589381534
0.47599394308
0.476409157237
0.476842397167
0.477241401217
0.477659061235
0.478052312457
0.47846868716
0.47889397736
0.479307469154
0.479738961682
0.480117574052
0.480520208231
0.480886230858
0.481352671058
0.481778290275
0.482268078679
0.482663080863
0.483069293907
0.483466498477
0.483860730525
0.484265785955
0.484652727302
0.485068418193
0.485464699671
0.48586396745
0.486300475286
0.486673174423
0.487044428375
0.487484743465
0.487929563027
0.488328779101
0.488651970174
0.489040528383
0.489471636615
0.489807089104
0.490204871251
0.490551255879
0.490943094497
0.49132340067
0.491787897774
0.492063190297
0.492491616299
0.492875014832
0.493302348409
0.493732296562
0.49408217891
0.494497028527
0.494873447546
0.49530660347
0.495670001743
0.49599742171
0.496477635378
0.496899158166
0.49731522498
0.497670836263
0.498104021991
0.498483567684
0.498867788465
0.499204890924
0.499596711928
0.500050236157
0.500479773267
0.50089445886
0.501361177922
0.501808610332
0.50217693791
0.502598112164
0.503035980514
0.503375584057
0.503804400285
0.504210947145
0.504567880238
0.504923568754
0.505387697177
0.505807534586
0.506214671191
0.506658471011
0.507125870102
0.507538466124
0.507923852296
0.508374635683
0.508789402012
0.509218863669
0.509650660102
0.510092170183
0.510503708627
0.510919215352
0.511344364302
0.511747870714
0.512212414694
0.512553135401
0.513052586492
0.513445898937
0.513866391539
0.514274808291
0.51466340713
0.515044030752
0.515490846233
0.515923859804
0.516312628241
0.516604294175
0.517050582897
0.517471068802
0.517915428608
0.518365751632
0.518823243106
0.519256570142
0.519698281474
0.520106680865
0.520594932535
0.520897381989
0.52135180579
0.521877966839
0.522340862995
0.522689543959
0.523193164166
0.523610497205
0.52404830784
0.524505033027
0.524853929056
0.525256064407
0.525694695434
0.526105457133
0.526597800677
0.527121945179
0.527551583492
0.52795470702
0.528412451552
0.528901713506
0.529411819341
0.529829996651
0.530274377062
0.530600243712
0.531056900839
0.531515809519
0.531896879074
0.532398283989
0.532828349568
0.533355894044
0.533925056608
0.534395910605
0.534771669649
0.535266707564
0.535639045954
0.536103726953
0.536560843409
0.537020179534
0.537565162755
0.538042804307
0.538565958733
0.538990611524
0.539563748042
0.540016732447
0.540500459009
0.541022109587
0.541507686768
0.541986335616
0.542502388262
0.543049588356
0.543501018992
0.544041074215
0.544514818711
0.545002256021
0.545468236508
0.546053245159
0.546542596573
0.546990004339
0.547507198004
0.548008408635
0.548460851939
0.548931060127
0.549286928065
0.54979687589
0.550290287617
0.550776650204
0.551268540955
0.551792204183
0.552272403664
0.552805895665
0.553361311916
0.553862330739
0.554501820443
0.555018413913
0.555486607623
0.555954934178
0.5564890405
0.556947607571
0.5574722133
0.557955992442
0.558477075406
0.55908833706
0.559664723301
0.56021268503
0.560792663514
0.561281339065
0.56186234394
0.562361534127
0.562956497605
0.563564492652
0.564090161705
0.564583025516
0.565051049566
0.565476627597
0.566056640325
0.566592218379
0.567025048757
0.567505844388
0.568067102316
0.56857000757
0.568982808959
0.569547306794
0.570100961568
0.570704704706
0.571235382495
0.571818958143
0.572357306313
0.572879411288
0.5733908905
0.573932835856
0.574489999521
0.574970458963
0.575582983997
0.576171640092
0.576630601162
0.577190412089
0.577729101125
0.578312249367
0.578891963549
0.579512952767
0.580062428342
0.580635614208
0.581225979167
0.581711392704
0.582314882197
0.582870914595
0.583471591221
0.584058148919
0.58463660375
0.585250980615
0.585937703586
0.586402132607
0.587011533315
0.587617391919
0.588226578283
0.588821823725
0.589471284841
0.590080095861
0.590704223564
0.591128709527
0.59168130981
0.592102009194
0.592867780889
0.593607514898
0.594131242281
0.594750075131
0.595407547466
0.596050215148
0.596622690054
0.59735399817
0.598070121901
0.598648578563
0.599397074916
0.600011689301
0.600752853489
0.60128937047
0.602024238312
0.602533023462
0.603125955912
0.603840307398
0.604349801813
0.604891975043
0.605536827048
0.606233898564
0.606902395305
0.607686759798
0.608486163836
0.609154717858
0.609802436633
0.61057211506
0.611227641195
0.611819863583
0.612567795665
0.613250968185
0.613971598609
0.614755874899
0.615459648645
0.616000085913
0.616600015953
0.617328930564
0.618099223068
0.618867723973
0.619537118988
0.620154384976
0.620928753705
0.621722662403
0.622336676073
0.622990810479
0.62361984346
0.624326664308
0.624949150741
0.625579802532
0.626418112928
0.627215015369
0.627940761268
0.628630422518
0.62930958534
0.630130688757
0.630756871279
0.631573495101
0.632100087564
0.632749301857
0.633579862986
0.634324739884
0.635072142291
0.635969216303
0.636593890385
0.637418390932
0.638159817722
0.638843740874
0.639703115676
0.640410107809
0.641220998233
0.642083607592
0.642826432222
0.643570345849
0.644343065639
0.645163572929
0.645949809311
0.646711941968
0.647286451668
0.648005266475
0.648722422
0.649317347886
0.650184196229
0.650936793073
0.651619885342
0.652289644818
0.653040821389
0.653962091563
0.654819518047
0.655531534492
0.656324410943
0.657222576087
0.657831451743
0.658830825021
0.659730342955
0.660698985536
0.661481859642
0.66257052932
0.663499210974
0.66435179889
0.665108395302
0.665913919338
0.666594095569
0.667567135233
0.668409784659
0.66906360899
0.670170518058
0.671154780232
0.672041987301
0.672794620493
0.67367841365
0.674556668952
0.675451383558
0.67646453508
0.677359918077
0.678268668357
0.679143103918
0.6799988489
0.680926990748
0.681681690488
0.682746441276
0.683835039982
0.685024238824
0.685755023652
0.686850108093
0.687803047616
0.688941839202
0.690011768642
0.690888387846
0.691799826311
0.692747170845
0.693524286846
0.694624327282
0.695643440909
0.696662142404
0.697591340675
0.698691436804
0.699696805401
0.700481390109
0.701423088088
0.702451377484
0.703345002958
0.704406656906
0.705467810436
0.706357215026
0.707431088764
0.70837086358
0.709492290711
0.710527715898
0.711480113645
0.712199523206
0.713287885573
0.714416207473
0.715244395641
0.716209356215
0.716921091119
0.717714765199
0.71855885983
0.719670475623
0.720570558233
0.721865346967
0.722804556579
0.723959035025
0.725064966238
0.726163775302
0.727221872493
0.728175657835
0.729289298876
0.730568504505
0.731779849131
0.732890050443
0.734180688195
0.735174136743
0.736162248608
0.737235291008
0.738324623753
0.739258330274
0.740612063498
0.741749987133
0.743173963585
0.744382937782
0.745435756479
0.746731119213
0.747850437196
0.749055261703
0.750387163731
0.751487060889
0.752870979753
0.754043016205
0.75533861323
0.75625528831
0.757685433565
0.75890956893
0.760083822075
0.761473815416
0.762685782785
0.764187613749
0.765543526131
0.766768100299
0.767935534288
0.768900330813
0.770164891539
0.771922607521
0.773085923747
0.774598696119
0.776123873409
0.777355007253
0.778935946715
0.780383492363
0.781784578704
0.783281008356
0.784883274138
0.786307858802
0.787621424585
0.789418202405
0.790797999803
0.792573537396
0.793791767672
0.79517284552
0.796581825713
0.79833109857
0.799668537686
0.801365505624
0.802884568935
0.804571400921
0.806371072521
0.808162698532
0.809648350278
0.811351656292
0.81299762901
0.814182934449
0.81588268394
0.817054829892
0.818395001469
0.819736392456
0.82127367191
0.823152255188
0.824530135689
0.826221633924
0.827854651088
0.829362118303
0.831130702181
0.833018394288
0.83498723953
0.836865684062
0.838332558601
0.84018499903
0.841817659467
0.843757568922
0.845545767975
0.847063669096
0.849271824654
0.85032616233
0.852264663082
0.854040787111
0.855901648653
0.857831689215
0.859598722322
0.861549791164
0.863683164973
0.865575516073
0.867388209729
0.869414864404
0.871735692219
0.873805662294
0.875895696669
0.877736773394
0.879072187808
0.881338455037
0.883587044319
0.885994069394
0.888051750417
0.890603195015
0.892630200777
0.894728430227
0.896829733723
0.898696782922
0.900686656313
0.902864924367
0.905105035881
0.90780597828
0.910177449718
0.910791932994
0.912926993064
0.9154361516
0.917790743416
0.920304531185
0.922638372779
0.924692670254
0.926894771079
0.928349577176
0.931450095729
0.933901989286
0.936406517006
0.939324482344
0.9421467761
0.944183799509
0.947349686394
0.950143278898
0.952801355002
0.955801331884
0.95887503238
0.961182312235
0.963427292039
0.965406835531
0.967457711994
0.970799046873
0.973223021427
0.975933281283
0.978709471771
0.981554995179
0.984432580195
0.987526710076
0.990909057741
0.993691747599
0.996274595391
0.999635533667
1.00255781731
1.00579406947
1.00808173421
1.01100092671
1.01398848609
1.01720150758
1.01998986348
1.02332496004
1.02705068174
1.02986206916
1.03386211903
1.03695777966
1.03986072785
1.04342864567
1.04653878075
1.04979501094
1.05341894752
1.05644097822
1.05951899391
1.06367020998
1.06708989405
1.07045977847
1.07339515211
1.07618246303
1.0792932317
1.08264289168
1.08661076562
1.09100815763
1.09454443373
1.09840074804
1.10371482941
1.1072251771
1.11119710579
1.1157780992
1.12010548599
1.12396904887
1.12799965997
1.13318680963
1.13727669507
1.14051074205
1.14480521251
1.14954017454
1.15414822328
1.15795233054
1.16319482162
1.16753736026
1.17194342022
1.17677332447
1.18216137801
1.18790117723
1.19244606879
1.1980930878
1.20465353649
1.21039526561
1.21735954691
1.2236309779
1.23101187524
1.23834267614
1.24474040475
1.24981832897
1.25660633746
1.26305825855
1.27061370819
1.27742344056
1.28402013791
1.28915265802
1.29839306666
1.30554052465
1.31225075553
1.32007455722
1.32764427628
1.33369056184
1.34113224719
1.346581158
1.35456321208
1.36079294708
1.37063680079
1.37827388926
1.38591917886
1.39365152204
1.4023564311
1.40976704886
1.41863096463
1.42731217427
1.43495487393
1.44300498844
1.45258021211
1.46018679435
1.47060109852
1.48178694048
1.49114890235
1.50206268326
1.51288347651
1.52080861542
1.5286147508
1.54070538508
1.54987493756
1.55997163214
1.57012843601
1.58212168113
1.59796056492
1.60909254235
1.62217493964
1.63381196449
1.64655229091
1.65638092326
1.6736026322
1.68418860107
1.69650220116
1.71402128768
1.72716130324
1.74487758531
1.75923935508
1.77974839555
1.79468191331
1.81010768671
1.8279654645
1.84511856797
1.86261926488
1.88258436441
1.8995665211
1.91472432295
1.93538985616
1.94817266735
1.96654336387
1.98025126265
1.99923670564
2.01423248798
2.02901363621
2.05200459153
2.07355125437
2.09392271212
2.12427026357
2.15246742595
2.17762913754
2.20183664901
2.21423853393
2.24963212986
2.27971753594
2.31041558757
2.32748215915
2.35553119197
2.37032118256
2.39523259967
2.43597942011
2.46673523618
2.50178765734
2.49835337205
2.51685057578
2.56130643294
2.57490513498
2.57420242142
2.54135945753
2.51477921298
2.45930135401
2.34350759387
2.13966441066
1.91173009227
1.47250688552
0.932402871485