0.254887135176
0.288918089758
0.300207156513
0.308504581882
0.314508739682
0.319220055315
0.323295307907
0.326739531008
0.329707887168
0.332471988928
0.334945490649
0.337314618897
0.339592326189
0.34156352688
0.343461680851
0.345292613812
0.346869607465
0.34863305082
0.350001480747
0.351535364802
0.352981237254
0.354217946878
0.355609407434
0.356866212236
0.358063760412
0.359223141316
0.360324571919
0.361367476192
0.362276566302
0.363397512051
0.364409837073
0.36551186076
0.366563391035
0.367594991223
0.368608475494
0.369517200256
0.370419727464
0.371287396847
0.372027478371
0.372908705991
0.373747875342
0.374581249632
0.375434775566
0.376216614762
0.377003363415
0.377795104512
0.378633749311
0.379391962598
0.380197042483
0.380938621183
0.381679690686
0.382441641245
0.383217157404
0.383971894546
0.38472003386
0.385453831866
0.386174565623
0.386853037036
0.387461437505
0.388249062984
0.388910899603
0.389617616903
0.390334256363
0.391011459184
0.391654747528
0.392350014133
0.393060212909
0.393659711742
0.394355337155
0.394823136439
0.395471555581
0.396102545826
0.396687530837
0.397300783026
0.397755145922
0.398503013252
0.399121869779
0.399738437101
0.40037876396
0.400964763276
0.401535463438
0.402120570626
0.402535425776
0.403073239395
0.403700844265
0.40431241537
0.404903312529
0.405513898296
0.406025134871
0.406645735607
0.407265620469
0.407821301824
0.408326000165
0.408883539648
0.409442159572
0.409940132978
0.410460295495
0.410981385269
0.411605751133
0.412180717732
0.412604115114
0.41316969028
0.413639968015
0.414145513681
0.414648396854
0.415258869371
0.415847698433
0.416341280425
0.416944623615
0.417452370356
0.417952272644
0.418517977265
0.418970146509
0.419488482303
0.419939985729
0.420384627226
0.420902961453
0.421352395167
0.421909624324
0.42245237833
0.422805116256
0.423293531398
0.423793356318
0.424304839591
0.424834149178
0.425283294303
0.425806958263
0.426292128218
0.426779337666
0.427346764341
0.427808377743
0.428347287669
0.42881526927
0.429318120281
0.429812532388
0.430291450982
0.430760554742
0.431232791533
0.431707629733
0.432187675874
0.432674116654
0.43315195124
0.433658426032
0.434122114684
0.434499561387
0.434861491213
0.435272596419
0.435710960979
0.436193183653
0.436687220173
0.437223367195
0.437734718591
0.438181330917
0.438540494435
0.439014265316
0.439561629827
0.440051006493
0.440538633622
0.441015660503
0.441467387377
0.441918192445
0.442317003122
0.442669134982
0.443142858787
0.443562366236
0.44398922875
0.444349736259
0.444844788942
0.445322968266
0.4458763479
0.446318162607
0.446810869922
0.447250458191
0.447724845204
0.448081637443
0.448606165792
0.448762825611
0.449217552931
0.449641349175
0.450083765485
0.450477297713
0.450737898823
0.451243349522
0.451631379816
0.452071109646
0.452494545793
0.452784462997
0.453249996222
0.453579640593
0.454040196272
0.454492474922
0.454891613038
0.455201151613
0.455528505968
0.456083287758
0.456344393346
0.456725812559
0.45715524403
0.45757200055
0.458081890389
0.458510803691
0.45893451451
0.459543263692
0.460041433614
0.460516447344
0.460846347357
0.461311823213
0.461804667696
0.461999837973
0.462503135092
0.462933148183
0.463388106976
0.463803420125
0.464253474218
0.464640329561
0.465052734033
0.465469203231
0.465827901374
0.466221096203
0.466708820888
0.467147657454
0.467700951878
0.468196856892
0.468573601446
0.468913451765
0.469422054662
0.469842351181
0.470139251861
0.470530911313
0.471005307295
0.471473040252
0.472015644871
0.472535027309
0.473027461546
0.473441046582
0.473889210448
0.474259887176
0.474722379025
0.47517475445
0.475597791285
0.476044063483
0.476458419927
0.476981859774
0.47728128588
0.477740305591
0.478166700128
0.478618772127
0.478863469056
0.47933135883
0.479466712773
0.479988431587
0.480529152404
0.480901705458
0.481141854559
0.481600161493
0.481921158813
0.482356224604
0.482769246344
0.483227460366
0.483681779086
0.483971229133
0.48438282591
0.484898135045
0.485352420192
0.485733067264
0.486165916564
0.48642047521
0.486860685583
0.487346674192
0.487812971657
0.488294606845
0.488714342811
0.489161981835
0.489684015104
0.490091189611
0.490519590124
0.490935561293
0.491241875459
0.491554997796
0.492084018494
0.492454742214
0.492933993008
0.49327272987
0.493777909464
0.493988996712
0.494543783283
0.495038451201
0.495576212131
0.496108200696
0.496411224331
0.496862714528
0.497278805324
0.497671891728
0.498163223819
0.498689956074
0.499168495381
0.499607796808
0.500080419421
0.500540932002
0.501048113003
0.501481139959
0.501915389749
0.50243038047
0.502849005105
0.503364110269
0.50374966838
0.503992430699
0.504432997671
0.504942875164
0.505442821454
0.505951086495
0.506469837977
0.506832369257
0.5071985728
0.507693111264
0.508163418618
0.508670461886
0.508891017703
0.509399268423
0.509865085859
0.510346871333
0.51060532745
0.510811973087
0.511368256244
0.511850067955
0.51235718769
0.512928596913
0.513339117686
0.51367792613
0.514187457138
0.514652669449
0.514955687344
0.51547213344
0.515896221979
0.516321133594
0.51685342456
0.517386408378
0.517777430847
0.518281163662
0.518804839666
0.519346477132
0.519775342982
0.520277712262
0.520572170435
0.521070631013
0.521498140175
0.522018513044
0.522640867466
0.523031096031
0.523604662585
0.52393640296
0.524243540343
0.524819367901
0.525307189363
0.525738910846
0.526278427537
0.5266357713
0.527086546891
0.527480785302
0.5278139183
0.528059650281
0.528684591264
0.529126967117
0.529531402628
0.529918659725
0.53044429906
0.530911923993
0.531290232649
0.531779659404
0.532339106762
0.532858411419
0.533244003109
0.53372201237
0.534287518088
0.534698232593
0.53511288531
0.535629982035
0.536119821761
0.536578207485
0.537022144426
0.537555138926
0.538175232163
0.538691479582
0.539153961683
0.539652779243
0.540053918019
0.540622277511
0.541265930805
0.541514545977
0.542016857366
0.542528145442
0.54270648226
0.543216876352
0.543830458115
0.544370248863
0.544707454768
0.545090566808
0.545508727396
0.545951323084
0.546609799239
0.547127899103
0.547722586066
0.5482062868
0.548849676149
0.549308516633
0.54983497641
0.550394852845
0.550924664967
0.551349975914
0.551716257041
0.552336653107
0.552918886457
0.553526184835
0.554029906906
0.554574045293
0.554865260021
0.555444859255
0.555867191196
0.556319456799
0.556919184474
0.557582822745
0.558149293622
0.558627776199
0.559236637534
0.559714305851
0.560124497089
0.560788667902
0.561481137745
0.561786549803
0.562371261665
0.563023507122
0.563628699051
0.564365408403
0.564796476899
0.56523014406
0.565819765838
0.566382850841
0.566906556999
0.567207340629
0.567714132718
0.568448103444
0.568893848982
0.569597269358
0.569950117981
0.570555136555
0.571010933293
0.571619129675
0.571884250685
0.572363434803
0.572941342966
0.573606983191
0.574119126736
0.574531091789
0.575258012609
0.575889702563
0.57637491033
0.576939905605
0.577512961437
0.578047766228
0.578808137931
0.579204830985
0.579892565317
0.580443757972
0.580948172862
0.58145063956
0.582098982989
0.582690094039
0.583320104301
0.58403506848
0.584793955401
0.585468063122
0.58586880436
0.586287529161
0.586847133462
0.587277089611
0.587946765967
0.588545870738
0.589022817445
0.589688223984
0.590293536797
0.590811409837
0.59129383335
0.591892258958
0.59254220667
0.592969103897
0.593691528494
0.594043532184
0.594834585254
0.595476691145
0.595909342412
0.596341801133
0.596958084512
0.597288450979
0.598038314198
0.598644970237
0.599212208621
0.599843775619
0.600494233588
0.601099937251
0.601602974866
0.602501284286
0.603136786252
0.603825236157
0.604717825127
0.605241924949
0.605834852252
0.606488974255
0.607290678467
0.607677458133
0.60822641762
0.608866711621
0.609722290259
0.610190956305
0.61073048754
0.611550924951
0.612163014522
0.612952888166
0.61373335835
0.614493110357
0.615128241573
0.615151246705
0.615843142831
0.616187428777
0.616905576207
0.617753245439
0.618335706747
0.618836998467
0.61949842241
0.620330035291
0.62096888055
0.621819376804
0.622412668642
0.622758036749
0.623685089077
0.624282533099
0.62509184066
0.625614901139
0.626210895734
0.62644518504
0.626904490052
0.627480075326
0.628183796428
0.628907645393
0.630005787711
0.630901833496
0.631416509668
0.632448259544
0.633498566639
0.634414222955
0.635178201202
0.636107049947
0.636830079027
0.637218486022
0.638083673522
0.638581410617
0.639378877156
0.640434325181
0.64112072033
0.641379382364
0.641751596753
0.642222382849
0.643133062892
0.643977726145
0.644535534641
0.64505639249
0.645740311149
0.646787536685
0.647532475886
0.648276183705
0.648961007743
0.649527757553
0.650078033349
0.65084424335
0.651705246284
0.652646353671
0.653360396712
0.654127000326
0.655014394445
0.655735877905
0.6561178785
0.657004627841
0.657579497115
0.658185772784
0.659083532689
0.659734541693
0.660661539974
0.661450768464
0.662367805037
0.663537390362
0.663985208053
0.664668691396
0.665670107964
0.666307412915
0.667038701188
0.668400186804
0.669250536191
0.669933231809
0.67072568132
0.671620639915
0.672372676134
0.673286953747
0.673531062873
0.674675013335
0.675729137716
0.676339313856
0.676731540109
0.67752800747
0.678418454016
0.67932362968
0.680301932075
0.681420685367
0.682046092657
0.682763511982
0.683702287112
0.684455767317
0.68525127856
0.686359706578
0.687590587024
0.688641206554
0.689522501338
0.690553489394
0.691339326374
0.692321437961
0.693284100479
0.694373895202
0.695243987333
0.696552268917
0.696976065374
0.697452906215
0.698785827438
0.699835167693
0.701023454828
0.702080179578
0.703073209374
0.703892559843
0.704737275094
0.706012216807
0.706843310668
0.7084833275
0.709125964244
0.710124407787
0.711187905549
0.712207164982
0.713324543879
0.714748666505
0.715844813573
0.71621132923
0.717588918363
0.718590815107
0.719948962056
0.721445414574
0.721937437264
0.723037912454
0.723434256494
0.72453707015
0.725615523753
0.726759901001
0.727476505531
0.7289185958
0.730387541415
0.731196195885
0.731507203114
0.732382433112
0.733283273024
0.734241599158
0.735027290302
0.736893014736
0.737111225556
0.737956486154
0.738814553579
0.740350471984
0.741430496728
0.742394012871
0.743345259809
0.744290254958
0.745512676634
0.74669451698
0.747331640905
0.748300511381
0.748960572159
0.749691709613
0.750955181562
0.752102004391
0.753862069454
0.754749606628
0.75641449876
0.757939841159
0.758840675778
0.75966253238
0.760143505438
0.761187929106
0.762806241525
0.764403492227
0.765214828978
0.767041920157
0.768103835948
0.768151503944
0.769227597092
0.7706849412
0.771869268336
0.773109354574
0.774312168339
0.775585769969
0.776418286016
0.777554760566
0.778257537965
0.779834335533
0.781012411439
0.782792372461
0.784064328895
0.785242293365
0.786629857894
0.788159051821
0.789193011777
0.790932891036
0.792044183245
0.793377262684
0.795151151411
0.79707411386
0.798407290496
0.799651233573
0.80097975139
0.80225679934
0.803616788996
0.805471613453
0.807035713196
0.808864398122
0.810914672145
0.812399340231
0.813790722954
0.81581455379
0.816547908926
0.817709842334
0.819013730743
0.820339733347
0.822487069489
0.824408096368
0.826078667284
0.827792644987
0.829779735013
0.829239165969
0.83084454999
0.831635608533
0.83258810315
0.833631109568
0.835999959339
0.837499837444
0.8395303346
0.841097126366
0.843125866744
0.844606119481
0.84681697821
0.849230686429
0.850882110126
0.853144253671
0.855467840004
0.856403862425
0.857651282289
0.858112250067
0.859682647545
0.860337329006
0.861288460433
0.863805741809
0.865451019526
0.866980683724
0.869287062073
0.870901603061
0.873340286778
0.875766679842
0.877634997462
0.879745128314
0.88187809709
0.883517653449
0.884852358535
0.887386755968
0.888645440183
0.889602708597
0.891296654168
0.893154098809
0.895206101688
0.897563315321
0.900112702208
0.902089058072
0.903621773339
0.906114491245
0.90868826379
0.911962129467
0.913894961339
0.916413649669
0.918976404541
0.920118591256
0.924049109643
0.926080261625
0.928541292491
0.931378945582
0.934529742426
0.938236338756
0.94128480224
0.942372992939
0.94505197999
0.948039852879
0.951062282148
0.953384737792
0.956041850431
0.958588070639
0.956406046517
0.95909190571
0.961970528803
0.96516179213
0.968439066081
0.972220644403
0.974512930196
0.976704139653
0.979215230694
0.982133240503
0.984917000408
0.987502044719
0.99113175217
0.992923151536
0.994822781254
0.998287469818
1.00147485112
1.0034292315
1.00641045712
1.00996416304
1.01180179325
1.01421271444
1.01605720605
1.01412886368
1.0171574212
1.01855103956
1.02255678965
1.02631104401
1.02954873266
1.03397476121
1.03565380423
1.03836908353
1.04039093331
1.04292163704
1.04631133717
1.04926341653
1.05305617093
1.05749990154
1.06163895064
1.06453739887
1.06817960748
1.07095235866
1.07470895727
1.07754996559
1.08127952688
1.08521829521
1.08782049152
1.09068507503
1.0938071549
1.09829277069
1.10395900715
1.1074171846
1.11115349224
1.11404945809
1.11722569882
1.11985784327
1.12408294103
1.12769955785
1.12910682557
1.13455851032
1.13674409048
1.14254836744
1.14672521993
1.14958351962
1.15286954806
1.16041389931
1.16363984194
1.16666864887
1.17140071281
1.17471189727
1.17948474107
1.18325725252
1.19132966462
1.19684438422
1.19973472139
1.20258661279
1.20668111154
1.2100592218
1.21643332702
1.22183317002
1.22633959756
1.2299695552
1.23661350703
1.24072597546
1.25032185172
1.25555892045
1.26433420027
1.26997808458
1.27649796317
1.28459443334
1.29099599554
1.29884774632
1.30581761188
1.31297849122
1.31849926701
1.32382722791
1.33147645684
1.3416312877
1.35007375845
1.35466397078
1.3579753592
1.36639640055
1.37378761385
1.38362770866
1.39324269427
1.3958789486
1.40470070203
1.41064717614
1.41785049942
1.42548351118
1.43541663494
1.44728783767
1.44986856836
1.45807776634
1.46430116478
1.47395700582
1.48534762233
1.49783657167
1.50589992006
1.51351913005
1.52064226824
1.53247977507
1.53721829654
1.54725493584
1.55506213163
1.56132933424
1.57184262595
1.58352348311
1.59179590446
1.59859330063
1.61658166754
1.63032301123
1.64178956864
1.64886621689
1.66162126516
1.68097391156
1.69138748661
1.70523189499
1.71511280471
1.72566304841
1.73776266655
1.75943488053
1.76845371522
1.78056917002
1.79476599421
1.81018051351
1.82969482199
1.84372627744
1.86593605505
1.88867621742
1.90580075305
1.92644142293
1.94290841237
1.95739302974
1.97954500909
2.00589092786
2.01242542216
2.03875214445
2.04490713574
2.04848297047
2.06281102732
2.09011615182
2.09902378794
2.12498333749
2.12001993572
2.14565534248
2.16405833633
2.19911114673
2.22829024264
2.26169049922
2.27326852214
2.26806005494
2.31180417043
2.35818127936
2.37544759291
2.39052596848
2.42758607855
2.42936072537
2.45429817035
2.50120581683
2.54659062085
2.53387817151
2.53919286803
2.55928529227
2.58036330583
2.60293930743
2.59776078108
2.66429117361
2.67969726309
2.76469540903
2.74868199126
2.70254290113
2.47110409829
2.07293863157
1.74637655611