0.254887162258
0.294594914534
0.307009129495
0.314619551327
0.320188056328
0.324676609601
0.328420549447
0.331552483178
0.334374126685
0.336943861719
0.339360042886
0.341467268531
0.343556055763
0.345340903396
0.347120396536
0.348824997326
0.350436197547
0.352004080692
0.35341734136
0.354815884056
0.356154895628
0.357482001708
0.358800980302
0.36004564525
0.361292406784
0.362532030949
0.36371677842
0.364814300648
0.36583776062
0.366904143599
0.368002861526
0.369031185394
0.370017427355
0.371024912038
0.372111488889
0.373129542615
0.373952611855
0.37485793427
0.375781577815
0.376715597016
0.377599266109
0.378474491802
0.379313202103
0.380321234333
0.381134993491
0.382041491373
0.382902441712
0.383726831212
0.384535380031
0.385432145688
0.386281140886
0.38695278269
0.387683991861
0.388518246681
0.389188069328
0.390057881257
0.390906868355
0.391609441105
0.392382983336
0.393080371435
0.393802837522
0.394557954999
0.395303210393
0.39610507617
0.396841047584
0.397571057672
0.398267920424
0.399004799318
0.399783087753
0.40053155097
0.401213782751
0.401989088295
0.402652808329
0.403285031948
0.403758215205
0.404465415796
0.405161762862
0.40578605907
0.406479253386
0.407120968609
0.407850371915
0.408495778622
0.40920005232
0.409938680744
0.410568420907
0.41124223544
0.411895084074
0.412558538534
0.413140601961
0.413758321281
0.41445092576
0.415126752304
0.415731557617
0.416397362731
0.417038514396
0.417639033672
0.418239029944
0.418866119095
0.419544456976
0.420142598974
0.420856987532
0.421386273483
0.421772893863
0.422219083416
0.422832793914
0.423333338804
0.423855067436
0.424425073027
0.425014097082
0.425612205677
0.426175537664
0.426824419426
0.427505202434
0.428078438161
0.428556878888
0.429041101226
0.429647575544
0.430188391256
0.430812896537
0.431386788083
0.431866400454
0.432409346562
0.432957429619
0.433480611456
0.43408403467
0.434599215238
0.435159733611
0.435675467483
0.436229910991
0.436766093495
0.437184100728
0.437755419159
0.438259532281
0.438774957569
0.439203042421
0.439708340965
0.440200567813
0.440683466453
0.440994593165
0.441496607398
0.441961415688
0.442458858489
0.442954851438
0.443403127918
0.444018123585
0.444490850249
0.444975944665
0.445486523633
0.445898139397
0.446351698497
0.446782702742
0.447192105615
0.447717936835
0.448175077341
0.448648825413
0.449144519178
0.449634156033
0.450140424837
0.450584014392
0.451027196068
0.451419935316
0.451845331666
0.45235489063
0.452862175602
0.45334099519
0.453684018824
0.454104374913
0.454460612235
0.454886783936
0.455318043691
0.455786856979
0.456326214832
0.456793736224
0.457326378165
0.457760422457
0.45815125919
0.458664885977
0.459115082352
0.459640967342
0.460058677486
0.46049727307
0.460837618888
0.461367744139
0.461810878813
0.462330991732
0.462718442972
0.463185747351
0.463712827372
0.464248695597
0.464588206543
0.465063014514
0.465518894239
0.465854254407
0.4663095687
0.466756872493
0.467206375968
0.467502396432
0.467938632574
0.468354979273
0.468834390529
0.469175614055
0.469710940498
0.470214464038
0.470617880673
0.470973744702
0.471121286624
0.47160203256
0.472102287965
0.472402042313
0.472868995362
0.473311891337
0.473745766141
0.474226584061
0.474682258201
0.475211337767
0.475797026546
0.476213981565
0.476536224449
0.477092124058
0.477585814453
0.478009008861
0.478541939345
0.478990929894
0.479484559242
0.479922082973
0.480367848104
0.480559707034
0.480960990186
0.481334391851
0.481832208113
0.482175436698
0.482660784115
0.482855189473
0.483301451786
0.483775339752
0.484221406458
0.484658749454
0.48517463018
0.485653640074
0.486097816832
0.486604125865
0.486817292309
0.487421321547
0.487858807553
0.488138687633
0.488541806736
0.489008626451
0.489139907745
0.48948385818
0.489979029568
0.490200079342
0.490746571455
0.491260284301
0.491698333607
0.492109818526
0.492539459517
0.492993148405
0.493584477342
0.4940348639
0.49438245574
0.494750989939
0.495258638348
0.495654054732
0.496179531348
0.496501157621
0.496859043788
0.497225547382
0.497672200897
0.4979110954
0.497985450627
0.498615475277
0.498994551744
0.499512623843
0.499846567371
0.500215763534
0.500718748511
0.501162166734
0.501640552431
0.502125170955
0.502595919662
0.503231884376
0.503676851579
0.504152570453
0.504617917549
0.50482836275
0.505290603533
0.505854638044
0.506384138321
0.506852453183
0.507397261613
0.50774904839
0.507876701069
0.508160615787
0.508596383102
0.50916070526
0.50957862568
0.50990877824
0.51042755933
0.510856014069
0.511453557235
0.511930817752
0.512379811845
0.512741779199
0.513002809771
0.513489332885
0.514026022329
0.514469701029
0.515001708486
0.515512517414
0.515969546475
0.516438566353
0.516726550566
0.517268045473
0.517807044563
0.518178845127
0.518423749924
0.518865971487
0.519254272045
0.519739410127
0.520105332605
0.520495160156
0.521005329437
0.52148253147
0.521808823167
0.522252236607
0.522771693683
0.523308035016
0.523746882957
0.524074915212
0.524555438073
0.525034979102
0.525399097833
0.525758366993
0.526370757595
0.526942113755
0.527263842839
0.527713627661
0.528296290785
0.528822353641
0.5292347745
0.52961407492
0.529947081496
0.530438419695
0.5310221022
0.531493349469
0.531957330947
0.532545798746
0.533103307038
0.533562298207
0.534021009656
0.5345668623
0.534965447339
0.535471709747
0.535901496888
0.536094545491
0.536641118423
0.536914175581
0.537644398099
0.538148003036
0.538632829279
0.539215824406
0.539768190149
0.540251905835
0.540771515936
0.541328834374
0.541909985796
0.542563486547
0.543023562566
0.543704165035
0.544019790413
0.544595866183
0.545151372728
0.545775081159
0.546342471981
0.546872552784
0.547529853152
0.548030210134
0.548460102006
0.548896456869
0.549372930167
0.550163976937
0.550593919853
0.551184383914
0.551786561326
0.552381095275
0.552824076975
0.553325090668
0.554038431896
0.554483359864
0.555125142443
0.555693447159
0.556193607962
0.556909214866
0.557336213365
0.55792127703
0.558593267641
0.559145720013
0.559662515975
0.560098960529
0.560361471846
0.560806837986
0.561370387213
0.56192727765
0.562532496046
0.562813015759
0.562817435413
0.562947665707
0.56351823819
0.564129004114
0.56465659198
0.56522218974
0.565814932784
0.5662858119
0.567080369183
0.567623687331
0.567975349093
0.56863471042
0.569208087658
0.569823781927
0.570319768863
0.570708600818
0.571244466118
0.571687951075
0.572330774083
0.572941228291
0.573465128668
0.574062441027
0.574402676063
0.57464753532
0.575346881222
0.57582551022
0.576343193629
0.57704997884
0.577659041422
0.578268062536
0.57905536246
0.579573046042
0.580023399192
0.580655909528
0.581511805521
0.582308993837
0.583018369626
0.583763122238
0.58449960566
0.58508921587
0.585724505653
0.586304958993
0.586901886326
0.587457707951
0.588051492045
0.588853324247
0.589720782173
0.590302833382
0.590927147667
0.591486566739
0.592093872882
0.592311707609
0.59302127076
0.593524301839
0.594201693399
0.594855214184
0.595659156924
0.5965220146
0.597211053649
0.597775726216
0.598281086445
0.598727809658
0.599374597738
0.600023264517
0.60052523679
0.601182772807
0.601869943961
0.602509485312
0.602912660369
0.603391197053
0.603909581401
0.604661402574
0.605450172767
0.606112457761
0.607047392538
0.607640024213
0.607871354113
0.608722238606
0.60944952826
0.610377522509
0.611038355868
0.611470763761
0.612061222101
0.613049533462
0.613446607041
0.614390641288
0.614753279936
0.615407509208
0.616280573406
0.616475760297
0.617473022306
0.617954097231
0.618679972689
0.61913778236
0.619627323015
0.620451509554
0.621102243541
0.621768272673
0.622473575344
0.622914739876
0.623552606075
0.624433319193
0.625026064161
0.625792814522
0.626592138629
0.627359237313
0.628251781504
0.628876022272
0.629749017801
0.63059742786
0.63115203264
0.63188510929
0.632428851892
0.633104402821
0.633703763083
0.634331214796
0.635249604696
0.635647915718
0.635835672936
0.636697142416
0.637420144294
0.637745675191
0.638500701231
0.639205258847
0.639801738366
0.64039999324
0.641291878429
0.642275321901
0.643096613041
0.644098624857
0.644968250574
0.645290384108
0.646296132138
0.647033820559
0.647317231591
0.647916575561
0.648842162142
0.649511589372
0.650284752374
0.6511657607
0.65171914048
0.652765136487
0.6538609874
0.654445656986
0.655287574208
0.656043864938
0.656584795317
0.657328778764
0.658611846655
0.659459339438
0.66032095073
0.661301241536
0.662001856006
0.662782531087
0.663495738028
0.664375160436
0.665409846758
0.666381323301
0.666996110012
0.667924323323
0.668530151386
0.669422988575
0.670321611416
0.67102087121
0.671849814331
0.672768939439
0.673381370081
0.674528701047
0.675331810717
0.676313532718
0.677086760396
0.67774871289
0.678862680306
0.679189854118
0.679715399618
0.680569025209
0.681459579767
0.681925485503
0.682850321361
0.683715240401
0.684913843195
0.685727680957
0.686623164083
0.687590364221
0.688776320016
0.689516340875
0.690490994938
0.691362638559
0.692345473665
0.693456131232
0.694605848196
0.69533788069
0.696497735133
0.69719889924
0.698363061113
0.699260693792
0.700212530853
0.701037844901
0.7019219564
0.702000665045
0.703091582731
0.703870096444
0.705349476145
0.70611835523
0.707227972051
0.708194613864
0.709464791949
0.710428733347
0.711326902982
0.712563763599
0.713950046659
0.714908694024
0.71631047332
0.717700785905
0.718836420982
0.720361813813
0.721961917625
0.723231405772
0.723955047726
0.725080948156
0.726240455928
0.727150257537
0.728147595254
0.729270186516
0.730087026332
0.731379056759
0.732286207239
0.733836449485
0.734932775741
0.73618763253
0.738027077408
0.738862209522
0.74002028803
0.741229473191
0.742385043615
0.743511885407
0.744725487466
0.745937494346
0.747027495683
0.748027889971
0.749023986816
0.750457298372
0.750860374325
0.752048111901
0.752385425714
0.753310610927
0.754674331552
0.755564840779
0.756389515659
0.757509918384
0.758204707178
0.759441093029
0.760573505115
0.762073557232
0.76282795526
0.763969751035
0.764467177233
0.764961071559
0.766224286712
0.766286317199
0.768141240371
0.769548583031
0.770464259251
0.771107575111
0.772129236091
0.772614767202
0.773468756593
0.774345233915
0.775770185956
0.776804487087
0.77809016385
0.779526773654
0.780578548318
0.781701604258
0.782549630835
0.783471530183
0.784938198964
0.786159954494
0.786588345853
0.788036732798
0.789349538975
0.790744401982
0.79284276226
0.794711836978
0.794956797968
0.796385428893
0.796771749197
0.798246656318
0.800054593039
0.801281104995
0.803280020415
0.805095285323
0.805976283036
0.807253086842
0.807952497662
0.80961945903
0.811373247068
0.812873764491
0.814616908295
0.816346017271
0.817399574286
0.818496024171
0.820011360467
0.822149808
0.823980133806
0.825509959291
0.826617716444
0.828209832931
0.830052014338
0.831753622364
0.833550291811
0.835237048583
0.837125563095
0.838911578465
0.840607746911
0.84215359613
0.842640462798
0.84415477779
0.845856231237
0.847539070993
0.849454561572
0.851223689813
0.85330792521
0.854557676962
0.855222457218
0.856806057981
0.859108070085
0.86140205516
0.863759860174
0.864425821114
0.865665729424
0.868150132495
0.869841886278
0.871559909066
0.873969833745
0.87563982699
0.877609546161
0.876987589508
0.878952279279
0.880965142417
0.883186889577
0.885443932599
0.887574185085
0.889334715813
0.891646676612
0.89393885617
0.895019299044
0.897634219411
0.898837469216
0.900821489702
0.902024954234
0.903777981527
0.90594470462
0.907893646102
0.909366721356
0.910925591837
0.912580941135
0.914845389414
0.91555900337
0.917522220001
0.918765119359
0.921518010967
0.923467905183
0.925447330869
0.928198228435
0.930954627437
0.934305215639
0.936592643892
0.938907268853
0.940749973576
0.942074733623
0.942834428943
0.944673715517
0.945151370612
0.946725210477
0.948909153931
0.951595577768
0.953937926065
0.956415771756
0.958940317805
0.960656054194
0.96239838844
0.965582039346
0.968223618743
0.971126750324
0.97392708249
0.976448095088
0.978399264915
0.981099386111
0.984507097623
0.986399210976
0.988531889136
0.990724526068
0.992795578193
0.994588958414
0.996597558658
0.998644062219
1.00079464371
1.00326685442
1.0042596717
1.00610596447
1.00815001554
1.01006109757
1.01504266303
1.01716187006
1.02019047442
1.0226977304
1.02586696926
1.0275762877
1.03043893163
1.03326577103
1.03679727227
1.03916437602
1.04276532241
1.04514493649
1.04851636366
1.05039215118
1.04770086058
1.0503580549
1.05388395332
1.05602214914
1.05829005299
1.06187806091
1.06521869171
1.06592107075
1.070234524
1.07263711148
1.07603487568
1.08002277
1.08401659716
1.08834478308
1.09308561391
1.09687878878
1.10051074811
1.10267930269
1.10443908521
1.10955209608
1.11462420653
1.11938751518
1.12003412669
1.12433491262
1.12475273536
1.12773064267
1.13151027335
1.1352689241
1.13639712089
1.14080320839
1.14323637706
1.14945836775
1.1535753665
1.15978193174
1.16161575044
1.16730244299
1.17294501648
1.17659273898
1.18088340159
1.18512625927
1.18770003055
1.19292070257
1.19869752811
1.20359895941
1.20792000108
1.2122982901
1.21815834558
1.22358015336
1.22769363992
1.23544443137
1.23686667963
1.24081010031
1.24445686844
1.25109895481
1.25388518993
1.26071761003
1.26606501566
1.2713823188
1.26847662577
1.27270426358
1.27712684148
1.28283305393
1.28765459774
1.29175753819
1.3005516602
1.30639790149
1.31073994218
1.31710437425
1.32233124193
1.32764840495
1.33585671746
1.34209879962
1.34724152589
1.35487947092
1.36369980916
1.36768846818
1.37726237424
1.38372916928
1.39014280916
1.4002346133
1.40526367959
1.4101978149
1.41841058196
1.42670122437
1.430795322
1.44014970043
1.44515159205
1.4503352531
1.45518469413
1.46395271332
1.47721459199
1.48130316628
1.49131417074
1.49596175563
1.50502631171
1.51471481781
1.518322512
1.5231178939
1.53050334299
1.53922683701
1.55162577026
1.55877149812
1.56971507344
1.57582256449
1.58815377273
1.59603768508
1.6110164577
1.62085109907
1.63405467486
1.64155486182
1.65333617299
1.66067181037
1.66921621466
1.6801996604
1.6955130653
1.71893517262
1.73044323438
1.74086798209
1.75943793224
1.7662435276
1.77847199947
1.78890684914
1.80362808544
1.81726906597
1.83013463254
1.84446506234
1.86276592151
1.88104571293
1.89086405902
1.90735966493
1.92528644806
1.94610546895
1.95899229688
1.96739412366
1.98767066295
2.01000647445
2.02599065176
2.04453729576
2.0695223907
2.08554023731
2.12142265291
2.12624014067
2.1333676307
2.16440046806
2.20098701536
2.21076046704
2.21787016029
2.23496970713
2.24558044392
2.28124154635
2.29042621871
2.28467501174
2.29594337944
2.3409724001
2.38450240326
2.38898232404
2.40924424616
2.39589175506
2.41834130881
2.45941458303
2.53537269909
2.59986055968
2.65042406706
2.67712232922
2.73436378419
2.77256755732
2.81817731829
2.82893026014
2.85150406378
2.88084040511
2.96340553113
3.03663947437
2.89032654305
2.84545274688
2.94833668012
2.61037167812
2.05436435062
1.99532440958