0.25488717132
0.289320316598
0.299993724989
0.307344513487
0.31297121026
0.317694496788
0.32181743248
0.325272874734
0.328278354968
0.331028424909
0.333499636936
0.33574660105
0.337826504957
0.339843332444
0.341760879775
0.343337598318
0.345019966642
0.346605548164
0.348088763539
0.349532944016
0.350995899897
0.352346843026
0.353655901221
0.354954392595
0.356153821749
0.357255227738
0.358346056403
0.359469729296
0.360499586703
0.36149685903
0.362554371428
0.363575817985
0.364573845702
0.365231090852
0.366146098702
0.36699719423
0.367906355792
0.368845753529
0.369726288033
0.370591570557
0.371454760944
0.372285125676
0.373100320048
0.373902371152
0.374693714331
0.375436637764
0.376188552788
0.37696530859
0.37769197146
0.378374594561
0.379115455561
0.379836511269
0.380568129453
0.38125047079
0.381961107361
0.382702608862
0.383355442495
0.384043800574
0.384745103285
0.385387414446
0.386079929085
0.386692295486
0.387352338431
0.388018030312
0.38863715405
0.389287754012
0.389915682277
0.390462086587
0.391093198978
0.39162724532
0.392185233312
0.392779250181
0.393413082128
0.39389027691
0.394361189007
0.394944523056
0.395497410231
0.396066809278
0.39657947631
0.397088812347
0.397664361771
0.398137197663
0.398704459072
0.399315461812
0.399806488423
0.400379530924
0.400959953953
0.401471116662
0.401985560921
0.402475610823
0.403016264194
0.403455580598
0.403983487109
0.404440548418
0.404935343327
0.405377307329
0.405975526235
0.40639150816
0.406907389796
0.407389867684
0.407903348892
0.408357142221
0.408866052106
0.409364064298
0.409813072888
0.410373182387
0.410701825289
0.411208964194
0.411723273658
0.412204270652
0.412710440135
0.413157666236
0.413597236683
0.414080528439
0.414535846961
0.414973103455
0.415474040846
0.415954810124
0.41642615235
0.416942698419
0.417393552383
0.417893044386
0.418306719548
0.418827525176
0.419265222963
0.419724470827
0.420155772885
0.420633147753
0.420980707118
0.421468475131
0.421846069061
0.422333928643
0.422775063385
0.423172622672
0.423658852013
0.424020702265
0.424506319312
0.424922678102
0.425326773781
0.425793222788
0.426232602119
0.42668453925
0.427136220202
0.42762003429
0.428087950204
0.428480105451
0.428847773332
0.429331621079
0.429761719592
0.430237236567
0.430671344318
0.431081308893
0.431346446727
0.431774655701
0.432175609933
0.432593655234
0.433018076417
0.433404261486
0.433889459039
0.434304148751
0.434667311715
0.434940997161
0.435189764365
0.435628813562
0.43597525655
0.436333449562
0.436793031079
0.437155200904
0.437524844903
0.437913215089
0.438323343892
0.438646964965
0.439113409452
0.439549464979
0.44000957675
0.440350743521
0.440757424275
0.441144242014
0.44160562461
0.442036732464
0.442464666613
0.442856626007
0.443318919215
0.443695347605
0.444020983319
0.44444887319
0.444952143727
0.445343457395
0.445777248127
0.446163703473
0.446611231392
0.446841279034
0.447210813135
0.447719184446
0.448132080941
0.448455937199
0.448844195096
0.449307883763
0.449659319983
0.449996584078
0.450242549621
0.450682895569
0.45101302998
0.451408459577
0.451710645894
0.452057331657
0.452437864219
0.452735890596
0.453093873417
0.453496077367
0.453893762072
0.454347348926
0.454677370297
0.455092895078
0.455484533012
0.455873518252
0.456290549882
0.456675349175
0.457087395784
0.457429845248
0.457861391443
0.458306011008
0.458705552258
0.459172723854
0.459545209339
0.459856389521
0.460319224459
0.460711876142
0.461126683827
0.461423879429
0.461849540524
0.46225698192
0.4626247115
0.462967346161
0.463345044378
0.463616663401
0.463957246837
0.464334003876
0.464671215511
0.465118665426
0.465486869033
0.465890628286
0.466304000939
0.46679396273
0.46703340023
0.467477215585
0.467843069917
0.468119412672
0.468543566168
0.468905713961
0.469279069323
0.4696384691
0.469962031139
0.470341129922
0.470725941853
0.471092927399
0.47147015675
0.471960387645
0.472376879954
0.472822766705
0.473060591214
0.473474788571
0.473827403222
0.474139058492
0.474394690281
0.474859126351
0.475259674126
0.475606976773
0.475983807423
0.476086095012
0.476515165548
0.476849362607
0.477169395753
0.477567711081
0.477883881118
0.478141040946
0.478484362089
0.478819053018
0.479301128609
0.479683088115
0.479807634132
0.480146949501
0.480613339726
0.480892588513
0.481331032025
0.481757561489
0.482223072383
0.482648548332
0.483060931476
0.483371533342
0.483716765948
0.483867235998
0.484185473255
0.484482677886
0.484923798521
0.485331995995
0.485776250801
0.486156191513
0.486562524841
0.486959131564
0.487072114944
0.487254482776
0.487671702873
0.487997351805
0.48846965714
0.488816079507
0.489169015834
0.489582080377
0.49003512924
0.490426061931
0.490789852423
0.491127439885
0.491466480993
0.491770543193
0.491966582122
0.492341150318
0.492748316397
0.493057451004
0.493456111427
0.49381617342
0.494218555011
0.494622183211
0.495095679065
0.49535346669
0.495656740612
0.496056054397
0.496470948016
0.496810670894
0.497074588503
0.497522108906
0.497922669267
0.498323279874
0.498689294553
0.499025026967
0.49928974444
0.499730133735
0.500122600947
0.500525475478
0.50091984616
0.501280440073
0.50175166639
0.502163816647
0.502562738734
0.502958681662
0.503282492708
0.503732083918
0.504146213603
0.504623630623
0.505052708338
0.505285132705
0.505638747292
0.506084970723
0.50652049431
0.506942629194
0.507329774279
0.507638463577
0.508155189638
0.508648614944
0.508992130753
0.509383177224
0.509736752982
0.510079394964
0.510614068862
0.510851480538
0.511419796238
0.511805112549
0.512159716369
0.512613195012
0.513136014524
0.513524337969
0.514007198105
0.514454915895
0.514725776404
0.515095680692
0.515324955586
0.515654727914
0.516136192233
0.516608138493
0.517017970385
0.517410063028
0.517861032014
0.518412079225
0.518724038315
0.519030053742
0.519427383416
0.5196362922
0.51991075697
0.520221676077
0.520613831167
0.520882732626
0.521315884752
0.521537095107
0.521901968616
0.522489858039
0.522903543756
0.523319429368
0.523711263724
0.524229077012
0.524663606893
0.525175301204
0.525628652659
0.52608139163
0.526400961675
0.526934532706
0.527367504795
0.52789263371
0.528331068067
0.528904285207
0.529338165686
0.529769465009
0.530203612422
0.53051459741
0.530961698093
0.53138674573
0.53168671839
0.532218405282
0.532577787123
0.533045250828
0.533444909059
0.534003059646
0.534421489903
0.534874643225
0.535402230158
0.535636147963
0.535966653804
0.536399265759
0.536805753111
0.537214628425
0.537662541139
0.53802453133
0.538652970788
0.53910420846
0.539495584502
0.539745083147
0.540321061427
0.540771839358
0.540848770581
0.541409928186
0.541874905108
0.54234279828
0.542748408956
0.543113293202
0.543697857716
0.543973162467
0.544629464405
0.545120108518
0.545575624948
0.545983190252
0.546209605806
0.546431345915
0.546730172616
0.547189781921
0.54759549753
0.54812551552
0.54881025861
0.549306560069
0.549896405596
0.550412659175
0.550728441486
0.551394589546
0.551908282512
0.552305355756
0.552833267328
0.553168568007
0.553684286106
0.554000005186
0.553921186443
0.55455041052
0.554962876808
0.555466848875
0.555906428148
0.556268170204
0.556734594478
0.55716108133
0.557768472728
0.558438625713
0.558879998124
0.559085571984
0.559700144179
0.559678094077
0.560113824507
0.560660298459
0.561251721592
0.561728597318
0.562155043306
0.562746021769
0.563448572358
0.56396289557
0.564517604799
0.565037847238
0.565710652778
0.566380617332
0.566957449168
0.567689778899
0.568249991705
0.568818265922
0.5693732636
0.570034916646
0.570636058896
0.571314270923
0.571863470848
0.572394250975
0.572990641591
0.573560121956
0.574144894262
0.574613418323
0.575293709078
0.5758626033
0.576239987732
0.57674021442
0.577463954026
0.578033404283
0.5786137184
0.579222044268
0.579761212358
0.58007971276
0.580621202349
0.58120890815
0.581505091387
0.582064415755
0.582521444752
0.583285773896
0.583894653112
0.5844960873
0.585199448824
0.586002497796
0.586562169634
0.587051160022
0.587769881419
0.58856225778
0.589111262159
0.589723643411
0.590210316395
0.590818530463
0.591636853105
0.59226996672
0.593193822247
0.593988739016
0.594590501639
0.595303008295
0.595780812095
0.59636431798
0.597026854471
0.597842280638
0.59852251461
0.599187117918
0.599645044417
0.600257984535
0.601153206061
0.601927711226
0.602787494087
0.603403778168
0.603999427783
0.604305319859
0.605127719261
0.606036675628
0.606945976823
0.607560678038
0.608115715306
0.608643732733
0.609312708265
0.609980639309
0.61076974283
0.611429824126
0.612082567223
0.612422939038
0.613350907823
0.613825577412
0.614387097374
0.615105535892
0.615809038341
0.616857337182
0.617786477215
0.618635840922
0.619204789209
0.619816596885
0.62065356783
0.620993323608
0.621926768887
0.622610612778
0.623608454788
0.624314764661
0.624982942428
0.625751982759
0.626546206056
0.627301249299
0.627926193219
0.628653222664
0.629445552315
0.62984610098
0.630499384544
0.631064081074
0.631980260084
0.632934888966
0.633640489866
0.634513377213
0.6351739108
0.636073294952
0.636624245679
0.637193505481
0.637922471303
0.638780104306
0.639798719969
0.640582491373
0.64135094203
0.642064787576
0.642589272622
0.643462012354
0.64385332294
0.644242625284
0.645282277789
0.646009536981
0.646834193007
0.646706397668
0.647134023144
0.647872132859
0.648431585303
0.649305110434
0.64943475924
0.650139660197
0.650943860365
0.651766604477
0.652398251308
0.653308488118
0.654036948751
0.654912576892
0.655936378619
0.656634009417
0.657528107483
0.65827655393
0.658999796419
0.659724445169
0.660545813512
0.661384520912
0.661725050332
0.662558246595
0.66356854008
0.664509734084
0.665138727644
0.665781829523
0.666969484721
0.668011305925
0.668971262932
0.669716015616
0.669752601098
0.670557989079
0.671445393858
0.672516709076
0.673141616579
0.673843885267
0.674541381798
0.675557953096
0.676456335786
0.677419643854
0.678368188777
0.679532105961
0.680639856406
0.681591961525
0.682195439609
0.683292262054
0.684553241563
0.685499298382
0.686741784063
0.687930688257
0.689104614628
0.6900408723
0.69037665283
0.691537923571
0.692007696911
0.69278800798
0.693857044887
0.694860415402
0.696048112753
0.697218309611
0.69850719065
0.699985918632
0.701012453997
0.701639769865
0.702570369281
0.703711784938
0.704433895399
0.704988296704
0.706154421651
0.707589746743
0.709152643794
0.710017519375
0.711431737107
0.712227112554
0.71360962038
0.714843288944
0.71594726873
0.716996162535
0.718544757552
0.719901939904
0.721289207594
0.722392620676
0.722683820574
0.723694125436
0.725181684641
0.726492074715
0.727733785214
0.729125814053
0.730230874524
0.73151495857
0.732286545835
0.733558375301
0.73489815174
0.736505756074
0.737822883804
0.73861241014
0.739830036551
0.740770730514
0.741646899495
0.742773230482
0.744214117865
0.745608091938
0.746540902535
0.747885476145
0.749418863129
0.750655321332
0.752384103542
0.753359482441
0.754586952827
0.755518981161
0.757021717433
0.757970641509
0.759556328319
0.760597278958
0.761848915618
0.763182455783
0.764839733255
0.766003951351
0.76714246398
0.769193994354
0.770719191268
0.772198290992
0.77351261328
0.774609452441
0.775656232034
0.77696787415
0.777722316601
0.779610804158
0.780949096097
0.781542961666
0.781916108372
0.783056056695
0.784649029213
0.786150873535
0.787753536681
0.789259868731
0.790650046735
0.792077496617
0.792501383132
0.793584721513
0.795127941621
0.796594627779
0.798370088841
0.799955586767
0.802091564973
0.804335027773
0.806040762464
0.807750723746
0.808746170635
0.80983948492
0.811685616442
0.813743686682
0.815717988236
0.817436651482
0.819337746
0.821488282868
0.823277093473
0.825205015132
0.827248930617
0.828868908161
0.830624208602
0.832295008946
0.833607110636
0.835626030282
0.838479200586
0.840419658812
0.841499971151
0.844195482225
0.846627387762
0.849133185023
0.850939028189
0.851293920645
0.854194009902
0.856778442695
0.858664937352
0.860480362858
0.862410111858
0.863613922325
0.865866179578
0.867974048092
0.869912273126
0.872842214245
0.873700864354
0.875565508186
0.878015866854
0.88043364057
0.882365416529
0.883950774281
0.885776605218
0.888305959221
0.890345270244
0.89247293321
0.893672728376
0.895911955394
0.898488667589
0.901399390778
0.904046589861
0.907185240114
0.908950186895
0.910646403132
0.913837648684
0.916016929796
0.919179473965
0.920927197082
0.92410954245
0.925816685411
0.928243309275
0.930469986222
0.933125546831
0.936564584878
0.936261315265
0.93868712788
0.941326467841
0.942961505997
0.945571000411
0.948330503227
0.950600591402
0.953229476083
0.95603006913
0.959114507003
0.961966212393
0.965309739419
0.967937620612
0.969829122943
0.971768863576
0.97277645647
0.975795308546
0.976528446224
0.978818961764
0.981258389378
0.985430472597
0.987175262229
0.99050765459
0.992967852082
0.996331214937
0.999654073399
1.00361589816
1.0021381366
1.00632785611
1.01022816681
1.01259893293
1.01549283835
1.0190300065
1.02349208012
1.02712245332
1.03059411761
1.03512938095
1.03973022549
1.04382375815
1.04498368902
1.04668667975
1.04870594087
1.05156512699
1.05525854608
1.0605216123
1.06582826964
1.07000066994
1.07347218866
1.07940670973
1.08375513092
1.08872631249
1.09267562397
1.0991180067
1.10385040478
1.10691120156
1.10916623091
1.11553644713
1.12011894378
1.12439024037
1.12944337703
1.13514956963
1.1416268596
1.14657372426
1.15243939184
1.15941033301
1.16308343636
1.16564478925
1.17054829807
1.1783814974
1.18526261667
1.19180011062
1.19808673946
1.20399881393
1.2085318239
1.20512894768
1.20966038207
1.21289943657
1.21611171415
1.2238345207
1.23100781817
1.23837116651
1.24209644772
1.24959901769
1.25641478179
1.26180429309
1.26968443683
1.27697709953
1.28437236351
1.29253797651
1.30054081056
1.3092011948
1.31851156799
1.32699464936
1.33495638096
1.34475101357
1.35354432549
1.36062524291
1.3687887727
1.37956053355
1.38720058166
1.39555848049
1.40584138862
1.41891542627
1.4309873552
1.44220518456
1.44917921802
1.45826745089
1.4630969554
1.47326345319
1.4834829852
1.49568432731
1.50517178507
1.5147063305
1.53176290931
1.54541122036
1.55671409255
1.56000604875
1.56809077745
1.58282620664
1.59261795451
1.60631721807
1.62668306409
1.64110606532
1.6503443305
1.66789182065
1.68803656862
1.69977056984
1.71279769658
1.72920727989
1.7418777446
1.75722176734
1.77810029931
1.80013373684
1.81994121219
1.84531551098
1.858924163
1.87529798928
1.90846293843
1.92817423358
1.92286273269
1.94884477276
1.98082738619
1.99282386848
2.01882458883
2.06884523251
2.08855191379
2.10316523899
2.1321700423
2.15368401751
2.17892525879
2.21149071708
2.2299741066
2.24626881871
2.26526579441
2.32649390344
2.34710917893
2.35529681684
2.39287828164
2.47393536065
2.54506474446
2.613511785
2.66234298585
2.72904944303
2.76609086282
2.798991429
2.83595143023
2.82324993286
2.89881105336
2.92245492667
2.81579159973
2.98114550922
2.80818955166
2.77586361177
2.68816414259
2.15156013914
1.37032525615