0.254887135176
0.30315002632
0.314419590495
0.322168691728
0.327947207608
0.332560629224
0.336522090991
0.340002684981
0.343105172871
0.34603406868
0.348638105989
0.351144468027
0.353310710189
0.355487315394
0.357582197894
0.359419253412
0.361161481903
0.362887362363
0.364567869111
0.366150181919
0.367860533215
0.369396807302
0.370773455979
0.372172262733
0.373526370577
0.37479176923
0.376005718474
0.377294038292
0.378464676028
0.379633696059
0.380786697249
0.381742577117
0.382814232142
0.383939028547
0.385069497121
0.386079537181
0.387107586916
0.388037071668
0.388981636827
0.389926245958
0.390775860767
0.39175757371
0.392510756335
0.393357866921
0.394190158703
0.394998000121
0.395813943865
0.396631079431
0.397458874906
0.398328134435
0.399130992024
0.399976570616
0.40073248555
0.40140404312
0.401960958937
0.402659710021
0.403440060147
0.404115108358
0.404913248825
0.405518915024
0.406263434509
0.406907369127
0.407476749727
0.408117819485
0.408782547759
0.409554910547
0.410254595158
0.410920553779
0.411520504262
0.412247563454
0.412960621752
0.413465768148
0.414048885731
0.414663622493
0.415224867396
0.415817847065
0.416565165531
0.417085264672
0.417740609521
0.418383031351
0.418834728091
0.419408461717
0.420049821981
0.420676969029
0.42125028808
0.421839041811
0.422510597217
0.423209792069
0.423828634327
0.424340008529
0.424924003789
0.425377016977
0.425959671946
0.42655696826
0.427151079254
0.427682023652
0.428214892366
0.428728514079
0.429325199807
0.429800510041
0.430392851864
0.430937492896
0.431389977101
0.431977381716
0.432547237315
0.433148934821
0.433697522517
0.434238856304
0.434643052699
0.435206300595
0.435779870939
0.436213371182
0.4367703753
0.437347452294
0.437838885608
0.438040091398
0.438572618571
0.439028479793
0.439539595479
0.439953718629
0.440400269216
0.440929171859
0.44136654064
0.441871457553
0.442404337996
0.442947123123
0.443433808476
0.443837445139
0.444348309362
0.444796356828
0.445185438226
0.44563270736
0.446054195043
0.446510421571
0.446849902
0.447231050681
0.447660933583
0.448146383587
0.448579268083
0.448878267635
0.449418018813
0.449889955418
0.450296499842
0.450784426887
0.451234958391
0.451757188608
0.452191236131
0.452710399979
0.453103042278
0.453599822746
0.454134911469
0.454610404933
0.455016094565
0.455476550025
0.455932195663
0.456338906579
0.456799841407
0.457261031185
0.457582247224
0.457857438691
0.458269368608
0.458666845565
0.458955083829
0.459452885286
0.459743287739
0.460093939167
0.460512064874
0.460985072363
0.461382224439
0.461844558985
0.462287137182
0.462745977786
0.463204717273
0.463590486368
0.463964768016
0.464406023448
0.464776970402
0.465120774844
0.465583388067
0.466098014303
0.466401212106
0.4667714397
0.467036815642
0.467466186214
0.467813568838
0.468277472001
0.468696008497
0.469095181999
0.469481424962
0.469880665889
0.470262931375
0.470708679123
0.471117522988
0.471517603247
0.471992658319
0.472462776125
0.472977487788
0.47344045856
0.47379298555
0.474124049125
0.474568657295
0.475006842891
0.475337495088
0.475734279276
0.476088231114
0.476393875196
0.476816960424
0.477306532415
0.477726163865
0.47815860663
0.478665236199
0.478909141798
0.479233873018
0.479677926006
0.480174643293
0.48060582074
0.480950469005
0.481447526953
0.481892936608
0.482272720033
0.482722920985
0.483185845159
0.483490130921
0.483904489487
0.48431700643
0.484718581872
0.485131516535
0.485429720738
0.485735448364
0.486067405391
0.486556510498
0.487007897719
0.48744390866
0.487882569166
0.488271246849
0.488472651687
0.488772256973
0.489215550224
0.489578492742
0.490008940965
0.490108032541
0.490504559448
0.490671685458
0.491118119518
0.491642004476
0.492155627859
0.492635236791
0.493001890272
0.493518898381
0.493773898352
0.494226403573
0.494686772377
0.495197595833
0.495514323489
0.495942601672
0.496409532798
0.496929027468
0.49732147675
0.497678778882
0.498015472843
0.498373757381
0.49867020731
0.498889531894
0.499334353896
0.499664512288
0.500004907071
0.500489805582
0.500868818356
0.501125525625
0.501559188241
0.502018260744
0.502363407575
0.502844332944
0.50323068218
0.503534493894
0.503920369818
0.504357794354
0.504744193928
0.505131209069
0.505359828073
0.505642378666
0.505979779235
0.506204296141
0.506654255945
0.506995531924
0.507414721923
0.507893289186
0.508225778711
0.508649086447
0.508992756039
0.509448657257
0.509902773189
0.510252421156
0.510622468693
0.511029100009
0.511408547876
0.511851795034
0.512053514443
0.51230196575
0.512799799292
0.513303657408
0.51374089168
0.514084762507
0.514512951051
0.514925943894
0.515356244664
0.515839985308
0.51632359053
0.516602793523
0.516969498939
0.517423118027
0.517821987227
0.518165594973
0.5185318961
0.518972447375
0.519342424745
0.519811971649
0.520355496873
0.520797207488
0.521166971442
0.521693361982
0.522051412357
0.522288318065
0.522765878332
0.523143911964
0.523620642192
0.524025864958
0.52454132248
0.5248778719
0.525394024408
0.525754491127
0.526191876633
0.526571992604
0.526998027044
0.527481995402
0.527804062093
0.528180793685
0.52844599117
0.528913969441
0.529423286802
0.529761836628
0.530099825965
0.530573438334
0.530954007623
0.531354639591
0.531718853984
0.532286414216
0.532788254227
0.533262188533
0.533662059115
0.534183348321
0.534630624501
0.535111047517
0.535364244256
0.53594602434
0.536296361411
0.536606359053
0.536794658677
0.537036307528
0.537426461321
0.537930042286
0.53825022214
0.538714768251
0.539114211807
0.539689566524
0.540089792474
0.540316370079
0.540634169385
0.541162282743
0.541782442274
0.542152174147
0.54260391524
0.542841346845
0.543240752508
0.543659328502
0.543918926992
0.544389965571
0.544845458592
0.545252991204
0.545649091832
0.546183357487
0.546700408749
0.547185822754
0.547587432557
0.548005917955
0.548572269014
0.549030943101
0.549600822717
0.550007374405
0.550490506093
0.550814903749
0.551356017198
0.551924215378
0.552406825861
0.552793442556
0.553258761793
0.55384000394
0.554237794189
0.554757603852
0.55520028006
0.555609854
0.556053710266
0.556446120039
0.556626853322
0.557132324497
0.55761698753
0.558111667942
0.558679772154
0.55914441539
0.559623172605
0.560222324155
0.560647248503
0.560999948104
0.561453493837
0.561767047314
0.562402058344
0.563052315272
0.563494682658
0.563935007585
0.564523683389
0.56496919513
0.565145625538
0.565340959278
0.565816325631
0.566150761624
0.566105261958
0.566802253484
0.566944191249
0.567526150407
0.567913216388
0.568461814199
0.569124939562
0.569592468876
0.570069335686
0.570605848705
0.571179406065
0.571848882582
0.572348811664
0.573093285553
0.573450455535
0.573699932656
0.574186898489
0.574630986079
0.575351785151
0.575862708037
0.576289095179
0.576636980116
0.577212816102
0.577851722055
0.578110224538
0.578813184693
0.57942043688
0.579897144258
0.580379460737
0.581088143277
0.581576541767
0.582227690606
0.582707769372
0.583427721781
0.583900765614
0.584309781693
0.584465189493
0.584696000403
0.585467729939
0.586099169457
0.586666243499
0.587109311512
0.587651879076
0.588322616161
0.588904658044
0.589248700231
0.589607917519
0.590066742749
0.590589392645
0.59086107121
0.591210817915
0.591792136334
0.592267808466
0.592903704509
0.593349095771
0.593909027945
0.59460268049
0.59515296855
0.595876238175
0.596289473711
0.596962944728
0.597473138167
0.59796322469
0.598567968724
0.599222071357
0.600103381696
0.600658049008
0.600919232074
0.601644846329
0.602015634247
0.602594872526
0.603284233484
0.60395087711
0.604180241335
0.604928602541
0.605740781688
0.606383600576
0.607293617913
0.6080047506
0.608055795228
0.608718430658
0.609523616482
0.610170728068
0.610459075643
0.611166908301
0.611907053188
0.61258255969
0.613246444263
0.613938904613
0.614493063816
0.615376302732
0.616187382362
0.616960765619
0.617488383168
0.618265879321
0.618792016942
0.619377982871
0.619831066453
0.620559957586
0.62129121536
0.62208767746
0.622956546334
0.623346303775
0.623906179991
0.624819782285
0.625699105328
0.626502449664
0.627167803896
0.627926004083
0.628165744187
0.628746765439
0.629299984745
0.629053781779
0.629578098855
0.630452031106
0.631177947497
0.631999238961
0.632867423642
0.633679076508
0.634133900559
0.634759115297
0.635051155899
0.635878743743
0.63647755931
0.637187777373
0.63776297515
0.638532552186
0.639263980082
0.640140985315
0.640813044159
0.641343802805
0.64205315168
0.643123591741
0.643846504281
0.644450163525
0.64532479449
0.646075619519
0.646669759843
0.647692902157
0.648683524547
0.649191606837
0.64966016882
0.650521452012
0.651293676753
0.651829948769
0.652263121758
0.652943275234
0.653707463482
0.654127558146
0.654578289226
0.655482776433
0.656133558127
0.656988094487
0.657748924971
0.658213171375
0.658857519139
0.659442326259
0.660015031089
0.660686313263
0.66157396921
0.662275317635
0.662822725944
0.66337011493
0.664163525375
0.664870501933
0.665745470237
0.666808007559
0.667370408563
0.668110684491
0.669036686211
0.669793748104
0.670800804803
0.671804738399
0.672473018339
0.67347499989
0.674306788782
0.675157612347
0.675892158985
0.676862724152
0.67761599051
0.678009068615
0.678894574319
0.679756347501
0.680679874746
0.681420700188
0.681765357548
0.68212821632
0.682599483469
0.683410903383
0.684435804426
0.685422043416
0.685983058696
0.686719191147
0.687303434972
0.687931459496
0.68847785868
0.689317496553
0.690299876277
0.691444257103
0.692289419704
0.692928755357
0.694059291459
0.694566782258
0.695585283299
0.696485830286
0.69683855916
0.697887831686
0.698917271837
0.699432835987
0.700865726342
0.701684703754
0.702214563587
0.702791275025
0.703033655862
0.704121460684
0.705642799866
0.706793943603
0.707696219089
0.708980856166
0.710239674367
0.711155177413
0.712148497473
0.71304026144
0.713706013679
0.714958994848
0.715594440935
0.716609446733
0.717971528563
0.718962406216
0.71971214883
0.720769910173
0.721622528378
0.722502539101
0.723553843104
0.724253114919
0.725237030426
0.725676782427
0.725980523175
0.726803517431
0.726982573327
0.728063621512
0.72905167705
0.729943904239
0.73072160133
0.731571242752
0.732650001839
0.733566837114
0.73432940526
0.735260909047
0.736542813664
0.737718054823
0.738379474127
0.739678880269
0.740911370462
0.742064773824
0.742928794956
0.742083916871
0.742852422558
0.743835397556
0.744398505644
0.745081582737
0.746208778871
0.747319000663
0.746119598758
0.747386970225
0.748021591607
0.748933171209
0.750416322715
0.75184881961
0.752419921924
0.753142584559
0.754762800994
0.755974268616
0.756483753249
0.758035985776
0.75908779836
0.760076399711
0.760766205081
0.762453731782
0.764027163362
0.765644189394
0.767325061931
0.768941423398
0.770566009302
0.771521500533
0.772070019251
0.773416359913
0.774877529259
0.776022547195
0.777319253401
0.779397654894
0.780344015963
0.781868085366
0.783499607446
0.784543439664
0.786085407587
0.786917609109
0.788552586336
0.7899612421
0.790903299495
0.792224236975
0.793716532852
0.795192605147
0.796602312272
0.798006527095
0.799089513369
0.800961029343
0.801758559439
0.803196090672
0.80474116792
0.805775209326
0.807372368458
0.808787938235
0.809810381704
0.810668210165
0.811813124248
0.813341151769
0.815079478141
0.815904256056
0.8171277487
0.819429334427
0.821261334934
0.821738964582
0.822040158419
0.823993761116
0.825817294808
0.827575273535
0.829130450261
0.830379017811
0.831993385748
0.83379894522
0.834339323872
0.836482107774
0.838104481164
0.839088930212
0.840917641457
0.843147676167
0.84474072958
0.846654191317
0.847408895037
0.849588323952
0.85016231054
0.851453269517
0.852371654449
0.854534093482
0.856113550921
0.857806378453
0.860260753827
0.861909456473
0.86395053188
0.865672044935
0.868016136414
0.869388419625
0.871043507728
0.87257246865
0.874445762491
0.876348732706
0.877871438234
0.879488979245
0.879951006105
0.88198492299
0.883562236086
0.886439612852
0.887670485795
0.888930693336
0.890588005387
0.893085992237
0.894741292693
0.896561800321
0.898914728326
0.901401036797
0.903109051229
0.904935697897
0.906916901521
0.907776072412
0.910867392389
0.913583459348
0.915193445398
0.917736507783
0.920098967123
0.923147770614
0.92607184338
0.929421250749
0.93164935444
0.93420619954
0.937183059394
0.939250076445
0.942000718168
0.943704308589
0.946609438396
0.948478623406
0.951371465798
0.953860905324
0.956036195008
0.958344511534
0.961132335376
0.964181866535
0.967617636942
0.970203807916
0.972848290517
0.975549613108
0.978169707141
0.979724857155
0.982885399655
0.985531063145
0.988549204098
0.990426256875
0.992705344555
0.996017867585
1.00042507916
1.00325943236
1.00639714391
1.01078107841
1.0139259676
1.01719432498
1.02051863456
1.02401357399
1.02792829861
1.03064077842
1.03454593195
1.03713347351
1.03951373544
1.04300890773
1.04656138078
1.04827484644
1.05218991304
1.05554921795
1.05724186026
1.05925463895
1.0623599331
1.06532552823
1.06617187848
1.06981152241
1.07388805359
1.07816293181
1.08210950587
1.08681954173
1.0916265172
1.09470180016
1.09810856101
1.10147813955
1.10068403174
1.10583143448
1.10990024084
1.11621932343
1.12044585887
1.12624117633
1.12983154177
1.13379490305
1.13892310992
1.14177179328
1.14555071105
1.14701427325
1.15199099535
1.15801556447
1.16370653896
1.16843970611
1.17071028111
1.17653557556
1.18146031982
1.18568475039
1.19211234556
1.1972215491
1.20178221663
1.20943503777
1.21592393551
1.22134284389
1.22663709919
1.2314994506
1.23442782223
1.2422238714
1.24311853855
1.25027692443
1.25588940605
1.25885623222
1.26245219628
1.26999964421
1.275893799
1.27862655913
1.28870171241
1.29727489809
1.30637039334
1.31371042164
1.31968327375
1.3285604243
1.33599442324
1.34461434641
1.35361471932
1.36209785477
1.37039774602
1.37344812277
1.37980561993
1.38483270833
1.39838240744
1.40764570351
1.41655619101
1.42280406999
1.43260223829
1.44513084092
1.45515095314
1.46394462127
1.47690647391
1.48640633046
1.49668908561
1.50521171105
1.52223233412
1.52870128363
1.53868959294
1.54647979173
1.55976090906
1.57392227982
1.59028013917
1.60235744321
1.61905406986
1.62468843515
1.63532051499
1.6449718914
1.65445764853
1.66762990885
1.69150074703
1.70479510537
1.71735935208
1.73267565209
1.73741351109
1.75717896545
1.78069998714
1.79833471808
1.81571607683
1.83969925105
1.85998676672
1.87551399111
1.89797591194
1.91158035629
1.92739420286
1.95018615243
1.95787696176
1.97447176999
1.99098023603
2.00547867549
2.04014268666
2.07854181066
2.10722265151
2.11886825581
2.13269655045
2.14165878192
2.15851746288
2.202978638
2.22397609669
2.26193917345
2.27095155919
2.27860421967
2.28042769929
2.30518871563
2.35508401079
2.39940941853
2.42487693079
2.44681713258
2.51135135792
2.57475486925
2.63196387896
2.70797810053
2.73670019497
2.75252093866
2.71900348512
2.7516782276
2.77721361921