0.254887135176
0.254887135176
0.254887135176
0.254887135176
0.254887135176
0.310030697238
0.317872119335
0.32190808696
0.324874375801
0.327536622769
0.329811988173
0.331871767447
0.333639520373
0.335286186786
0.336946306774
0.338494920072
0.339870083951
0.341201434906
0.342480462403
0.343793148325
0.344938554028
0.346157186194
0.347292311853
0.348420012769
0.349631300352
0.350619806936
0.351658514394
0.352638050834
0.35360016673
0.35457389905
0.35545794288
0.35637785751
0.357298880493
0.358102644394
0.358979699739
0.359748221759
0.36059005054
0.361447697718
0.362235946195
0.363036146541
0.363735221689
0.364565371079
0.365066738308
0.365798558944
0.366565303862
0.367396340785
0.368135482628
0.368860004954
0.369611644194
0.370366783619
0.371041624757
0.371704100041
0.372413894634
0.37314533384
0.373850277107
0.374474793338
0.375173545287
0.375815353071
0.376439016796
0.377096214173
0.377693332504
0.378307218836
0.378952795439
0.379544280003
0.380209752128
0.380782160305
0.381384751034
0.381980444425
0.382580335253
0.383217056572
0.38382066169
0.384377713269
0.385012439264
0.38560294173
0.386233504087
0.386820572917
0.387407327922
0.387978318621
0.388588892858
0.389205852445
0.389805349188
0.390386910292
0.390884349013
0.391528370252
0.392102480898
0.392687116654
0.393272889809
0.393852808883
0.394438786741
0.395019234861
0.395562385401
0.396188320975
0.396629843591
0.397166919826
0.397697852783
0.398211101899
0.398798351133
0.399308327737
0.399772339541
0.40027370984
0.400791243038
0.401238689268
0.401785372299
0.402323825802
0.402837176713
0.403382328979
0.403939810046
0.404409726017
0.404899550376
0.405416636231
0.405894856089
0.40638717814
0.406834172697
0.407310734752
0.407769716495
0.40819842788
0.408740080219
0.409209570742
0.409671701019
0.41014118719
0.410585468036
0.411061964784
0.411591159554
0.412069900255
0.4125960097
0.413126757073
0.413620514911
0.414112043604
0.414562118227
0.415060810536
0.41551061542
0.415849398439
0.416343342243
0.416842816753
0.417310295876
0.417796867766
0.418322041592
0.418727004358
0.419207323372
0.419674728804
0.420169660538
0.420625231214
0.420999055907
0.421460134462
0.421816950214
0.422319426435
0.422782889105
0.423237300376
0.423768303261
0.424163413282
0.424619807785
0.424948043363
0.425416788498
0.425923480508
0.426432273056
0.426837783994
0.427248307239
0.427627478853
0.428047182881
0.428424184154
0.428746838573
0.429106661134
0.42939870139
0.42985716831
0.430262979348
0.430724532309
0.431174727371
0.431543377417
0.431897226655
0.432191988825
0.432689314334
0.433110057187
0.433558390492
0.433922825772
0.434343507124
0.434760780509
0.435208104096
0.435599183781
0.436131179438
0.436549112588
0.437022911077
0.437471540144
0.437927578095
0.438305719736
0.438642654816
0.439022259527
0.439401289701
0.439816831935
0.440227032779
0.440677199514
0.441098762116
0.441536525387
0.442023697289
0.442493625254
0.442958090143
0.443366061527
0.443894474396
0.444349177722
0.444734986447
0.445246719691
0.445701668472
0.446176990671
0.446606422006
0.447140276655
0.447556404788
0.448040249988
0.448437117389
0.448941957753
0.449414317513
0.449887817521
0.450307813906
0.450774511546
0.45116389988
0.451597239738
0.452030517824
0.452404144522
0.45267903409
0.453123633211
0.45356910399
0.454040935321
0.454593660151
0.454934272047
0.455310237135
0.455723264018
0.455975495263
0.456461478762
0.456946469159
0.457342280386
0.457838139269
0.458311615135
0.458752650566
0.459194341347
0.459447734312
0.459979657084
0.460476176069
0.460975698597
0.461440291451
0.461813406795
0.462205498404
0.462659505519
0.463025983434
0.463459963263
0.463892672045
0.464260588294
0.464715030755
0.465152546624
0.465516441099
0.465999742685
0.466424293841
0.466899518498
0.467221974178
0.467622565667
0.468132688097
0.468584236822
0.469039474934
0.469453782369
0.469849215242
0.470228104024
0.470499967353
0.470908633157
0.47136401335
0.47189950105
0.472220554708
0.472598520461
0.473038505417
0.473486554796
0.473805499185
0.474167428154
0.474527487229
0.474930036162
0.475204570142
0.475655832586
0.476133931917
0.476630369789
0.477166622955
0.477450814238
0.477972692477
0.478478402517
0.478900118421
0.479349645407
0.479782607628
0.480032649894
0.480427755541
0.480844721464
0.481230238135
0.481611699729
0.482017512651
0.482415125703
0.482864816104
0.483344498684
0.483795551521
0.484082221042
0.484376378272
0.484856065133
0.485296088293
0.485764612264
0.486316095458
0.486657529537
0.48681429537
0.48725308788
0.48780353308
0.488196313963
0.488699753271
0.489071862177
0.489457349101
0.489940711748
0.490316783048
0.490632721123
0.490959526728
0.49141799752
0.491931277464
0.492211057215
0.492722239517
0.493261266473
0.493736443243
0.494189999054
0.494600734028
0.494674275604
0.495210427387
0.495601844872
0.496161520482
0.496671892015
0.497045516282
0.497409804564
0.497953860318
0.49840092564
0.498908843569
0.499448007737
0.499651530005
0.500111843492
0.500551182436
0.500933605954
0.501310240257
0.501754390393
0.502178441881
0.502573587049
0.502945071115
0.503341727124
0.503574931078
0.504048651383
0.504618586975
0.505063448354
0.505467435016
0.505976823006
0.506501032136
0.506956897456
0.507421320995
0.507889027473
0.508386540093
0.508934278791
0.509368757525
0.509475120727
0.509966175386
0.510521463494
0.510964758915
0.511487333826
0.511980888241
0.512634520713
0.513140388451
0.513602842912
0.514060189537
0.514574220347
0.515036048363
0.515655141692
0.516155449057
0.516634375193
0.516862880564
0.51716101935
0.517512004673
0.517897576373
0.518459017308
0.519138489396
0.51955673899
0.520032207653
0.520530529999
0.520799844484
0.521199764216
0.521696016463
0.522036496431
0.522458078243
0.522672215941
0.523221860731
0.523590665561
0.524168905134
0.524680655584
0.525057499549
0.525585916732
0.526096797673
0.526455846882
0.526916519077
0.527317826153
0.527938967684
0.528375145207
0.528794353901
0.52924033174
0.529580862005
0.530134546663
0.530704907899
0.531350354616
0.531881669379
0.532309062557
0.532751089196
0.533341307352
0.533883146123
0.534568223022
0.534943673081
0.535353850284
0.535821645155
0.536275396271
0.53666726307
0.537043491074
0.537414933558
0.537948355644
0.538424312554
0.539116079674
0.539650314292
0.540211021384
0.540765082147
0.541396395233
0.541848598711
0.542344577282
0.542870547911
0.543416689787
0.543955828971
0.5445153082
0.545027886789
0.545430234285
0.545964578819
0.54643500272
0.546891161267
0.547592400569
0.54816213361
0.548619454736
0.549264420006
0.550025720621
0.550482978419
0.550992967502
0.551541764739
0.552076501178
0.552632793516
0.553125965576
0.553642806918
0.554275805618
0.554576521182
0.555174349771
0.555735830594
0.556279696429
0.556931325565
0.557477749755
0.558254704652
0.558783176639
0.559277486042
0.559822320666
0.560411210294
0.560818085322
0.561294554441
0.561791222336
0.562205852643
0.562846080127
0.563600080046
0.564219820212
0.564892188042
0.565428977862
0.5656218255
0.566206273393
0.566835699591
0.567612183912
0.568244798862
0.568899986186
0.569365862421
0.569919324711
0.570441735296
0.571091417988
0.571459967378
0.571862889286
0.572395525313
0.572874341515
0.573730325748
0.574126980879
0.574865172436
0.575481985782
0.576099967685
0.576745447768
0.577274582396
0.577806766477
0.578487585151
0.579119723218
0.579649246174
0.580065861545
0.580568924942
0.58108281287
0.581740835771
0.582392651141
0.582737120639
0.583399089113
0.583950655819
0.584469101796
0.584964069625
0.585576938738
0.586231295592
0.586830083979
0.587535325294
0.588058786059
0.588779985426
0.589372001905
0.58968922337
0.590335948635
0.590998126727
0.591680777351
0.592507817937
0.592919920742
0.593584287201
0.594127875027
0.594650050485
0.595238426482
0.596040034367
0.596603364221
0.597116120193
0.597799475842
0.598359828801
0.598967874235
0.599494588948
0.600051840813
0.600577030977
0.60146762131
0.601880422487
0.602410534246
0.60302850084
0.603581876793
0.604365819678
0.604834120683
0.605462175503
0.605974897243
0.606466948725
0.607054168635
0.607373376024
0.608093988224
0.608859888762
0.609666365074
0.60998438061
0.610607804014
0.611381358921
0.611993205111
0.612874844787
0.613447878479
0.61422719734
0.614851580162
0.615615963648
0.616250875631
0.617156453555
0.61787207427
0.618767662242
0.619417578335
0.620167821448
0.620720472048
0.621810386484
0.622504733771
0.623224393993
0.62394484539
0.624400051438
0.625131542459
0.626084439056
0.626755860912
0.627649360136
0.628489885316
0.629072683584
0.629895388684
0.6304005922
0.631209071103
0.632060336001
0.632732065167
0.633406590676
0.634007496886
0.634882977332
0.635702848199
0.636191284389
0.637065039324
0.637542657569
0.637786845944
0.638549264416
0.63947301611
0.64020543466
0.640677460244
0.641591484958
0.642266837807
0.6432730881
0.643777919392
0.644587555348
0.645008293532
0.645353140478
0.64620309366
0.64726134075
0.647893723392
0.648632753796
0.649403688133
0.650360216651
0.651141129904
0.651728006885
0.652601020319
0.65352549629
0.654169052027
0.65497758698
0.655710765848
0.656621638319
0.65736119644
0.658397031162
0.659628810157
0.66094683628
0.661640777477
0.662375504309
0.663235381911
0.664065604356
0.664772670793
0.665828883692
0.666661843863
0.667620969725
0.668594937691
0.669491272331
0.670300458042
0.671525395031
0.672695819314
0.673120457162
0.674228832105
0.675161416084
0.676074176115
0.676419202596
0.677099999811
0.677545970163
0.678685196795
0.679277978079
0.680317653991
0.681496913794
0.682601255393
0.683561671814
0.684164504826
0.684587787672
0.685731401446
0.686970996145
0.687981370989
0.689215424796
0.689963371348
0.691085550826
0.691741456449
0.692882919959
0.693943842409
0.695189785995
0.696167204476
0.69692944612
0.697916890333
0.698916359105
0.699781761454
0.700555353513
0.702018424942
0.702918513155
0.703797462323
0.705042070172
0.706230963011
0.70666738225
0.707816120168
0.708774973524
0.709504647916
0.710081328453
0.710936240777
0.71234876968
0.71325730871
0.714252455778
0.715126312179
0.716321606958
0.717404332204
0.718348784629
0.719773998509
0.721035784085
0.722558054473
0.723936134233
0.724667429294
0.725714678601
0.725993559818
0.72744794941
0.728518843314
0.730029715368
0.731384851632
0.731780443323
0.732625024803
0.733788818608
0.735050574928
0.736302275636
0.736208427327
0.737306845123
0.738758025717
0.739762668097
0.741407494598
0.74255078388
0.744149837092
0.74391822154
0.745176986981
0.746390598451
0.747966135053
0.748622666714
0.75021733465
0.751112678886
0.752345840081
0.753344605794
0.753589888582
0.7546959818
0.756024633407
0.75768151109
0.758842144617
0.76012003274
0.761342434752
0.762238782525
0.763751119188
0.764562571928
0.76615921018
0.767757059107
0.769262613456
0.770798795391
0.771818690092
0.772965564357
0.774048379284
0.775752503678
0.776632548566
0.777783340977
0.779076622505
0.779959649032
0.781829414961
0.782671576741
0.784014208335
0.784815104324
0.785347414728
0.786140692029
0.78771944322
0.78999645869
0.791913215062
0.792957171101
0.794295243567
0.795272679971
0.796636099391
0.798102929414
0.799846218666
0.801643444051
0.802547659172
0.803926015194
0.805878105864
0.807984932758
0.809074804598
0.807819836692
0.809881252614
0.811748694585
0.812982878432
0.814449985188
0.815954911044
0.817512090203
0.819171891246
0.821160152943
0.822411073151
0.823892020552
0.825748386724
0.827872570424
0.823385212836
0.825116802147
0.826273456466
0.827623742304
0.829379830798
0.831301203293
0.834063644098
0.835621384773
0.836906065365
0.83779188597
0.839098772665
0.841484996417
0.842774732851
0.84507840196
0.847190661764
0.848465459873
0.851017671072
0.8528443019
0.853705740895
0.854399390784
0.85563988809
0.857893102292
0.85969239553
0.86145428102
0.863303991238
0.865166633397
0.867483181564
0.868959467539
0.870932651412
0.873442143758
0.874493986574
0.87571641134
0.877612525544
0.879511965992
0.88084552354
0.882384617381
0.884158051343
0.885883837273
0.888344419619
0.889970758359
0.892816880868
0.895311190068
0.897735240853
0.899738917667
0.902278510358
0.90574599411
0.908534565437
0.911263710431
0.913009539245
0.915546784454
0.918744976177
0.921480089918
0.924444094241
0.926267306042
0.927028466536
0.929652902361
0.931062280307
0.933249432009
0.935432222377
0.937491851561
0.940685819303
0.942472926699
0.944901525768
0.948250393909
0.950176330781
0.952010532678
0.954412504808
0.956288753483
0.96038810092
0.963107386521
0.965728000602
0.968636096961
0.970824842704
0.971914485205
0.97442794389
0.977946735741
0.980597582541
0.982589718705
0.985383307052
0.987436363004
0.989301854773
0.993739800716
0.996852295215
1.0000448686
1.00318084347
1.00576446639
1.00925267456
1.01104709907
1.01504292628
1.01817707775
1.02092296687
1.02399748968
1.0281948379
1.03226376124
1.03448123572
1.03631318804
1.04030129151
1.04529852656
1.04816039298
1.05183498178
1.05557607114
1.05984358667
1.06223199152
1.06569022622
1.06789872779
1.07244273961
1.07547561104
1.07974918292
1.08372305735
1.08611145831
1.09038867126
1.09384455774
1.09801484707
1.10271778459
1.10433493496
1.10805635453
1.11271105025
1.11808722544
1.12204887154
1.1258523426
1.13067672832
1.13683856564
1.14049125643
1.14471576985
1.1498691772
1.15564828576
1.1604531963
1.16709202937
1.17285328143
1.17963516513
1.18480127837
1.1887176079
1.1960255088
1.20114434438
1.2074087787
1.21312869856
1.21955954135
1.22171502966
1.22770937534
1.23375328936
1.24157379046
1.24685078919
1.25556115008
1.26188314969
1.2674885542
1.27494037416
1.2815641578
1.28892499858
1.29353736063
1.29999442501
1.30431249685
1.30800933898
1.31605834721
1.3218340365
1.33066241024
1.335967057
1.34446822254
1.35109073527
1.35602012241
1.36606451237
1.37499093422
1.3836324391
1.3926675066
1.4051582257
1.41516920967
1.42358986224
1.43229787416
1.44404968695
1.45896111282
1.46759285218
1.47866366586
1.48189077855
1.49844116128
1.50998873378
1.52028308499
1.53373250772
1.54635407349
1.55407058494
1.56317714044
1.5755621227
1.58754759013
1.5968295785
1.60315056187
1.61440947522
1.62871155018
1.63919564117
1.65687722379
1.66896949083
1.68798445094
1.69708416502
1.71118235339
1.72908964181
1.73673713
1.75506576277
1.77516597461
1.79852813549
1.81770581344
1.83536533702
1.84082029993
1.85224947604
1.86567154772
1.8856892836
1.88038198936
1.89319167257
1.90760365988
1.91586815308
1.93805279173
1.94353301467
1.95432492882
1.97022357616
2.00590986396
2.01584773498
2.0500320507
2.07231381844
2.09134017206
2.1188481033
2.15270769472
2.17267596777
2.1969323143
2.20610939612
2.23392612925
2.2549323985
2.29436859596
2.30604745175
2.34150518365
2.37090743005
2.39395257882
2.41572178997
2.43742160653
2.49263851113
2.54066954328
2.56064016238
2.58099510585
2.61243702612
2.6561350856
2.69707545961
2.65209558397
2.66502571447
2.57433970505
2.46268059819
2.41414207077
1.81229092425