0.254887135176
0.288918089758
0.299847468229
0.306565915118
0.311527467506
0.315462028762
0.318805709712
0.321538808815
0.323979552008
0.326374568582
0.328553105663
0.330496030184
0.332391604216
0.334172606439
0.335869760434
0.337425323981
0.338916808354
0.340435614153
0.341944497221
0.343287841555
0.344608449315
0.345921755726
0.347058678151
0.348315314428
0.349505315057
0.350714400488
0.351783961732
0.352874983286
0.353894414391
0.354888511606
0.355920372726
0.356877931667
0.35781583516
0.358755740991
0.359722721429
0.360687513156
0.361500259655
0.362450921843
0.363272786749
0.364126887355
0.365000660193
0.365822927058
0.366664137391
0.367481159293
0.368311929482
0.369073607736
0.369768000549
0.370539723534
0.371284452542
0.371962122092
0.372721518566
0.373481958268
0.374209162858
0.374905877276
0.375561481363
0.376271952819
0.37705202936
0.377702564965
0.378315074537
0.378986253786
0.379560520474
0.380177679047
0.380882035549
0.381540686504
0.382150121662
0.382767223193
0.383348509198
0.383992559263
0.384566305123
0.38518761909
0.385753701008
0.386286901663
0.386956159219
0.387589884035
0.388115376257
0.388659018046
0.389213637369
0.389826358894
0.390299919488
0.390840716276
0.391338579122
0.391844521513
0.392360671044
0.39289410704
0.393431741516
0.393997915286
0.394588954714
0.395058953971
0.395542030916
0.3961463124
0.396731879528
0.397152032522
0.39762156018
0.398105969039
0.398602847836
0.399142984292
0.399655345973
0.400167661104
0.400590646383
0.400989131269
0.401439225383
0.401958501266
0.402456733393
0.40292254557
0.403409107045
0.403873456858
0.404374635527
0.404893923202
0.405345427204
0.40587177685
0.406320744423
0.406747528227
0.407228182253
0.407683620656
0.40819737334
0.40863063321
0.409141406685
0.409624068583
0.410104289354
0.410559162463
0.410953826281
0.411390705684
0.411665954026
0.412124300641
0.412581785311
0.413097677305
0.413488648439
0.413872824592
0.41431701655
0.414682761648
0.415094561932
0.415563051676
0.415912683622
0.416360653129
0.416739766609
0.417218338406
0.417626421298
0.418075347944
0.418469260263
0.418976811894
0.419366105561
0.419747943993
0.420207435029
0.420660703859
0.421060129497
0.421562016562
0.421995619241
0.422480930838
0.422908851776
0.423392429707
0.423748442201
0.424218815632
0.424637225186
0.425047367502
0.425521094219
0.425914391709
0.426331356932
0.426652281914
0.427072257467
0.427490439309
0.427863143976
0.428306914119
0.42876614664
0.429147734815
0.429544654786
0.429932397198
0.430352479292
0.430770487081
0.431065555376
0.431437662467
0.431757231413
0.432205768876
0.432554099948
0.432926054249
0.433309076436
0.433775090493
0.434211599583
0.434564823517
0.434926711857
0.435327782678
0.435612546872
0.436095308448
0.436442753659
0.4368389404
0.437269684128
0.437688822575
0.438044030287
0.438355350844
0.438745271246
0.438945714813
0.439406217136
0.439790622958
0.440155204665
0.440370032643
0.440725756366
0.441118497233
0.441509711637
0.441970166012
0.442376788196
0.442729185612
0.443183976295
0.443495286475
0.443945082896
0.444358191159
0.444800321779
0.445204395981
0.445561806144
0.445930357045
0.446259145273
0.446607379833
0.446901676196
0.447238206261
0.447663781034
0.448053809503
0.448406825692
0.448822072936
0.449270657574
0.449577359883
0.449903854773
0.450332466855
0.450661754033
0.451029049126
0.451450863959
0.451779118074
0.452149084546
0.452498644825
0.452892102226
0.453117792876
0.453492733779
0.453878515567
0.454340522089
0.454725386238
0.454976174751
0.455304490148
0.455739694693
0.456151403594
0.456261219522
0.456600177123
0.457051221173
0.457502189183
0.457842050228
0.458159716102
0.458564380228
0.459035062081
0.459323140355
0.459714072843
0.45994504539
0.460297803899
0.460674647617
0.461069691204
0.461419702801
0.461842002789
0.462243290249
0.462672578451
0.463149794679
0.463564229313
0.46392487686
0.464352904137
0.464625070645
0.465112488705
0.465497753342
0.465858633301
0.466226345225
0.466604493602
0.466909707415
0.467340012403
0.467681100222
0.468118020232
0.468481222071
0.468827802828
0.469318618775
0.469735665595
0.470123932087
0.470480811779
0.47086761166
0.471241343954
0.47166490632
0.472072485721
0.472476875262
0.472815637473
0.473189077841
0.473629113526
0.474099395096
0.474494638943
0.474882038205
0.475322870599
0.475716940444
0.476130496062
0.476476171566
0.476934288325
0.477404310447
0.477742200224
0.478189002435
0.478506916717
0.478982490288
0.47924397549
0.479572689212
0.479971014774
0.480275623895
0.480588385539
0.480980274329
0.481424368084
0.481642471281
0.481973766466
0.482329823443
0.48272670964
0.483111385387
0.483557691108
0.483897760173
0.484310974509
0.48456770903
0.484977064198
0.484919291504
0.485404264883
0.485729464461
0.486113218997
0.486620097181
0.486969692854
0.487400148315
0.487802951469
0.48819241364
0.488706736446
0.489089573015
0.489530002226
0.489903574946
0.490301837511
0.49062012456
0.491055804766
0.491450004162
0.491660344465
0.49209505892
0.49244510928
0.492871790316
0.493242799008
0.493747821792
0.494192318473
0.494584631444
0.494717318271
0.495097339175
0.49539245422
0.495787508306
0.496205003368
0.49661027092
0.496989696751
0.497382396283
0.497804733514
0.498065346507
0.498414588515
0.498886951843
0.499324466859
0.499691113157
0.500037347868
0.500610525772
0.500980190128
0.501456946811
0.501908840475
0.502317740083
0.502807352902
0.503284279618
0.50374440932
0.504164295216
0.50450306476
0.504897258744
0.505496829606
0.505942894875
0.506458357326
0.506914697817
0.50720950469
0.507626914383
0.507975971642
0.508416108063
0.508862778137
0.509351082044
0.509741864166
0.510075511984
0.510499375159
0.511033871727
0.511488441994
0.512106480829
0.512640008725
0.513074503018
0.513455056183
0.513212914315
0.513651145126
0.514179638095
0.514608452968
0.514709852015
0.515215876875
0.51555479815
0.515946895953
0.516380512364
0.516817870503
0.517057788984
0.517591651473
0.517961228373
0.518557949463
0.519192950586
0.519606736683
0.520104523276
0.520537207436
0.521052189529
0.52146496626
0.521952759963
0.522497297438
0.522940479033
0.523385597093
0.523575771296
0.523894838524
0.524372894842
0.524861400204
0.525378590496
0.525954748421
0.526495755418
0.527020295516
0.527556083558
0.527906876947
0.528369808246
0.528816494264
0.529005549145
0.529435923588
0.529905613165
0.530403754612
0.530855574774
0.531374704754
0.53169708656
0.532147693956
0.532554532597
0.533194418174
0.53377341848
0.534164922737
0.534748839174
0.53531759771
0.53593166808
0.536323088249
0.536930001198
0.537409972924
0.537886641428
0.538502710805
0.538884627302
0.53927772562
0.5397148952
0.540156858072
0.540673955406
0.540829552522
0.541374187015
0.541879368335
0.542329637706
0.542915939963
0.543525853093
0.544011978795
0.544561734972
0.545225354016
0.545734806812
0.546354041792
0.546887101587
0.547327636282
0.547937595681
0.548609041242
0.549065008941
0.549366463643
0.549955666559
0.550571482112
0.551156428601
0.55173205141
0.552048592418
0.552543200637
0.553011933484
0.553544669775
0.553935683108
0.554482813247
0.554879439687
0.555572931625
0.556128533019
0.556401941225
0.556699893647
0.557196989463
0.557810797049
0.558108343456
0.558711995763
0.559234354654
0.559683755866
0.560056993091
0.560512614011
0.561054000063
0.561915756306
0.56242831292
0.563054026353
0.56359256315
0.564018551387
0.564631251479
0.565147355285
0.565505858229
0.565961924811
0.566375253922
0.567088227811
0.567430213089
0.5679661862
0.568718139417
0.569179373229
0.569775725665
0.570304057298
0.57069686917
0.571380814834
0.57158797226
0.572264508565
0.572733994967
0.573280699778
0.57378499485
0.574454178083
0.575076153886
0.575609360988
0.576359738719
0.577019736299
0.577673507911
0.578202392369
0.578872289158
0.579390402529
0.580001262753
0.58086975894
0.581335962606
0.581761031244
0.582331515665
0.582572272338
0.583424554951
0.584140926808
0.58472583061
0.585361413942
0.586164536938
0.586922596555
0.587595805853
0.588360477038
0.588972661721
0.589667379219
0.590300380817
0.590736276512
0.591378506316
0.591987667209
0.592678894185
0.593453256737
0.594278663952
0.594999337688
0.594839944747
0.5951651713
0.595832626612
0.596295907218
0.596808116282
0.597606458759
0.598446241788
0.599018886927
0.599507907734
0.600179603474
0.600868211273
0.601481761748
0.602195508745
0.602792921403
0.603348152113
0.603966093244
0.604746848214
0.605438608206
0.606127338522
0.607072737092
0.607891567011
0.608536665929
0.609559907481
0.610291883141
0.611228713266
0.611512844918
0.611947916198
0.612610316363
0.613275602668
0.614044691442
0.614687427983
0.615079487127
0.615809020832
0.616337352902
0.616911684268
0.617828179031
0.618640943457
0.619471353145
0.620264115522
0.621022930879
0.621717836294
0.622432035252
0.623289153099
0.624286524606
0.625130270866
0.626232469702
0.626481522971
0.627309894522
0.628158783534
0.629071317039
0.629818572886
0.630483674568
0.631130951248
0.631795545908
0.632492668036
0.633301413354
0.634136480591
0.63494710971
0.635772151532
0.636402865618
0.637112136091
0.637691768008
0.638389566375
0.639247735332
0.640149632784
0.640802238351
0.641843483638
0.642213504688
0.642779068649
0.643626945817
0.644591254785
0.644856529729
0.645150184467
0.646062746218
0.646411693158
0.647578997561
0.648156266136
0.649157115686
0.649506117881
0.650590864741
0.651548624789
0.652556917515
0.653251957995
0.653847150194
0.654693879574
0.655751548234
0.656609051243
0.657387280962
0.658414945156
0.658969308597
0.659621878792
0.660841244947
0.661663666378
0.662713126234
0.663795131808
0.664436267188
0.665500768093
0.665941137208
0.66689930096
0.667554716875
0.668585674361
0.669573346401
0.67069221238
0.671695304691
0.673019972219
0.673676948749
0.675029548578
0.67613005806
0.677153889031
0.677954108674
0.678942898089
0.679962069456
0.681192265096
0.682608732851
0.68351643731
0.684450828306
0.68536682674
0.68644741493
0.687467726881
0.688547057059
0.689517205111
0.690330295511
0.691574883554
0.692629586048
0.693613556744
0.694738146544
0.695488506626
0.696538873749
0.697465205586
0.698321935566
0.699591867636
0.700278630091
0.701066951478
0.701958531325
0.702945680565
0.703815339047
0.704731920532
0.705411794446
0.706309306765
0.707164479315
0.708438254859
0.709941592413
0.711385273034
0.712648931267
0.713869591245
0.714816770942
0.715515169326
0.716678355047
0.717817818266
0.719331571858
0.720242416526
0.721693773143
0.722785626134
0.723828981616
0.724789670315
0.725659000555
0.726964074202
0.728411886699
0.729305774623
0.730699778954
0.731227489401
0.732885729991
0.734418029174
0.735823443494
0.737088113962
0.738787457403
0.739815128703
0.741257826599
0.742147908177
0.743363154293
0.743888029297
0.744595991576
0.746162294059
0.747841317869
0.748972443931
0.750269688099
0.75131771742
0.752295730837
0.754081093554
0.755644929561
0.757126534025
0.757961243969
0.757828092824
0.758572522185
0.760767566338
0.762285854052
0.763730977079
0.76550219157
0.766735262575
0.76812231338
0.769789181375
0.771562047333
0.773187867948
0.774513360147
0.775865402931
0.777522522297
0.779237841048
0.780874709854
0.782443433434
0.784327810932
0.786147823837
0.788071971735
0.790144081284
0.791165799827
0.792205921741
0.793596389353
0.795051685193
0.796455933312
0.797760846455
0.799406845768
0.800519710345
0.802218013194
0.803349841344
0.804942769294
0.80433637863
0.805740601311
0.807582835858
0.81018079834
0.812126365562
0.813918316941
0.815453889086
0.817106932112
0.81806314523
0.820029686346
0.821871447959
0.823233139016
0.825661269732
0.827312974965
0.829894587736
0.831107272791
0.832559515505
0.834618430788
0.835659548693
0.837820574958
0.839861146833
0.842558301584
0.844435141486
0.846680056439
0.848247710119
0.850188150808
0.851740226625
0.853603603409
0.855477498196
0.858156141013
0.859835706248
0.861637626932
0.86277790276
0.864665994392
0.864779955615
0.866324550602
0.86799312291
0.869706189963
0.871567591187
0.873634522503
0.87606631209
0.878412516545
0.880818055823
0.88316653812
0.885514545914
0.886963853917
0.889142603826
0.891319853587
0.894030027293
0.896223629367
0.898292212262
0.900020367369
0.902570203715
0.904657248717
0.905708427416
0.907461881298
0.909591983306
0.911073693615
0.91253879815
0.914978506906
0.917421121236
0.920115360493
0.923314046257
0.92585379889
0.928518932097
0.932800390184
0.936223716298
0.938754216959
0.942219105644
0.945355219283
0.9486178405
0.951488059339
0.953640499583
0.956374779309
0.959943264896
0.962358136474
0.964673793382
0.964449213337
0.968231928796
0.971004149365
0.974282159152
0.978614185225
0.982131578382
0.985691127064
0.989176845752
0.992877033058
0.995882304891
0.998359211871
1.00092970176
1.00434587119
1.00747735829
1.01007399496
1.01139789942
1.01501777974
1.01801267289
1.02187655681
1.02476081672
1.02690784845
1.03005794993
1.03273709686
1.03608188941
1.03925578391
1.04331765477
1.0467965109
1.05261612837
1.05389209552
1.05704203222
1.06143122968
1.06391516729
1.06189892701
1.06578769505
1.06838156216
1.07413529832
1.07869547711
1.08280730978
1.08739453541
1.09184004679
1.09589111236
1.10111646319
1.10443257636
1.10949736059
1.11307958879
1.11633773614
1.11918990312
1.122893021
1.12696017842
1.13397211082
1.13862183859
1.14251986858
1.14909178556
1.15305503069
1.15957414188
1.16463459621
1.17106679047
1.17635595307
1.17839992354
1.18357700011
1.19329971401
1.20000008733
1.20675083762
1.21230538461
1.22120670581
1.22726960481
1.23259376799
1.23867783524
1.24767550426
1.25437254612
1.26258908833
1.26800841787
1.27449109867
1.27842389895
1.28834899216
1.29273571128
1.29658119504
1.3047471331
1.31284815844
1.31793456606
1.32663546695
1.32952540047
1.34147334577
1.34667621976
1.35914574839
1.36702463891
1.37517316466
1.38008857945
1.39092296642
1.39598397992
1.40213420079
1.41114963746
1.42135784995
1.42670146356
1.43247583584
1.44141231931
1.45249703112
1.46242631874
1.47097757742
1.48270866537
1.49298128387
1.50532529383
1.50928248631
1.52061784075
1.52747491836
1.53790993077
1.54742892605
1.56248860687
1.57300172716
1.58699276656
1.60552232685
1.62498521125
1.63426994865
1.64737674073
1.6567087653
1.66316240563
1.6758620387
1.69068743001
1.69900600427
1.72236026949
1.73921657431
1.75678997579
1.76459577367
1.78408812084
1.797209429
1.81233818193
1.83596733921
1.8463187685
1.85734203955
1.88443878722
1.90821084025
1.92466450528
1.94146113784
1.96265903229
1.97229337078
1.99324254762
2.01682106296
2.04184406205
2.07295737561
2.09982999203
2.13600385931
2.15051408161
2.18220032136
2.21075613734
2.24282418933
2.26853222462
2.30913526832
2.36559638931
2.34714970007
2.39910065172
2.42810003045
2.45429817035
2.50120581683
2.54659062085
2.53387817151
2.53361377879
2.48557351306
2.55476304037
2.5924128717
2.59776078108
2.47673855317
2.38825897242
2.32106801005
2.15758871427
1.91914047443
1.55486099545
1.00984231823
0.493474266575