0.254887135176
0.284497771274
0.299167461024
0.307497162912
0.313281027158
0.317706776317
0.321462075039
0.324641372245
0.327377036811
0.329963459047
0.332227253521
0.334410545184
0.336444797624
0.338234707697
0.340047234414
0.34176443426
0.343314741655
0.344900836257
0.346365953115
0.347879198523
0.349240377346
0.350574903803
0.351872655204
0.353088308954
0.354233254063
0.355474606952
0.356710616267
0.357862378297
0.359002009333
0.360058073282
0.361173318535
0.362161509657
0.363107313914
0.364082285915
0.364955299713
0.365886629384
0.366869123141
0.36787004179
0.368773725571
0.369646703248
0.370433357887
0.371263683528
0.372101310877
0.372888461443
0.373743206871
0.374434731976
0.375269592994
0.37602353021
0.376853082674
0.37757772792
0.378328691759
0.379016400949
0.379623447193
0.380370095341
0.381043018228
0.381590849817
0.382302414667
0.383021937207
0.383712318403
0.384340911808
0.384931181573
0.385617603216
0.386208607465
0.3867917855
0.387408794745
0.387998634333
0.388598914481
0.389134508031
0.38976210008
0.390337961985
0.390964705944
0.391621403242
0.392202491832
0.392826600618
0.393451406022
0.394041060687
0.394600557309
0.395240917868
0.395802397051
0.39632753497
0.396854373706
0.397476703207
0.398014655887
0.398562334726
0.399091269266
0.399664931953
0.400232545906
0.400807204317
0.401267992114
0.40177572675
0.402320859723
0.402868864783
0.403335034804
0.4037397016
0.404219032061
0.404657027447
0.405219477521
0.405702648333
0.406229835378
0.406697014812
0.407187038088
0.407651658637
0.408066635426
0.408566269341
0.40911095663
0.40964214741
0.41008718412
0.410548397864
0.411029515964
0.411540523681
0.411977738675
0.412456666161
0.412908123081
0.413390860606
0.413830751187
0.414211956161
0.414658318981
0.415161737631
0.415623696727
0.416151824315
0.416534959906
0.416908556213
0.41741127016
0.417918279953
0.418442095456
0.418860601335
0.419305087827
0.419712490727
0.420227113606
0.420718170076
0.421142982731
0.421573233865
0.421947371116
0.422377491034
0.422789261027
0.423249111346
0.423684465361
0.424080119544
0.424442188941
0.424847616461
0.425200816716
0.425650470144
0.426039196431
0.426466388571
0.426877651066
0.427338232161
0.427779583002
0.428041616738
0.42845470329
0.428809663696
0.429282273367
0.429654493281
0.430053456927
0.430269804568
0.430652157577
0.43097936048
0.431424021562
0.431781011724
0.432144717373
0.432523471415
0.432957471532
0.433351586711
0.433733977197
0.434153042569
0.434584703304
0.434964085005
0.435286205247
0.435595856344
0.435898057992
0.436231647423
0.436622435343
0.437014968942
0.437354937894
0.437773919159
0.438231954425
0.438649323642
0.438898473065
0.439330968773
0.439708776624
0.440093421742
0.440436261597
0.440739549894
0.441187015352
0.441611282936
0.441997652726
0.442374854991
0.442760224135
0.443142304839
0.443513419827
0.443828446185
0.444251540413
0.444444914469
0.444868010446
0.445213637461
0.445499437299
0.445910697148
0.446335924469
0.446596464112
0.447047457598
0.447303185897
0.447773062288
0.448026087648
0.44838419428
0.448744519154
0.449076824686
0.449494767022
0.449927267096
0.450321730722
0.45071942597
0.451104269568
0.451488440089
0.451935945323
0.452357945702
0.452799098051
0.453171081852
0.45342764455
0.453859522701
0.454217344254
0.454657457206
0.454992780585
0.455435471151
0.455815792015
0.456246993114
0.456649432149
0.457040844611
0.457493711077
0.457814692447
0.458256488199
0.458587888585
0.458999334238
0.459426552198
0.459789660972
0.460195536206
0.460323085854
0.460828998959
0.461126874631
0.461484586836
0.461857595576
0.462002413911
0.462449872204
0.462885985978
0.463364883146
0.463805268877
0.46422254598
0.464651159142
0.465095380759
0.465519273191
0.46592281788
0.466309513317
0.466649783003
0.467062841029
0.467509050652
0.467871616348
0.468335675919
0.468679314265
0.469155921621
0.469641432779
0.470095649804
0.470522396305
0.470872740302
0.471225599412
0.471649408884
0.471984049341
0.472425833513
0.472850026431
0.47328691773
0.473746684237
0.474139408567
0.474619232205
0.475109106707
0.475516409382
0.475902488202
0.47624037002
0.476792288277
0.477279182802
0.477697264267
0.478162026023
0.478666081763
0.479022578784
0.479394681703
0.479798217104
0.480214659492
0.480647585186
0.481198986393
0.481645146417
0.482144915377
0.482497827923
0.482931228459
0.483305860857
0.483781310545
0.484171089968
0.484500248017
0.484998842153
0.485400835039
0.485806720976
0.486212591483
0.486597151776
0.487076775563
0.48747903296
0.487925050933
0.488366858196
0.488700107993
0.489232319775
0.489719183047
0.489993220687
0.490340456023
0.490797703468
0.49120766018
0.491453143429
0.491866922652
0.492263811987
0.49269137884
0.493109239926
0.493608780572
0.494067483902
0.494432168152
0.494854282526
0.495285343268
0.495768116261
0.496160986492
0.496666980748
0.496855482951
0.49730305555
0.497395708097
0.49784738662
0.498098169311
0.498485453946
0.499060703981
0.499513860105
0.499874891616
0.500376511525
0.500842197355
0.501150016059
0.501649469577
0.502067378589
0.502214629268
0.502690115389
0.503212237641
0.50366177844
0.50406591753
0.504306633066
0.504806661031
0.505218043655
0.505439165951
0.506004088027
0.506410076584
0.506743140177
0.506934826327
0.507419845694
0.508004239702
0.50845877585
0.508948260757
0.509393868863
0.509845963576
0.510268698633
0.510645224706
0.511000227904
0.511624726884
0.512059716929
0.512481942856
0.512740422714
0.513200692601
0.513777960889
0.51420598025
0.514633255218
0.515016175682
0.515430554406
0.51589138769
0.516350392046
0.516920624364
0.517376547949
0.518011647115
0.518552317734
0.519013578094
0.519256765255
0.519459704415
0.519901528175
0.520193081034
0.520605477756
0.521137293103
0.521289740675
0.521769954198
0.52204451263
0.522530490229
0.52307800548
0.5234643908
0.523948811107
0.524332540906
0.524801644318
0.525300172847
0.525771018294
0.526385942102
0.52693980827
0.527419361199
0.527854413459
0.528498724287
0.529046961624
0.529443600012
0.529892801084
0.530404629493
0.530905800781
0.531139781702
0.531705705322
0.532132496436
0.532591040933
0.532921929421
0.533496254037
0.534002386034
0.534577770795
0.53492130704
0.535484016192
0.535837707448
0.53569814164
0.536123960304
0.53656524773
0.537248711144
0.537670517665
0.538199933988
0.538713307877
0.539292876094
0.539703211113
0.540253065536
0.540594918739
0.541210574989
0.541709525824
0.541976339676
0.542660745719
0.543194443598
0.543738639922
0.544339393264
0.544565098213
0.545020341211
0.545551560293
0.545985873284
0.546505770357
0.546937582565
0.547705919254
0.548140507368
0.54876898153
0.54938333914
0.549975284833
0.550549022315
0.550952834908
0.551173451969
0.551830001788
0.552244897895
0.552755810331
0.553235486859
0.553709777774
0.554237661714
0.554563509341
0.554973243793
0.555549806683
0.555823799507
0.556494023321
0.55691010758
0.557485634637
0.557994352489
0.558256371503
0.558924106341
0.559601908095
0.560231204559
0.560558245619
0.561290321131
0.561862785114
0.562451394017
0.563117552089
0.563470447179
0.563874180727
0.564252948937
0.564790510568
0.565416020482
0.565816246244
0.566340365798
0.566718110866
0.567144529125
0.567826174184
0.568330221613
0.568903204839
0.569483016407
0.570225186886
0.570974403316
0.57165508375
0.572410619361
0.573178730598
0.573887222287
0.574427223535
0.574935420575
0.575591816048
0.576257049664
0.576819625736
0.577537041342
0.578142430182
0.578859138694
0.579655319339
0.580388194356
0.581007706604
0.581722718793
0.582454371462
0.582871138671
0.583343871765
0.583967591721
0.584587210008
0.585133522398
0.585583945126
0.58636747446
0.586800983833
0.587566785795
0.588112636914
0.588796843157
0.589562053537
0.590219361457
0.590934956687
0.591427003449
0.592187378117
0.592902420227
0.593332958869
0.593651758456
0.593874097505
0.594664389631
0.594895808785
0.595644815466
0.596014351965
0.596734092458
0.597575774546
0.598273525424
0.5986273748
0.599348511019
0.600009816418
0.600804448185
0.601544106795
0.602171317531
0.602889930234
0.603563510194
0.603990777454
0.604949359624
0.605552548955
0.606322985366
0.606790540489
0.607276944453
0.6078496752
0.608562491632
0.609262017743
0.609937537058
0.610822755925
0.611344636972
0.612213453265
0.612713724672
0.613492436237
0.614193609631
0.615138563377
0.615566072124
0.616112321431
0.616855768499
0.61744453636
0.618131353629
0.618859685103
0.619525388335
0.620149163062
0.620950365218
0.621576310635
0.622271599441
0.623100195576
0.623754231245
0.624217811814
0.6248115148
0.625456208338
0.626069692837
0.626888219997
0.627612267287
0.628369189019
0.629187281543
0.630196166095
0.630940529266
0.631805327428
0.632926582255
0.633701563747
0.634177879477
0.635001454684
0.635724846302
0.636535266495
0.637125087337
0.63777004873
0.638142147419
0.638983468856
0.639542777703
0.64044014629
0.641473783179
0.642302528248
0.643384501402
0.643441085226
0.64425071205
0.644960958733
0.646057565883
0.647028369403
0.647943739772
0.649089100257
0.649602699408
0.650422708755
0.650650071451
0.651479978127
0.652272181862
0.653107835817
0.653477309321
0.65438605926
0.655269875628
0.656048904502
0.656583782708
0.657481976978
0.658571078463
0.659354959366
0.660178808217
0.660730590828
0.661565417102
0.662707304738
0.663203288019
0.664584237115
0.665338140979
0.666436344808
0.667554873612
0.668300118333
0.669420285989
0.670034462479
0.670913265573
0.671613574462
0.672590400414
0.673316254307
0.674404996695
0.675253505635
0.676234804414
0.677401755238
0.67826780741
0.678467849141
0.678875982424
0.679987841996
0.680890727509
0.681851668243
0.682487662569
0.683130825225
0.684205826471
0.685675669007
0.686999007283
0.686657094527
0.687812254881
0.688740233502
0.689810607272
0.690721755298
0.691415949409
0.692480926972
0.693263854929
0.694229458345
0.695278739219
0.69634512376
0.697425950068
0.698228941725
0.699537032192
0.700416756998
0.701173513363
0.702544528166
0.703422085843
0.70469316037
0.705836602765
0.706539576784
0.707282352972
0.708200114114
0.709682554325
0.711261845091
0.711950938994
0.712530984782
0.713403647641
0.714674703925
0.715818122603
0.717104596283
0.718042535951
0.718920988845
0.719831133412
0.721023328303
0.721967306372
0.721485444435
0.722669132194
0.724003440064
0.725529905951
0.726569039965
0.727150941777
0.728413597034
0.729485625494
0.730680702325
0.731682492503
0.732921790728
0.734496785045
0.735439605298
0.736929762759
0.738176707544
0.739678766507
0.740335274271
0.741765311907
0.742477239859
0.743780294275
0.744850965444
0.745665405014
0.747074152235
0.748224556506
0.749246792005
0.750099927605
0.751513635632
0.753116383286
0.754665802603
0.756057405345
0.757497972773
0.758702141554
0.760326086361
0.761581417669
0.763173447135
0.764784583036
0.764430894914
0.765751298051
0.767034066654
0.768509708525
0.769890193462
0.771074607623
0.772630391118
0.773667709983
0.775012213684
0.77682937978
0.778214797008
0.779051037547
0.780536157088
0.782104424576
0.783573083772
0.784762348242
0.785509187951
0.78714260384
0.78888794067
0.790639076781
0.792318662281
0.793554435883
0.794633352682
0.796184978594
0.797509658478
0.798685644931
0.800179439102
0.801765926674
0.803466596717
0.805632864071
0.806490581278
0.807788389628
0.809629099298
0.811763246693
0.813677397915
0.815140335104
0.816691491482
0.818513792495
0.819974055136
0.821713064103
0.823465749817
0.825254073614
0.827268291808
0.828820997287
0.83036975222
0.831488148741
0.83234854596
0.834095137384
0.835977100996
0.837917058503
0.840377494936
0.842203830046
0.843301863769
0.845158188522
0.847219292307
0.847849101249
0.849422852038
0.851285735036
0.853767921626
0.855447877672
0.857511708427
0.859985398767
0.861497033921
0.862924001096
0.865300633686
0.863985086625
0.865980816841
0.867504931306
0.869379209544
0.871566684661
0.873454329541
0.874772548568
0.8779344885
0.880235065284
0.881452014177
0.883335359502
0.8847598664
0.886656192875
0.890058677233
0.89242755087
0.894481543407
0.896076824809
0.898150301735
0.901421974051
0.904050729596
0.906835965984
0.908620650918
0.911091884603
0.912643506337
0.91551813845
0.91777771238
0.920086380343
0.922176324878
0.924426222988
0.926921799298
0.929131194951
0.931606745911
0.934470234116
0.935835614171
0.938775020944
0.941612189991
0.944377794929
0.946837464531
0.948791119304
0.951159461439
0.954687757365
0.956233581847
0.958923437947
0.961916035567
0.964227280055
0.967322177145
0.966926393491
0.967926886323
0.970520343873
0.972519335034
0.975465105578
0.979028022846
0.983073011316
0.984041231339
0.987865758814
0.991190928419
0.994236469395
0.999034799782
1.00285874965
1.0063853228
1.00745439296
1.01071658881
1.01403119
1.0174725891
1.01960595445
1.02169936085
1.0228263653
1.0236927313
1.02499806273
1.02740773202
1.03004056293
1.03466855477
1.03847996976
1.04059752878
1.04386104469
1.04784099194
1.05145027726
1.05468648236
1.05932448413
1.06278503827
1.06584223405
1.06884488877
1.07225641687
1.07438138227
1.07710568924
1.07804548942
1.0816435726
1.08515129812
1.08725631611
1.09130327709
1.0947238488
1.09855861676
1.1002735666
1.10406559358
1.10798417255
1.1115051938
1.11654522821
1.12310228949
1.12728093636
1.12862293676
1.13237793853
1.13589147631
1.14017959681
1.14424461811
1.14697400708
1.15369750854
1.1605889857
1.16373896552
1.16785149582
1.17313539655
1.17866524639
1.18299246667
1.18915323343
1.19328935723
1.19984751581
1.20600279411
1.21196550634
1.22032130789
1.2258198262
1.22925854783
1.23430238519
1.24145968847
1.24364414385
1.24910993182
1.25433238498
1.25869197296
1.26771812838
1.27379946197
1.27968650398
1.28996646045
1.29654206895
1.30210444314
1.30797876993
1.31249554379
1.32011746938
1.32552515051
1.32970381908
1.33160868244
1.33817047156
1.3459225684
1.35443522784
1.36241013451
1.3679522848
1.37769688556
1.38250950378
1.39545999185
1.4050442281
1.41675529584
1.42620135049
1.43704681228
1.44473972963
1.45666406831
1.46279885094
1.47782389519
1.48920662322
1.49855131015
1.50872500576
1.51764092534
1.53012862223
1.54253423341
1.54992414172
1.56308051822
1.58003683627
1.59346000455
1.60769759729
1.62074261997
1.62840375994
1.63829222589
1.65167588238
1.67015823527
1.68522946015
1.70307164194
1.70916433655
1.7268540474
1.736337851
1.75548589063
1.77995148523
1.79971339082
1.81557884554
1.83237127854
1.84945693401
1.86632839985
1.88323506476
1.90098842106
1.90670863315
1.92571932557
1.95198525268
1.9706122748
1.99870239386
2.02128565742
2.04093037871
2.06992921011
2.07714497319
2.11811541565
2.15233884827
2.16563225955
2.20443925824
2.24351073236
2.26409162134
2.29688463782
2.3205707547
2.35081485293
2.38571164333
2.39605059804
2.43862922554
2.49385866318
2.49939818188
2.50948348301
2.54650170144
2.53975122608
2.56287234734
2.54879209818
2.54769737873
2.52718255168
2.5477430623
2.42205217509
2.31642009441
2.18505625426
1.98191984067
1.72102470562
1.10123656362