0.254887343084
0.295127148987
0.305001520137
0.311511910777
0.316434579492
0.320459620666
0.323895247917
0.326803594533
0.32931032513
0.331620597355
0.333781286409
0.335803617851
0.337616112191
0.339411166852
0.34113624607
0.3427496007
0.344295743333
0.345594050363
0.346909112396
0.348173975747
0.349412551975
0.350560686204
0.351770823483
0.352823713242
0.353891283808
0.354952540916
0.355918622434
0.356971809821
0.357952929215
0.35896560889
0.359908939004
0.360840469344
0.361675442455
0.362507300869
0.36330348652
0.364017287184
0.364825077523
0.365690269035
0.366499493704
0.367252839801
0.367964370677
0.368712238449
0.369442649342
0.37008136712
0.370849329224
0.371477832449
0.372146988448
0.372868657584
0.373492983786
0.374147073678
0.374829703543
0.375510460272
0.376102516781
0.376681239241
0.377337795103
0.377905453331
0.378590919314
0.379181424844
0.379657211303
0.380302806161
0.380793489244
0.381410616084
0.381957437691
0.382519796238
0.383134819568
0.383761344919
0.384417236717
0.384935923282
0.385439138812
0.385993198241
0.386484170063
0.386919740343
0.387503392814
0.388080377201
0.388599675625
0.389077903352
0.389598808414
0.390173731215
0.390676466949
0.391170707562
0.391472695283
0.391957749243
0.392397149656
0.392871073204
0.39339515864
0.393883130894
0.394376757205
0.394822041005
0.39533331818
0.395544250042
0.39591448398
0.396423542989
0.396848406033
0.397348822733
0.397831516278
0.398356350668
0.398868493516
0.399306719081
0.399787697494
0.400225918222
0.400542308571
0.400932960639
0.401366033897
0.401806213981
0.402296576454
0.402768300388
0.40323444942
0.403536002197
0.404046633905
0.404486298472
0.404875015848
0.405314303648
0.405681048537
0.40609867007
0.406573935644
0.40701188841
0.407368254193
0.407743380416
0.408186193351
0.408595265079
0.408983958267
0.409393131434
0.409788209923
0.410082123918
0.410482660361
0.410969324808
0.411363350134
0.411733099808
0.412183696786
0.412559617038
0.412963672252
0.413292689526
0.41373445216
0.414184525134
0.414583580744
0.414983181579
0.415373000648
0.415739131307
0.416216682825
0.416542728499
0.416971859479
0.417395605497
0.417848068467
0.418194409594
0.41857926351
0.419058446346
0.419470954789
0.419805976742
0.420196011063
0.420632116673
0.421023350314
0.421402094279
0.421887486165
0.422276623518
0.422691968013
0.423143293051
0.423504671245
0.423896309776
0.424252506495
0.424631539815
0.425041368988
0.425481847228
0.425924763151
0.42631705276
0.42661242789
0.426975809044
0.427339711062
0.427736336462
0.428189463979
0.428555005913
0.428968364208
0.42937109528
0.429815980085
0.43013777469
0.430533814021
0.430940036105
0.431281107446
0.43163102476
0.432060135574
0.432433248867
0.432829151967
0.433151504408
0.433537158652
0.433862081788
0.434155971874
0.434509434067
0.434925154214
0.435217239226
0.435622743855
0.436026221803
0.4363727701
0.436720376177
0.437083513896
0.437467375502
0.437855986024
0.438234107183
0.438588294677
0.43894654572
0.43925445832
0.439564484006
0.43993984125
0.44019036272
0.440548630095
0.440901533966
0.441335096136
0.441749369685
0.442180414501
0.44249510457
0.442925186289
0.443356500304
0.443647362759
0.444016381109
0.444412986412
0.44480587904
0.445181219061
0.445359486535
0.445776517692
0.44615505601
0.44651423638
0.446857234704
0.44718780391
0.44758749436
0.447952437461
0.448334854594
0.448702206001
0.449068755475
0.449285962168
0.449651861934
0.449950643717
0.450263493212
0.450663933477
0.450925228144
0.451337211665
0.451668027038
0.452135994929
0.452515245353
0.452847269616
0.453247897628
0.45367765814
0.45388687352
0.454338467739
0.454753364981
0.455037000468
0.455470476818
0.455883020661
0.45621068672
0.456416766153
0.456608651576
0.456948129853
0.457171334282
0.457536313764
0.457775966837
0.458105494863
0.458397185557
0.458741710571
0.459101009084
0.459318788686
0.459675305756
0.460026111056
0.460373094771
0.46079127195
0.461045668391
0.4614546927
0.461859612113
0.462136751261
0.462434481642
0.462811685506
0.463086884313
0.463396161513
0.46375899393
0.464140415337
0.464493171685
0.464766059585
0.465140650725
0.465593874115
0.465927297905
0.466215716097
0.466626064398
0.467077900863
0.467527981173
0.46791418932
0.468329820775
0.468718639587
0.469081964683
0.469424765498
0.469794782944
0.470207910722
0.47063248155
0.470997575063
0.471429258005
0.471689396251
0.472065406141
0.472458551409
0.472833392596
0.473202177912
0.473572898651
0.473907259025
0.474224724119
0.474547712897
0.474847127326
0.475224752799
0.475509168687
0.475933897139
0.476274905979
0.476526875889
0.476944240617
0.477292222245
0.477686544648
0.478093608205
0.478484587002
0.478791062209
0.479093467989
0.479482645426
0.479873200622
0.480145679576
0.480505492721
0.4809196115
0.48132617179
0.481717379693
0.482167408834
0.482443052326
0.482830671201
0.483144186365
0.483531432486
0.483917855534
0.484229193038
0.484608168147
0.484875702747
0.485305421034
0.485689640618
0.485934596848
0.48592502063
0.486321924411
0.486535829626
0.486975486221
0.487049388376
0.487373091995
0.48770844081
0.488120927472
0.488489103932
0.488853933968
0.489220382896
0.489668298912
0.490165396242
0.490638824698
0.4907264003
0.491061918615
0.491361366132
0.491814709769
0.492213271844
0.49257723896
0.492956928706
0.493191738926
0.49340362146
0.493693566958
0.494057765936
0.494495671376
0.494748316537
0.495082278601
0.495279900631
0.495645019543
0.496066377979
0.496431120551
0.49670256565
0.49694536756
0.497327426895
0.497733687607
0.498037465117
0.498471428181
0.498836102924
0.499159951851
0.499455335242
0.499794542228
0.500176097587
0.500664816349
0.50101093918
0.501300484815
0.501647150782
0.502031493305
0.502327168631
0.502578811013
0.502960033839
0.503447207213
0.503910750399
0.504208397309
0.504644783435
0.504947316179
0.5054131708
0.505935328034
0.50632346503
0.506684151638
0.507119029554
0.507383465513
0.507529938205
0.507916400977
0.508310547702
0.508702883312
0.509080559464
0.509507983685
0.510076104958
0.510449781452
0.510959766506
0.511472489472
0.511910445956
0.512365752262
0.512732652094
0.513043511498
0.513391023019
0.513812308447
0.514172898998
0.514329821982
0.514861783127
0.515338419097
0.515812145848
0.516305012054
0.516737941153
0.517282821755
0.517760711692
0.51839768723
0.518924768866
0.519430049959
0.519978080912
0.520352768765
0.520741023881
0.521322007179
0.521773483489
0.522362458734
0.522876777243
0.523465283619
0.524140657067
0.524645780217
0.525120965761
0.525680612984
0.52627912737
0.526862133428
0.527460989757
0.527890216283
0.528409104254
0.528864417871
0.52954206261
0.5301988652
0.530661467845
0.531301583266
0.532040232327
0.532520071813
0.532748142604
0.534790880676
0.535283912274
0.535740695151
0.536333164128
0.536916053362
0.537449327047
0.537962710044
0.538665366432
0.539304795874
0.539724851987
0.540510306826
0.541103682517
0.541803253208
0.542405297575
0.542874897257
0.543471708448
0.544050833214
0.544573192362
0.545177352323
0.545557099935
0.546157095328
0.546632780445
0.547334410957
0.548005842759
0.54853973149
0.549044076279
0.549472835506
0.550094282923
0.550651376652
0.551143462846
0.551541466759
0.552322603424
0.552900485978
0.553659601781
0.5541976297
0.55467131992
0.5553789839
0.55564542542
0.556035312411
0.556660815673
0.557253364626
0.557731225172
0.558366296513
0.558993532725
0.559555926321
0.559934218447
0.560444296709
0.560973233372
0.561388362757
0.561896533008
0.562358748277
0.562858812313
0.563265752344
0.563555375229
0.564139025653
0.564583503776
0.565088323571
0.565469618234
0.5658191393
0.566362194336
0.566917734591
0.567290743516
0.567766111527
0.568191402605
0.568580467373
0.568777936128
0.569283144064
0.569730804545
0.570275354767
0.570760835495
0.571295800444
0.571972490363
0.572078595375
0.572514697813
0.57296082434
0.573306752983
0.573621669509
0.573845298597
0.574256800684
0.574534042183
0.575158784879
0.575329979191
0.575834289546
0.576256090039
0.576724164845
0.577140009468
0.577388488126
0.577882406553
0.578466923734
0.578812328341
0.579367126585
0.579947875838
0.580221442562
0.580700083509
0.581211158138
0.581668470375
0.58220677693
0.582732916219
0.583022691479
0.583584491769
0.584262634267
0.584815057843
0.58529639886
0.585949128499
0.586363360968
0.586767705057
0.587244229632
0.587983785947
0.588745806221
0.589443611646
0.590419759437
0.591188712774
0.591749531688
0.592531077963
0.593413197957
0.594318946418
0.594999051948
0.595507937125
0.596172635939
0.596172977504
0.596663760659
0.597443525437
0.598389385988
0.598906367453
0.599665998108
0.600314770533
0.601211096544
0.602031625587
0.602879088241
0.603523110055
0.604129883891
0.604947896966
0.605663079184
0.606013548409
0.60676781455
0.607681266217
0.608279055278
0.609233747119
0.610078596549
0.611009044159
0.611808497695
0.612400946558
0.613083182521
0.614051076202
0.614589085469
0.615525361753
0.616253481667
0.617097328704
0.618055483748
0.618621029428
0.619459441148
0.620205627192
0.620987633829
0.62166302114
0.622320414849
0.62308429837
0.623861317037
0.624747215393
0.625102603454
0.625903013581
0.626739182268
0.627396153706
0.628002322904
0.628949879053
0.629618127052
0.630433372032
0.631331712056
0.632156855775
0.632885946177
0.633625539189
0.634432751371
0.635017189427
0.635820664888
0.636411179578
0.637329405177
0.638122567068
0.63871830664
0.639628404833
0.640648088261
0.641470462533
0.642340612385
0.643086034049
0.643933685561
0.644762751856
0.645508487881
0.646683990734
0.647578851986
0.648485210262
0.649162683584
0.649915631931
0.650288075158
0.651433507489
0.652425089683
0.653266764779
0.654027558223
0.654699650737
0.655545252593
0.656358346156
0.656594314214
0.657727111359
0.658667657124
0.659476283388
0.660051543076
0.660763194644
0.661622597995
0.662532335996
0.663688914881
0.66454797146
0.665531187139
0.666407874876
0.667203356623
0.668639586802
0.669573049944
0.670382451201
0.671478717245
0.672584124677
0.673459041653
0.674026001579
0.675064163674
0.675611735717
0.676656272163
0.677630407793
0.678406651307
0.679522929429
0.680512115854
0.681564287982
0.682387901376
0.683532576516
0.684221703096
0.685288227366
0.686290568047
0.687325327893
0.688516970153
0.688243482477
0.689379325906
0.690564788648
0.691258830316
0.691794384312
0.692705255051
0.69366581887
0.694644933393
0.695885486776
0.696704605874
0.697336945687
0.697706079289
0.698631939404
0.699849040724
0.701088904014
0.702748150249
0.703724585998
0.704189378502
0.705575759811
0.706468743008
0.707416661322
0.708766841432
0.709818849958
0.710422576506
0.711536727557
0.712131428006
0.712983654828
0.714610851803
0.71578700484
0.716736962364
0.71760083091
0.718316020394
0.71994219664
0.721191784853
0.722178802471
0.723165884563
0.724467799761
0.725418500679
0.726747093653
0.728015311459
0.729117620065
0.730094343069
0.731089328075
0.732717905567
0.734148058058
0.735204296608
0.73590355786
0.737403595082
0.738596651987
0.73970132481
0.741215341021
0.742364386915
0.743262177001
0.74431072376
0.745605446221
0.747219148984
0.749153006702
0.750303834733
0.75185520114
0.753325564478
0.75488723127
0.755689992753
0.757247190778
0.758545275445
0.757755922426
0.758619800857
0.758870923255
0.760512879499
0.76147338909
0.763355030957
0.764744069031
0.766235544917
0.768077971289
0.769527628396
0.771168663967
0.772359501502
0.77421940817
0.77563289542
0.776856019893
0.77828877657
0.779407494187
0.780839595977
0.782484590181
0.783550535238
0.784986583754
0.786694668072
0.78817999055
0.789763310344
0.790037681565
0.791424431944
0.793285914075
0.79499499401
0.796645328734
0.798203404668
0.799692473689
0.801440460175
0.802802804488
0.804576758216
0.806495655204
0.807815555453
0.809454800535
0.810634330168
0.812342572541
0.813749816635
0.815537369844
0.817294404308
0.81904411749
0.820230766212
0.822166152996
0.823708365712
0.826150650984
0.827508959772
0.829220551007
0.831732133996
0.833928837301
0.835007135574
0.837061629811
0.839422463049
0.840597190818
0.842802737402
0.845091374752
0.846069509075
0.848322477285
0.850851866606
0.852118668307
0.854809510493
0.857441400423
0.859360395839
0.860997783502
0.862228054052
0.864502104542
0.866290877175
0.867899436421
0.869735750816
0.871180558138
0.874376226796
0.876458983295
0.879521537422
0.881898904006
0.88464278264
0.887043108947
0.888193878723
0.88960331128
0.891331001218
0.894646237068
0.896535324113
0.898923891602
0.901434134493
0.904648516939
0.906223924366
0.908651875622
0.910006911129
0.912315086072
0.914804817361
0.917571395307
0.920061017708
0.922746619877
0.924856647967
0.92707629527
0.929050986704
0.931277672626
0.934282081534
0.936747779204
0.939356456166
0.942441396342
0.943314942491
0.944632595239
0.947759123639
0.949688658087
0.952319994605
0.954524796907
0.957725067615
0.960422323144
0.959980191031
0.961477962879
0.963194873059
0.966413540258
0.970752324373
0.974784172192
0.977942482148
0.979901037779
0.981164030642
0.984740964054
0.987350042633
0.987871114969
0.991180665852
0.993773573723
0.995204043277
0.998383914375
1.00185949213
1.00353148286
1.00741962313
1.01004070803
1.01340558153
1.01699126359
1.01911172129
1.02077069767
1.02499804182
1.02906162311
1.03251392485
1.0365624168
1.04005711398
1.04347230987
1.04740257394
1.05119135826
1.0545079808
1.0598462348
1.06347164939
1.06654266683
1.07133775399
1.07422763485
1.07787501798
1.08031835333
1.08513102109
1.08991760996
1.09417897575
1.09977577112
1.10257988778
1.1053599227
1.11187110157
1.11588755504
1.12125747986
1.12589477091
1.1309924738
1.13618302181
1.14216123774
1.14800183989
1.15250436834
1.15716906574
1.16349680574
1.16951757444
1.17111537641
1.17759461182
1.18278430207
1.19076600355
1.19481490133
1.20023433775
1.2063085387
1.21455684648
1.22348340044
1.23387636187
1.23983752322
1.24660285837
1.25606908142
1.26583699243
1.27059681431
1.27815277576
1.28159461669
1.28910162976
1.29775589259
1.30764107427
1.31344025526
1.31945957541
1.3311472391
1.33973097421
1.34776672751
1.35326838328
1.36203116726
1.37256275753
1.38391329344
1.38961271401
1.39768815188
1.40640454148
1.41637185317
1.4270752531
1.44033627964
1.45091165013
1.46721323933
1.48086603248
1.49530980376
1.51209864836
1.51955652463
1.53064816605
1.54698430855
1.56417513556
1.58181287867
1.59090571025
1.60880941375
1.62537115564
1.64254705214
1.6576185429
1.68393788705
1.70404187215
1.72924508033
1.73577048017
1.75382109987
1.77042659522
1.80376377075
1.81497711645
1.82635156076
1.84619829741
1.87199381403
1.89385975812
1.9251592179
1.94077227277
1.97289206744
1.99693314545
2.01286941003
2.06567819974
2.08779746032
2.11523867132
2.13272877045
2.19678647328
2.24752081498
2.26712875741
2.30745739322
2.32248967747
2.3546559674
2.43431369841
2.46641580974
2.52222024113
2.59766656126
2.63846688409
2.64658107816
2.70436992919
2.78032039086
2.84402987523
3.13583848714
2.99409802446
3.16162550664
2.20199348683