1.0
0.764932331611
0.702879249301
0.669808491735
0.648396761509
0.63319803482
0.620725402406
0.611181450655
0.602221378526
0.594826373049
0.587858754701
0.581844865452
0.576189346493
0.570881746095
0.566035297224
0.561208511774
0.556485464161
0.552203018913
0.548324541835
0.54466034291
0.541109872965
0.537662325975
0.534390899471
0.531159898127
0.52815745306
0.525186150602
0.522105512433
0.519303067395
0.516560498361
0.513700267663
0.511032844788
0.508594899358
0.506246165633
0.503788556781
0.501423879741
0.498985686304
0.496745544269
0.494442833579
0.492330238063
0.490097642529
0.487944161268
0.486044143283
0.483913903832
0.481859802566
0.479864975003
0.47806217581
0.476298136588
0.474350890962
0.47247135128
0.470798968404
0.469041129359
0.467401483423
0.465561483162
0.463949330586
0.462262917593
0.46069873668
0.45922993222
0.457631172029
0.456063093862
0.45460396168
0.453086547824
0.451640843457
0.450187911453
0.448849700457
0.447361055428
0.446034713344
0.444640594457
0.443108937907
0.44164686507
0.440208388338
0.43883850329
0.4374567139
0.436192834181
0.43490075251
0.433646793077
0.432167714036
0.430968883043
0.429796057367
0.428533453114
0.427191876307
0.425976818562
0.424600910484
0.423329980277
0.422196268867
0.420993646908
0.419907623725
0.418632477397
0.417562149522
0.416445798611
0.415395984467
0.414135222552
0.413028295912
0.411886612845
0.410760306219
0.40967995177
0.408596621236
0.407499792028
0.406612564268
0.405583263856
0.404592546266
0.40361621309
0.402685158928
0.401743050734
0.400694795493
0.399725548234
0.398775114087
0.397774263635
0.396806220982
0.395842146444
0.394879559948
0.393917823762
0.392934050372
0.392064856271
0.391116441611
0.390302623958
0.38943668938
0.38857348288
0.387697769736
0.386805014959
0.385978300936
0.385022764928
0.384108539821
0.383278956001
0.382169797296
0.381309283445
0.380521364821
0.379623083029
0.378805297262
0.378008096086
0.377158742556
0.376367458121
0.3755482906
0.374652240872
0.373856846605
0.373088095389
0.372229423877
0.371439592055
0.370640938266
0.369911868189
0.369207031951
0.368465915814
0.36767208045
0.366815074128
0.366040618748
0.365284551325
0.364500777963
0.363599201219
0.362922673222
0.362073000825
0.361349209757
0.360587579888
0.359756933181
0.359032327232
0.358240440495
0.357571210993
0.356880759168
0.356034877737
0.355308642028
0.354538119332
0.35378541772
0.353128624004
0.352386586698
0.351650253555
0.350917853097
0.350308464171
0.349517463173
0.348871050327
0.348066267219
0.34749074898
0.346835762173
0.346162493699
0.345419393505
0.344740314578
0.344098968163
0.343472183309
0.342821164616
0.342184530336
0.341649189251
0.34091611563
0.340284795789
0.339576345733
0.338945486476
0.338335884972
0.337697514643
0.337050853789
0.336386230134
0.335912288526
0.335200224652
0.334538045639
0.333787150935
0.3332336699
0.332589985132
0.331960897355
0.331407239172
0.330694041551
0.330145804095
0.329508673801
0.328937548831
0.328355653266
0.32779012617
0.327140843527
0.326492482054
0.325744563436
0.325094217905
0.324539496835
0.323843376275
0.323174430211
0.322528159083
0.321905271483
0.321257406024
0.320678557404
0.320109203913
0.319462082475
0.318894075308
0.318274340942
0.317734819165
0.317138716335
0.316563446103
0.316097440722
0.3154946417
0.314933153578
0.31448759107
0.31397761757
0.313416235737
0.312823392428
0.312264384378
0.311611417057
0.311019176052
0.3104740564
0.309887271552
0.309280220979
0.30877184181
0.308114977235
0.307527519224
0.306963055017
0.306431469468
0.305922381707
0.305409361263
0.304785942219
0.304222328322
0.303715720633
0.303072035865
0.302556110194
0.302084046354
0.301558660983
0.301067146298
0.300523195823
0.299973753761
0.299484790007
0.299000077803
0.29832840366
0.297765675503
0.297203018204
0.296752778991
0.296265887868
0.29568464775
0.295138004625
0.294574497017
0.294073132907
0.293620803348
0.293098606639
0.292526365637
0.291972335443
0.291384948292
0.290853221024
0.290285373291
0.289838694751
0.289288508668
0.28876069637
0.288201103731
0.287694141746
0.287118056633
0.286674867908
0.286155009553
0.285614814613
0.285101776454
0.284645691358
0.284090013689
0.283478180121
0.283080465273
0.282576337655
0.28204912766
0.281627674987
0.28115019042
0.28059107608
0.280133042357
0.27960988905
0.279076904032
0.278597647985
0.277983848076
0.277526080075
0.277009977256
0.27652758569
0.276022129463
0.275575574927
0.275129693552
0.274638745742
0.274122146908
0.273675114073
0.273142855361
0.272606770254
0.272105618722
0.271595964088
0.271060552143
0.270469072874
0.269999559965
0.2695321374
0.269049976128
0.268546610246
0.267926149573
0.267433749149
0.266936335438
0.266501667529
0.265936512445
0.265446468088
0.264928310353
0.26445693739
0.264021153449
0.263530896515
0.263090613015
0.262606821981
0.262145918462
0.261564642914
0.261113482532
0.260702995317
0.260252047511
0.259856954453
0.259302888829
0.258862375038
0.258384252738
0.257927476766
0.257407299544
0.256911037295
0.256446112517
0.255976776755
0.255494278901
0.254970718154
0.25445799886
0.253980709156
0.253568946476
0.253090948179
0.252598530041
0.252092117214
0.251603047171
0.250981913337
0.250530416373
0.250071975209
0.249672612885
0.249177944968
0.248707528603
0.248184021
0.247654561227
0.247215340615
0.246755641701
0.246271000357
0.245767351039
0.245264002872
0.244864215393
0.244394649338
0.243888874245
0.243414702344
0.242892399347
0.242476757127
0.242017253076
0.241532966028
0.24104731494
0.240597607171
0.240111513213
0.239715286408
0.239295445781
0.23887647318
0.238445135652
0.238018209108
0.237490166518
0.237072912251
0.236624816528
0.236171158359
0.235738279644
0.23530750899
0.234824763128
0.23441496679
0.233950343164
0.233513266043
0.233100901059
0.23269594086
0.232237588271
0.231726357021
0.231373496032
0.230955728036
0.230526108843
0.23013657823
0.229643079489
0.22928633896
0.228867189211
0.228426462842
0.227933336111
0.227549863957
0.227010625617
0.226560173826
0.226173849591
0.225687011612
0.225209332182
0.224741856474
0.224257055696
0.22372004942
0.223258933323
0.222768286663
0.222352361007
0.221902192652
0.22146991624
0.221047949839
0.220610429847
0.220130110913
0.219700509435
0.219238525313
0.218816169186
0.218285664239
0.217878595979
0.217400048524
0.216926868652
0.216522404467
0.216049490317
0.215614220105
0.215199109328
0.214671562752
0.214189862064
0.213633121507
0.213194024899
0.212670021282
0.212217514575
0.211769844006
0.211348196471
0.210871013055
0.210382350453
0.209941252073
0.209438984509
0.208905290899
0.208500968432
0.208081092376
0.207540702574
0.207102261414
0.206627699788
0.206236557128
0.205786069908
0.205348921927
0.204901357648
0.204401818161
0.20395313785
0.203601587756
0.203207894166
0.202806051771
0.202372499893
0.202031171236
0.201556432461
0.201147415574
0.200727681237
0.200199266636
0.199812676679
0.199370975996
0.198889257593
0.198454253102
0.198043411592
0.197615634737
0.197158256462
0.196731347632
0.19629611285
0.195834731031
0.195312410319
0.194909079881
0.194478061219
0.193941497813
0.193491276314
0.19304543037
0.192626068043
0.192190656112
0.191745359326
0.191323959798
0.190856537234
0.190478060652
0.190117546872
0.189712498099
0.189362205755
0.188915066631
0.188460186141
0.187960451792
0.187506970772
0.187048069024
0.186589043272
0.186079937797
0.18566146121
0.185225996135
0.184738573568
0.18438996413
0.183952373279
0.183581496345
0.183160539686
0.182672178235
0.182228865506
0.181814693614
0.181386013305
0.180912195701
0.180447855511
0.179936110531
0.179559954588
0.179147749038
0.178705375193
0.178268740942
0.17775502962
0.17722909509
0.176691787662
0.176286526312
0.175847819429
0.175447376503
0.175025746682
0.174572619957
0.174175985711
0.173704258452
0.173305108706
0.172846082954
0.172414709997
0.172052052727
0.171585498187
0.171112158882
0.170656215505
0.170207942634
0.169754762764
0.169273575805
0.168894922075
0.168395506593
0.16794046667
0.16748606448
0.167096994451
0.166652671979
0.166151538161
0.165726383097
0.165288809961
0.164757507849
0.164346772627
0.163891892137
0.163517613962
0.163017047017
0.162524876886
0.162036728012
0.16158168809
0.161123565793
0.160661156515
0.160206400029
0.159845638242
0.159435647041
0.158943972924
0.158533680572
0.158108862088
0.157683512161
0.157285372157
0.156845868109
0.156404025708
0.156090030978
0.155682271842
0.15521589445
0.154812422294
0.154357470945
0.153893963351
0.153473024407
0.153006186431
0.152584290889
0.152084007381
0.151644715911
0.151250880602
0.150754600638
0.150326097478
0.149937027449
0.149595379925
0.149154795274
0.148742324002
0.148322474519
0.147981066144
0.147555450495
0.147128585953
0.146691429115
0.146281083618
0.145855379395
0.145417691113
0.144944590958
0.144493545721
0.144097469491
0.143596238242
0.143085582722
0.142700055653
0.142246016616
0.141810330106
0.1413693203
0.140919346809
0.140498062427
0.140076884333
0.139687867449
0.139302783249
0.138940214553
0.138509860196
0.138137769798
0.137602038987
0.137099558845
0.136722986604
0.136333021978
0.135920692425
0.135500222923
0.135071365466
0.134666865852
0.134344713459
0.133899788684
0.133403384716
0.132969088818
0.132508513022
0.131984801698
0.131601214399
0.131200833474
0.130773074335
0.13036554549
0.12996501399
0.12948454448
0.129014978426
0.128579655069
0.128144739152
0.127677839175
0.127305252762
0.126834597248
0.126387413837
0.125954145397
0.12554254215
0.125097254221
0.124634286928
0.124142931677
0.123812063605
0.123426492248
0.123016182181
0.122528812759
0.122148803847
0.12170405622
0.121322585838
0.120938529097
0.120467988729
0.120051239334
0.11961114184
0.11914724452
0.11875467582
0.118325685502
0.117853621662
0.117419892637
0.116941433756
0.116537102432
0.116069839301
0.115663577065
0.115258439718
0.114842717781
0.11438426776
0.113953311101
0.113591061271
0.113179041726
0.112728837942
0.112258368433
0.111878226661
0.111467429437
0.111011176051
0.110608146765
0.110230865932
0.109863877394
0.109456667416
0.109079953457
0.108696906458
0.108209085309
0.107868465243
0.107433203888
0.107001680355
0.10659932423
0.106173389715
0.105734372823
0.105318261161
0.104919492283
0.104591697728
0.104144629462
0.103647419472
0.103246090805
0.102776445035
0.102388615042
0.101959376717
0.101583415636
0.101106010786
0.100705718435
0.100251599681
0.099845496878
0.0995203949719
0.0991089600154
0.0986462673015
0.0982469758366
0.0978281449535
0.0975013069975
0.0970765859453
0.0966940792481
0.0962133705883
0.09584903927
0.0954317850036
0.0949663022096
0.0945969930341
0.0941335120118
0.0936690921055
0.093250252365
0.0928795525781
0.0923946720843
0.0920204736256
0.0915917224576
0.0912518198408
0.090871819787
0.0904567621551
0.0900856815002
0.0896986752452
0.0892672845729
0.0888192419939
0.0883590116364
0.0879827582615
0.0875269920322
0.0871000212011
0.0867574702225
0.0862973461537
0.0858250431639
0.0854460085663
0.0850218101005
0.084595432715
0.0841936346067
0.0837779303848
0.0834667257349
0.0830097814717
0.0825618451815
0.082181295969
0.0818725182459
0.0815066014535
0.0811114021061
0.0807877350984
0.0804096128127
0.0799969112485
0.0795744134029
0.0791957773882
0.0787842715726
0.0783935983552
0.0780458037975
0.0776977789474
0.0773152633928
0.0769052190477
0.0764372118954
0.0760227388518
0.0755936953897
0.075118965473
0.0746959450411
0.0743359272752
0.0739874639841
0.0736141911234
0.0732306303958
0.0728085798489
0.0724457808603
0.0720096514806
0.0716592794203
0.0712528577506
0.0707996734526
0.0704613075942
0.0700734377429
0.0696578708107
0.0692236634861
0.0688571001038
0.0684780256479
0.0680620734189
0.0676132381029
0.0672795888084
0.0668710812218
0.0665109483098
0.0660492387669
0.0655998764358
0.0652216124318
0.0648857443594
0.0644919754816
0.064082923165
0.0637570196644
0.0633810851559
0.0629573827043
0.0625337643981
0.0621548272319
0.0617502124712
0.0613516561703
0.0609756685174
0.0605514301933
0.0601736002018
0.0598184717192
0.0594256550116
0.0590605841007
0.0586966735088
0.0583449462668
0.0579449683536
0.0575590161288
0.0572365094401
0.0568053977758
0.0563765890348
0.056019538497
0.0556559201992
0.055154662378
0.054765393058
0.0544580413758
0.0540892680729
0.0536675363922
0.053223670076
0.0527549631894
0.0524053572939
0.0519605698084
0.0515722438012
0.0512454988479
0.0508685324526
0.0504701577283
0.0501027661793
0.0497998697679
0.0493977837942
0.048947540152
0.0485227880989
0.0481679696252
0.0477726152734
0.0473407773025
0.0469603653797
0.0465215964955
0.0461739303701
0.0457342226018
0.0453754625864
0.0449531197453
0.0445948114572
0.0442545102575
0.0439227298739
0.0436066802277
0.0432656482927
0.0429697492251
0.0425787527127
0.0422433939406
0.0419238323364
0.0415811573543
0.0411909978659
0.0408439429008
0.040486657642
0.0401086239304
0.0396689250195
0.0393982739626
0.0390383669142
0.0386629151338
0.0383454837336
0.0379935350567
0.0376007139204
0.037250740443
0.0369133311835
0.0366211079357
0.0362564090355
0.0359122282958
0.0355876578335
0.0352691546883
0.0349313977759
0.0346223255444
0.0342881802357
0.033916244842
0.0335638599382
0.0332130959381
0.032857799165
0.0325635785741
0.0322255891551
0.0317800399334
0.0315077524723
0.0311635628753
0.0308377036617
0.0304781951962
0.0302005977255
0.0299100529545
0.029531069287
0.0291367069636
0.0288103694505
0.0285056107714
0.0281689588193
0.0278932324738
0.0275903139189
0.0273414055577
0.0270382257096
0.0267627473712
0.0263909005514
0.0260269700304
0.0257553668032
0.0254997644641
0.025184374694
0.0248829486105
0.0245388963031
0.0242209600313
0.0238692815049
0.0236256853677
0.0232902823086
0.0229351759696
0.0225704327823
0.0222696400028
0.0219721156028
0.0216115088201
0.0212781451767
0.0209865220176
0.0206946309222
0.0203491437164
0.0200458354361
0.0198086210535
0.0195127264146
0.0192287981192
0.0189575757602
0.0186246793445
0.0183449904209
0.0180843294008
0.0178401608542
0.0175649770243
0.0172486727279
0.0170206689312
0.0167511283704
0.0164767782429
0.0161890722677
0.0158439936094
0.0155874280283
0.0152763385245
0.0150006885741
0.0147213196239
0.014482537482
0.0142763682765
0.0140306751505
0.0137482492912
0.0134550938023
0.0132244848237
0.0129769670738
0.0126861089723
0.0124624486218
0.0122471717977
0.012019251039
0.0117744591532
0.0115035479102
0.0112214165593
0.0109483983629
0.0107588733139
0.0104946272623
0.0102811263463
0.0100699981056
0.00983243053427
0.0096606391016
0.00942748362126
0.00921723503079
0.00897618041292
0.00875080947753
0.00848626338158
0.00821902795841
0.00801037702096
0.00779293788474
0.00760112485933
0.0073991983471
0.00716548097562
0.00695254361152
0.00672478671476
0.00654005573198
0.00631059489344
0.00618467093848
0.00600698712234
0.005808375491
0.0056250605846
0.00546826915405
0.00528068719655
0.00511449087096
0.00494710433263
0.0048006361985
0.00465111004799
0.00437956660826
0.00425230435595
0.00409005649195
0.00392977524691
0.00375471709544
0.00356812163056
0.00338459248586
0.00324079541056
0.0030730606658
0.00289807337351
0.00277695344935
0.00264173836154
0.00251676021052
0.00236312810283
0.00222741783117
0.00207880759089
0.00194842476683
0.00182419755702
0.00164772042284
0.00151670969236
0.00139012586131
0.00122481873536
0.00110794510276
0.00097920636386
0.000860778188861
0.000765030555717
0.000631404540323
0.000500260672092
0.00041271312038
0.00033838571835
0.000262304897669
0.00016905377036
3.21986801057e-05