0.254887135176
0.291389051384
0.303998544149
0.311424691137
0.316533388538
0.320316166637
0.323523869225
0.326044523434
0.328465394593
0.330504549591
0.33246101803
0.334173396616
0.335812471835
0.33737285797
0.33881683352
0.340273536988
0.341656769776
0.34298159942
0.344194851376
0.345352981613
0.34648639118
0.34759769223
0.348662170074
0.349723151563
0.350717812883
0.351610256594
0.352648189614
0.353600421304
0.354539815925
0.355527532087
0.356456144746
0.357311264464
0.35808782848
0.358936868808
0.359784046701
0.360509385381
0.361323110997
0.362165334162
0.362943224876
0.363770773619
0.364477042778
0.365190317746
0.36599501969
0.366776019581
0.367523358669
0.368217237164
0.368900015662
0.369658133091
0.370394341385
0.371053118703
0.371749361661
0.372402336127
0.373139213021
0.373788450205
0.374429162535
0.37506574097
0.375666469182
0.376323640319
0.376971561266
0.377577481999
0.378170607151
0.378722291494
0.379334395947
0.379900803223
0.380441593301
0.381008177585
0.381606451866
0.382267009329
0.382798730628
0.383425179555
0.38402462526
0.384632137297
0.385190341726
0.385707325379
0.386265965519
0.386928027112
0.387429419117
0.387958981862
0.388531516361
0.38914264749
0.389698641034
0.390331123735
0.390918094203
0.39144393183
0.392004057331
0.392511948035
0.393110811438
0.39361560486
0.394144181261
0.39463914706
0.395200297398
0.395730886524
0.396256929078
0.396801239136
0.397325455017
0.397853206677
0.39838968251
0.398825230349
0.399332317295
0.399822227594
0.400306793075
0.400704538283
0.401175348209
0.401701159669
0.402189184315
0.402620090489
0.403127652732
0.403620407783
0.404084548094
0.404578091612
0.405073009569
0.405581151884
0.406031706076
0.406525042003
0.406931589806
0.407296479058
0.407749868961
0.408211378448
0.408623983018
0.409062566248
0.409571255007
0.410059732158
0.410504500679
0.411101426233
0.41156633441
0.411993407887
0.412481926792
0.412719428958
0.413155627809
0.413621887554
0.414010842245
0.414463407402
0.414960151213
0.415402594171
0.415831564459
0.416312285833
0.416755942986
0.417206000826
0.417618122385
0.41801770858
0.418439102068
0.418891887941
0.419382358836
0.419764730404
0.420144668861
0.420535350667
0.421057928298
0.421451343645
0.421947011852
0.422370627645
0.422817769998
0.423307053784
0.423676431335
0.424145826682
0.424416942156
0.424828520865
0.425334387036
0.42577014567
0.426233944973
0.426688483825
0.427086296458
0.427537081539
0.427985815277
0.42839514455
0.428768724151
0.429255099925
0.429653801753
0.430151740968
0.430508891896
0.430916443176
0.431336578487
0.431758582232
0.432127921343
0.432481570236
0.432877214231
0.433289307039
0.433601642809
0.433942274904
0.434410027149
0.434814067876
0.435268816542
0.43563641287
0.436029921005
0.436324443581
0.436744119249
0.437129119758
0.437438356579
0.437904199278
0.43833874471
0.438571327419
0.438936550599
0.439278723353
0.43969608042
0.439989356966
0.440385142927
0.440751808956
0.44117908008
0.441509908425
0.441902201816
0.442284463851
0.442681593521
0.443122340905
0.443632404694
0.444008948507
0.444389480251
0.444795753218
0.445257360764
0.445704689071
0.446137110406
0.446588209842
0.446931578468
0.44733016955
0.447739647223
0.448139537031
0.448528511975
0.448910417093
0.449333509958
0.449742952926
0.450075449536
0.450439178892
0.450841879571
0.451102779713
0.451470205465
0.451712237443
0.452070175199
0.452413330957
0.452888683636
0.453321126574
0.453720259141
0.454151079038
0.454399287277
0.454774476791
0.455260629146
0.45568939793
0.456104979989
0.456501777527
0.45687888815
0.457263771017
0.457655892372
0.458006735219
0.458389877243
0.458878079017
0.459270510206
0.459621246535
0.459949326484
0.46004720366
0.460464807554
0.460887784046
0.461265184405
0.461640219744
0.462161428038
0.462599457698
0.462960304999
0.463211767582
0.463593578691
0.464050615189
0.464398117039
0.464843662977
0.465241154086
0.465448954589
0.465802735831
0.46617745491
0.466621117896
0.467092878984
0.467466697741
0.46792533532
0.468287057387
0.468733755336
0.469163491476
0.469327091078
0.469741915921
0.470149225116
0.470441516786
0.470870198861
0.471316894576
0.471742313046
0.471796110184
0.472258982116
0.472770210254
0.473040987904
0.47346430858
0.473908229709
0.474264000525
0.474668040558
0.475142469455
0.475532189548
0.475895502496
0.476175249686
0.476586162961
0.477054675907
0.477382571017
0.477741593678
0.47808565746
0.478524833761
0.478913840659
0.479237939079
0.479667703524
0.480028544333
0.480421911942
0.480759244318
0.481233509415
0.48160455846
0.48205793063
0.482535597361
0.483061627252
0.483483054949
0.483903703863
0.484338769016
0.484732519703
0.485248386152
0.485644689699
0.486097788588
0.486495574201
0.486974602277
0.487425642541
0.487847954718
0.488284226774
0.488688602873
0.489067130934
0.489405505172
0.48985786889
0.490155136659
0.490695680746
0.490942081793
0.491329954902
0.491603342601
0.491930401623
0.492384862802
0.492694201046
0.493151645086
0.493520242887
0.493745444823
0.494169165123
0.494523532099
0.494978489984
0.495383731849
0.495818857287
0.496301254875
0.496654410535
0.497059119678
0.497223104427
0.497615217673
0.49805196447
0.498537747446
0.499156760397
0.4996081656
0.499987722699
0.500389067909
0.500887534369
0.501297956398
0.501771976131
0.502227315115
0.502568094848
0.503037938098
0.50339432316
0.50391198914
0.504430944363
0.504641197231
0.505127769111
0.505583836591
0.506006192997
0.506502798615
0.506789625122
0.507133914698
0.507621845658
0.508087739802
0.508515945514
0.509032583355
0.509368333512
0.509554002702
0.510002554482
0.510357285096
0.510748009991
0.511317909072
0.51176958965
0.512187927362
0.512681716528
0.513154221983
0.513408641733
0.513806190198
0.514161982768
0.514434636146
0.514917925421
0.51527981983
0.515648246846
0.516080707567
0.516580270886
0.516800570094
0.517186131906
0.517586110113
0.518025863761
0.518584603144
0.518989632494
0.51945503807
0.519680303552
0.520132060968
0.520434845829
0.520914904758
0.521434773158
0.52167007246
0.522234908878
0.522790906359
0.523249165237
0.523736158759
0.52436715153
0.524776036486
0.525290874012
0.525784137209
0.52631957911
0.526835282392
0.527202949412
0.527727824604
0.528191530603
0.528564687175
0.529123814647
0.529636536909
0.530201075839
0.530547360835
0.531076690476
0.531646263624
0.532144860902
0.532709942561
0.533249843179
0.533766270555
0.534424746111
0.534947535983
0.535544101077
0.536051236807
0.536714295776
0.537115676543
0.537600998169
0.53801158824
0.538377209827
0.53894167017
0.539286343116
0.539810289795
0.540496898769
0.540950554266
0.541498636508
0.542206488258
0.542702896675
0.543266202619
0.543686203472
0.544283810851
0.544745335193
0.545193756602
0.545643939278
0.546178183504
0.546540791813
0.54699286205
0.547437399703
0.547788032613
0.548054336897
0.548593406208
0.549050994456
0.549521926762
0.549753822222
0.550115671427
0.550601019265
0.551010481401
0.551443958102
0.552018447188
0.552165510751
0.552808753287
0.553189285719
0.553421491724
0.554076242845
0.554713293596
0.555194259182
0.555724910545
0.556417647958
0.556800429614
0.557358714273
0.557816997943
0.558348166686
0.558664308413
0.558972275156
0.559551112971
0.560024135397
0.560557533669
0.561073185277
0.561490700463
0.562065336541
0.562666768353
0.56333868261
0.563951407497
0.564646308176
0.565206146994
0.565878817519
0.56630774845
0.566976471886
0.567470964144
0.568009910748
0.568321193669
0.568897942907
0.569218821983
0.569921892657
0.570572256777
0.570926228604
0.571270550003
0.571936610413
0.572480982505
0.573010642678
0.573477468594
0.574138926741
0.574852854162
0.575278609361
0.576113683009
0.576763067269
0.577384550314
0.577989247027
0.578655653845
0.579238865755
0.579889083793
0.580520645064
0.581040298049
0.581567964462
0.582060565558
0.582726982042
0.583238423008
0.58378185646
0.584518654743
0.58508645493
0.585167074209
0.5859413415
0.586619108885
0.587268608344
0.587807349794
0.588683138639
0.589484526584
0.590167692852
0.590765246129
0.59129776397
0.591644898849
0.592319398382
0.59295699659
0.593816005527
0.594282233821
0.595111003317
0.595736272131
0.596272739636
0.596754028269
0.597657320085
0.598366867259
0.599221765386
0.599975192327
0.600661326169
0.601162518037
0.60168599318
0.602512101296
0.603152067855
0.603874031673
0.604583718265
0.605352864668
0.606108853874
0.606954741755
0.607476952643
0.608276626481
0.608944784715
0.609641957266
0.610545008715
0.611364667606
0.612014328037
0.612830083619
0.613681770376
0.61432591323
0.61497110899
0.615519482108
0.616537854775
0.617421226317
0.617568289446
0.618174122488
0.618922591088
0.619413968954
0.620295331772
0.620935419399
0.621708789109
0.622447766375
0.6228488188
0.623232789136
0.624147201357
0.62484831602
0.625631587856
0.626452175505
0.627072727641
0.62786666507
0.628989796354
0.629726541796
0.630521749034
0.631407441386
0.632306817806
0.633239264851
0.633863822065
0.63482206477
0.635520588051
0.636152906742
0.636685662542
0.637424655307
0.638202611604
0.639026599889
0.640114147978
0.640743358479
0.641522863439
0.642060507883
0.642720421343
0.643323609832
0.644198452335
0.644639529521
0.645632356225
0.646367528285
0.646931395637
0.647980348696
0.648944264558
0.649611340637
0.650269409792
0.651157034258
0.651621196111
0.652424656015
0.653538492401
0.654451604944
0.654909511635
0.65582893464
0.656772679389
0.65756003935
0.6586962617
0.659868409409
0.660598898231
0.660977507095
0.661678631167
0.66276416005
0.663969155919
0.664643402404
0.665598190739
0.666714933692
0.667711886528
0.668594113632
0.669638566919
0.670424487072
0.671112002563
0.67192988686
0.672553480986
0.673459294586
0.674630571719
0.675562846655
0.676706098748
0.677353293539
0.678133278801
0.679529007419
0.680038369555
0.681392816239
0.682473578454
0.683463489017
0.684452557927
0.685832750778
0.686725890752
0.687388495902
0.687938493462
0.689179177961
0.690305249649
0.691361228225
0.692258974351
0.693285280732
0.694210006948
0.694765230424
0.69555361471
0.696751877716
0.697820951103
0.698823364423
0.699922988742
0.700740776241
0.702024485273
0.702750754969
0.703713107342
0.704568710185
0.705635531169
0.706594447817
0.707394330079
0.708384707938
0.709450307884
0.711163042822
0.7122147086
0.713607042693
0.714250083727
0.715763681447
0.716583714019
0.717737017416
0.718670748927
0.718312376059
0.719185682091
0.720335749737
0.721525926846
0.722847550284
0.723909561908
0.724868792164
0.725507773863
0.726583144268
0.727287739031
0.728136677949
0.729382512376
0.730739711339
0.732252737572
0.73337446427
0.735078875133
0.736602808723
0.738140336714
0.73952322539
0.741272628327
0.742335149128
0.742804712275
0.743606834099
0.74455735724
0.744882766727
0.746416756663
0.747250907994
0.748887545942
0.750211433663
0.752024955941
0.75288940263
0.754297184543
0.75604593894
0.756773131429
0.758805275609
0.760908323205
0.762383330251
0.763699862376
0.765134574541
0.766827566095
0.768641395706
0.768868375359
0.770620118002
0.771782338289
0.773261015618
0.774339508322
0.775592710002
0.77673886711
0.777681540971
0.779123713156
0.780946684831
0.782520089118
0.784405494897
0.786043185707
0.787609759391
0.788730185309
0.790503064809
0.79232434528
0.794350343958
0.795518956756
0.796453864103
0.798435176436
0.800425912088
0.801625533143
0.80291781965
0.804110375143
0.805150707023
0.806445088397
0.808194863504
0.809254696179
0.810514677762
0.811867117872
0.814032723705
0.816049255416
0.817162264387
0.818072716463
0.819084864602
0.82112135227
0.82302212799
0.8245991475
0.826553956916
0.828635668893
0.829633852003
0.831804222535
0.833533428734
0.835468025183
0.83752474267
0.838169354615
0.83958445558
0.839194156715
0.840757944071
0.842244391953
0.843767736957
0.845261218704
0.847593920992
0.850196726489
0.85240971264
0.854579850275
0.856966380126
0.859333272396
0.861193684252
0.863647087381
0.866000017097
0.867206161018
0.869647872652
0.870571376129
0.872264278319
0.873236747861
0.874884694549
0.877096245461
0.879672731091
0.881581129724
0.883682042456
0.887585961316
0.889935890504
0.890526214854
0.892489107862
0.893874906197
0.89618343099
0.898754700001
0.900753444554
0.903550069224
0.906055724777
0.907658778733
0.91056516027
0.912952346946
0.9151492039
0.917459466055
0.919985864738
0.922844377299
0.925510461423
0.92875752716
0.930408572972
0.933157336938
0.93667610845
0.940444353941
0.943453512415
0.946864995981
0.949734270106
0.953355922931
0.956789301867
0.96016763424
0.9630275374
0.96449151266
0.966667447837
0.968518895011
0.97206391442
0.974327693065
0.976547797596
0.980493935194
0.983806632865
0.985860533855
0.989076442367
0.99292548652
0.99651872559
0.998286819438
1.0018245855
1.00590474434
1.00917886179
1.01077229673
1.0145013828
1.01777236563
1.02113078286
1.02295115826
1.02595456712
1.02771142364
1.03044620693
1.02844314212
1.03173985063
1.03536586846
1.03692921805
1.04190005889
1.04094846814
1.04483064558
1.04980153933
1.05175813821
1.05589229329
1.06083220113
1.06222890135
1.06705428967
1.06947998058
1.07380126987
1.07726241801
1.07907258499
1.08303040387
1.08767976273
1.09242469343
1.09677836202
1.10127611007
1.10508871832
1.10847429846
1.11169017663
1.11566302289
1.11816997426
1.12418857418
1.12620112588
1.12893968071
1.13205620804
1.13719642878
1.14102298541
1.14623952956
1.14984788014
1.1553824303
1.15824036117
1.16369884862
1.16681152768
1.17487961567
1.17971525471
1.18551295009
1.19305511737
1.19887601195
1.20329572676
1.20948845125
1.21719826504
1.22340336114
1.22923858303
1.23398737108
1.2415301113
1.24905085159
1.25730121151
1.26362425538
1.27145923696
1.27727011828
1.28293525139
1.29364916671
1.29818130601
1.30603351097
1.31353051986
1.32007799173
1.33042685709
1.33491532086
1.34502904307
1.35293540447
1.36327826867
1.36991513256
1.37262263013
1.38305298276
1.39080035674
1.40023505387
1.40278214646
1.41287846509
1.42391897338
1.4303420699
1.4389530094
1.44547598035
1.4577332095
1.46649672476
1.47898787671
1.49267830625
1.50136029147
1.50905989597
1.52182115874
1.53058416896
1.54053569184
1.54853713658
1.56263656022
1.5738851288
1.58599604603
1.59923443751
1.61829682463
1.63508449918
1.64701734218
1.65352588716
1.66221219743
1.67570620591
1.69272732647
1.71212834241
1.72717977232
1.73956958699
1.76092310522
1.76977545701
1.78232832968
1.80165192628
1.82053097759
1.82768969998
1.84759245732
1.86009580723
1.86857665195
1.87771299333
1.89336631957
1.93461568038
1.94627859456
1.96808142794
1.99302797316
2.01691670427
2.04916033898
2.07438018025
2.08361542234
2.11187432621
2.14122514412
2.15057798725
2.18298920903
2.20442185946
2.21971411603
2.24447267516
2.29447573519
2.31563941593
2.32513660197
2.39842592021
2.41772744915
2.42711428732
2.4962903877
2.53475549375
2.57960740096
2.61662029652
2.58430043114
2.63767366601
2.67355940383
2.61983239984
2.4416910998
2.16302543266
1.88769747958
1.49864811375