1.0
0.999377076988
0.999377076988
0.999377076988
0.999377076988
0.999377076988
0.999377076988
0.999377076988
0.999377076988
0.999377076988
0.999377076988
0.999350100007
0.999350100007
0.999350100007
0.999350100007
0.999350100007
0.998997053431
0.998997053431
0.998997053431
0.998997053431
0.998997053431
0.998997053431
0.998997053431
0.998997053431
0.998997053431
0.998428724151
0.998428724151
0.998428724151
0.998428724151
0.998428724151
0.998428724151
0.998428724151
0.99813336353
0.997993680349
0.997993680349
0.9971410798
0.9971410798
0.9971410798
0.9971410798
0.9971410798
0.996610070454
0.996610070454
0.996610070454
0.996610070454
0.99652391472
0.99652391472
0.99652391472
0.99652391472
0.99652391472
0.99652391472
0.99652391472
0.99652391472
0.99652391472
0.99652391472
0.996300634887
0.996300634887
0.996300634887
0.996300634887
0.996300634887
0.996300634887
0.996089937202
0.99580395988
0.99580395988
0.99580395988
0.995322426103
0.995322426103
0.995322426103
0.995322426103
0.994793549324
0.994793549324
0.994793549324
0.994793549324
0.994793549324
0.994504586407
0.994504586407
0.994504586407
0.994311482405
0.994311482405
0.994311482405
0.994311482405
0.994311482405
0.994311482405
0.994311482405
0.994311482405
0.994311482405
0.994311482405
0.994311482405
0.994311482405
0.994311482405
0.994291116384
0.994087242916
0.994087242916
0.993969951695
0.993969951695
0.993969951695
0.993969951695
0.993969951695
0.993969951695
0.993969951695
0.993969951695
0.993969951695
0.993643668844
0.993643668844
0.993643668844
0.993643668844
0.993400769388
0.993400769388
0.993400769388
0.993261619348
0.993261619348
0.993261619348
0.993261619348
0.993261619348
0.993261619348
0.993173011162
0.992742872266
0.992742872266
0.992742872266
0.992454762375
0.992454762375
0.992454762375
0.992454762375
0.992454762375
0.992454762375
0.992454762375
0.992454762375
0.992454762375
0.99145490803
0.99145490803
0.99145490803
0.991231308311
0.991231308311
0.991231308311
0.991231308311
0.991231308311
0.991231308311
0.991231308311
0.991231308311
0.991231308311
0.991231308311
0.991231308311
0.991231308311
0.991231308311
0.99093797363
0.990677053977
0.990385531979
0.990385531979
0.990385531979
0.990385531979
0.990385531979
0.990385531979
0.990385531979
0.990111497035
0.990111497035
0.989522268591
0.989522268591
0.989522268591
0.989522268591
0.989522268591
0.989522268591
0.989522268591
0.989522268591
0.989522268591
0.989345478733
0.989345478733
0.989345478733
0.989345478733
0.989345478733
0.989345478733
0.989345478733
0.989345478733
0.98914853611
0.988888576112
0.988660284745
0.988660284745
0.988660284745
0.988243367768
0.988243367768
0.988243367768
0.988243367768
0.988243367768
0.98806913699
0.98806913699
0.98753375588
0.98753375588
0.987319539459
0.987319539459
0.987319539459
0.987319539459
0.98614652062
0.98614652062
0.985772148368
0.985772148368
0.985437335246
0.985081089819
0.985081089819
0.985081089819
0.984844481437
0.984844481437
0.984844481437
0.984654043146
0.984654043146
0.984654043146
0.984351858309
0.984351858309
0.984031653275
0.984031653275
0.984031653275
0.984031653275
0.984031653275
0.983764869061
0.983764869061
0.983568566209
0.983568566209
0.983356482355
0.983356482355
0.983356482355
0.983356482355
0.983356482355
0.983063147674
0.983063147674
0.982805213616
0.982805213616
0.982097094526
0.981788511986
0.981517675894
0.981517675894
0.981517675894
0.981517675894
0.981517675894
0.980662942777
0.980662942777
0.980662942777
0.980631487404
0.980611654525
0.980611654525
0.980595127126
0.980595127126
0.980267031592
0.979950132038
0.979950132038
0.979950132038
0.979950132038
0.979910999421
0.979599111402
0.978418095434
0.978418095434
0.978418095434
0.978418095434
0.978418095434
0.978418095434
0.978418095434
0.978088293846
0.977664339396
0.977664339396
0.977664339396
0.977314065158
0.977314065158
0.977314065158
0.976680052794
0.976420625938
0.976077495803
0.976077495803
0.976077495803
0.975851017117
0.975851017117
0.975851017117
0.975851017117
0.975851017117
0.974637692749
0.974637692749
0.974367709684
0.974069576726
0.974069576726
0.974069576726
0.974069576726
0.972733309832
0.972733309832
0.972733309832
0.972477721599
0.972477721599
0.972477721599
0.972477721599
0.972477721599
0.972477721599
0.972477721599
0.972140136139
0.971424446433
0.971424446433
0.97118399943
0.970913269966
0.970560756533
0.970261663919
0.970261663919
0.970261663919
0.969998611698
0.969998611698
0.969626052129
0.969626052129
0.969095042783
0.969095042783
0.968800321932
0.968800321932
0.968800321932
0.968787100013
0.968787100013
0.968787100013
0.968787100013
0.968541641476
0.968353975522
0.968147862858
0.968144237493
0.968144237493
0.967987387142
0.967987387142
0.967766346504
0.967766346504
0.967766346504
0.967460749559
0.967176371662
0.967176371662
0.966646855113
0.966623610126
0.96592242188
0.96592242188
0.965321251058
0.965133798361
0.964849420464
0.96441650923
0.96441650923
0.964145779766
0.963077043485
0.96286442649
0.962495705542
0.962495705542
0.962249074092
0.961958405121
0.961885577935
0.961443070147
0.961443070147
0.960262374064
0.959900477333
0.959651819944
0.959651819944
0.959651819944
0.959651819944
0.95934611637
0.95934611637
0.95934611637
0.959098631894
0.958883455817
0.958568368946
0.958162328064
0.958162328064
0.957630785576
0.957630785576
0.957630785576
0.95686434076
0.95686434076
0.956602248195
0.956331838617
0.956146198602
0.955587359248
0.955067865767
0.954984162486
0.954807052742
0.954626211005
0.954626211005
0.954303553519
0.953324704965
0.953324704965
0.952922289448
0.952667234356
0.952667234356
0.952667234356
0.952415378116
0.952415378116
0.952415378116
0.951614598961
0.951127733765
0.95077799267
0.949896602457
0.949896602457
0.949547074618
0.949247875376
0.948961258283
0.948698632576
0.948059182165
0.947754118361
0.947448841301
0.947448841301
0.947448841301
0.947448841301
0.947406403205
0.946399618014
0.945992297592
0.945496262355
0.944989457652
0.944989457652
0.944226638201
0.944226638201
0.944226638201
0.943912297729
0.943622695041
0.943622695041
0.943140841379
0.942907538477
0.942907538477
0.942907538477
0.942907538477
0.942419606998
0.942419606998
0.942013992629
0.94149897754
0.94149897754
0.94149897754
0.94121086765
0.94067815225
0.940477584261
0.94043546605
0.94043546605
0.940366370858
0.940366370858
0.940366370858
0.940366370858
0.940084658671
0.939724254737
0.939561646453
0.939561646453
0.938959409347
0.93866511501
0.93822143431
0.937370753071
0.937151631745
0.936378469341
0.935946197877
0.935926471626
0.935676641325
0.935676641325
0.935676641325
0.935402606382
0.935188603217
0.934855602778
0.934855602778
0.934445296761
0.933937532402
0.93319326629
0.932960603158
0.93258399171
0.932314008645
0.931976423185
0.931170845753
0.930500686367
0.930132818446
0.929787342486
0.929432163343
0.927765881605
0.927188382283
0.926764427833
0.92589498
0.925317587307
0.925317587307
0.923810075231
0.923810075231
0.923073806247
0.921802582667
0.921802582667
0.921449216207
0.921134129336
0.920846552587
0.920585739563
0.919707441574
0.919420397967
0.918925429014
0.918586883899
0.917492663434
0.916481932993
0.916128246648
0.915850586339
0.915850586339
0.915573352544
0.915236939996
0.914936567841
0.914678313898
0.914422192523
0.914191661959
0.914191661959
0.913748727657
0.913415194075
0.912736824304
0.912736824304
0.911916318898
0.911916318898
0.910745752512
0.910745752512
0.909678615657
0.909484338743
0.909338471115
0.908392997245
0.907340148593
0.907070805298
0.90645747884
0.905552417127
0.905125157197
0.905120785433
0.905120785433
0.904241207903
0.904241207903
0.903589388599
0.902783064768
0.902590280652
0.902410611827
0.902162061067
0.902005104087
0.901620602139
0.901175215384
0.900359828141
0.899805787064
0.899467988347
0.898791111373
0.898563992917
0.898378779416
0.897633340392
0.895489470127
0.895489470127
0.895161694479
0.894591872401
0.894220645686
0.894220645686
0.894220645686
0.89385842907
0.893579169335
0.892802541509
0.891159504758
0.890896132653
0.890447760303
0.890145095638
0.889314087337
0.889314087337
0.889138417076
0.888006183593
0.886748501818
0.886748501818
0.886347792355
0.886347792355
0.886015751571
0.885518916622
0.88499217241
0.88425238469
0.883934365539
0.883516328964
0.883247732068
0.882931738855
0.882931738855
0.882652692377
0.882610467538
0.882346455662
0.882346455662
0.881626554135
0.881338071046
0.881338071046
0.881038978432
0.880487176551
0.880137168884
0.880137168884
0.879084480175
0.878377427368
0.877651021511
0.877651021511
0.877651021511
0.875796593991
0.875506351533
0.875030895574
0.873990309186
0.873990309186
0.87376852215
0.87341440929
0.87294732366
0.871470733814
0.870100132582
0.870100132582
0.869428160513
0.868761199979
0.868317785849
0.867644427611
0.866804889039
0.866796092198
0.86647482088
0.865887938261
0.865647917772
0.865401019751
0.865176993519
0.864283500985
0.864283500985
0.863769818751
0.86309374149
0.862281872983
0.861596039225
0.861367214715
0.860231249239
0.85999149532
0.859306461275
0.858928836857
0.857759550011
0.856854808183
0.855738195758
0.85548292741
0.854599298001
0.854378044107
0.853139555441
0.851838795799
0.851625645662
0.850770166146
0.850032191109
0.849153999748
0.848683235438
0.847239380506
0.846707624761
0.846441586946
0.845715874173
0.844036956971
0.843530632095
0.842862711905
0.842406555684
0.84217602512
0.84217602512
0.841137358043
0.839346321097
0.838134489526
0.837756811794
0.8374709411
0.836925430294
0.836701883889
0.836701883889
0.835865490854
0.835462062368
0.835005692889
0.834331055111
0.83338632764
0.832156475872
0.830809226255
0.829980617093
0.829620426415
0.829158672204
0.828942696414
0.827207479427
0.826050934672
0.826050934672
0.824423465666
0.824368818619
0.824073298056
0.823554604288
0.822944903195
0.822944903195
0.821967387496
0.820926747794
0.819252042413
0.818918348889
0.818149718192
0.817858036251
0.81695873247
0.816013045343
0.815206401627
0.813718989001
0.812839571414
0.812599231039
0.812271668647
0.81173010309
0.810615356662
0.809940239057
0.809608731414
0.808016556402
0.807169393901
0.805888040625
0.804971356418
0.803969529447
0.802728428385
0.80244623637
0.801405596668
0.801405596668
0.800648641778
0.800102917715
0.798512928585
0.798512928585
0.797380588474
0.796172382268
0.795071017702
0.790711516271
0.789412196112
0.789340808409
0.788658280131
0.787833776161
0.786935805235
0.785645281918
0.784393251447
0.783277225478
0.781696086504
0.779616726411
0.779303985364
0.778779693605
0.778169139485
0.77750191238
0.777264291029
0.77661508412
0.776347660136
0.776138241992
0.775714447485
0.774772972179
0.772136745356
0.770922567961
0.769662700304
0.766817908365
0.766794716692
0.765197423517
0.764829715539
0.763664000744
0.763354138663
0.76184081534
0.760709914712
0.760483862541
0.758942069439
0.758942069439
0.758942069439
0.758498335424
0.757321904477
0.75633564525
0.75604982787
0.755849419824
0.753488347544
0.752753624672
0.750936197201
0.75031812578
0.749568954762
0.748617136503
0.747174827683
0.745987627269
0.745229766038
0.74484819637
0.743878411229
0.743878411229
0.743080404412
0.742320890441
0.741115616516
0.741101008427
0.740823934575
0.740633922796
0.738280421131
0.735994095347
0.735453596074
0.734452408874
0.732491939427
0.731294822574
0.73001362924
0.728198494279
0.726717319414
0.725641012518
0.723906915128
0.721775893583
0.720643286901
0.720348032909
0.719285854274
0.717787672181
0.715419402484
0.712927657121
0.711979517541
0.711461410229
0.710235770282
0.709242526896
0.708087208369
0.706280177165
0.705634915507
0.70472942728
0.703062185886
0.701690784941
0.698717345857
0.697448628045
0.692593251319
0.690747514013
0.689645722933
0.688041498914
0.685845913883
0.684960791677
0.684954927116
0.684009719817
0.683027032641
0.682599932654
0.681564571056
0.680221320004
0.680025177094
0.679209363337
0.676906296896
0.676490126318
0.673859124287
0.671824068287
0.668832609007
0.667575193802
0.665870685789
0.664694521412
0.663327438916
0.662136666451
0.661920690662
0.660699848993
0.657864600294
0.656267413748
0.653163354896
0.651081968863
0.649023188048
0.647566324454
0.646024264781
0.644722172285
0.642887790901
0.642208088275
0.640492490909
0.638865128531
0.638178761631
0.636483636915
0.634569764072
0.632668420064
0.632405900985
0.629433314929
0.627399485156
0.627006133051
0.626099471912
0.625358831165
0.623843428589
0.622666037986
0.62153135205
0.620974005493
0.620542693685
0.61952364623
0.616925752311
0.61484095417
0.612956670704
0.611782905466
0.609768375429
0.607890436351
0.607742542784
0.60607071637
0.603456508309
0.602042989152
0.601017117481
0.598693578391
0.596703039741
0.595401373757
0.594429136163
0.593347124648
0.589753055063
0.587921765903
0.586170128144
0.58465653825
0.582083808629
0.579643084947
0.576101209955
0.573907437607
0.566632609561
0.564771357825
0.563668127262
0.559913635275
0.559094089525
0.552328518635
0.550594634502
0.549832348194
0.546931309783
0.545467195458
0.542915365001
0.539682285805
0.53858550626
0.535365755612
0.533360715502
0.531876075214
0.52852751748
0.525629624606
0.523025439613
0.52163308619
0.520186725491
0.518219431829
0.516664363494
0.514160782379
0.512451102889
0.510358094363
0.507418563106
0.505700513288
0.500525997812
0.497699599269
0.495460616487
0.493731957145
0.491081602062
0.488680650766
0.485370532564
0.482887584042
0.480311548941
0.477916408893
0.473151719607
0.471996720964
0.469508867536
0.467743421402
0.46586175033
0.463114896561
0.460114853696
0.458337731754
0.456373903514
0.454112742028
0.452969579136
0.449632857152
0.448444057312
0.447410615026
0.445301958785
0.442985697082
0.442039156928
0.440017962617
0.437047295872
0.436256166586
0.43348862691
0.43172781911
0.429484171336
0.426165069693
0.423557632534
0.419513457888
0.41730665022
0.414553825261
0.412980843358
0.410209731631
0.405996524341
0.404994963941
0.401268035391
0.398001901397
0.39265475457
0.390792836407
0.387954682084
0.384546492427
0.382412352002
0.378698325487
0.377204301901
0.372952228565
0.369956717407
0.367576238761
0.3653816667
0.360093858568
0.358665491409
0.355337859495
0.351463677148
0.348896865403
0.346623175082
0.343747887425
0.33990361434
0.33687488844
0.334416571074
0.330585546565
0.326899989828
0.320640877099
0.316086672241
0.312688319053
0.308963683013
0.306613780055
0.301829471147
0.297791880803
0.294395100383
0.291457328494
0.28716329689
0.283709337
0.280531064793
0.275001370175
0.271394131984
0.266525959853
0.260339914224
0.255254700019
0.251517002002
0.247255278798
0.243099597521
0.239176259489
0.235727924246
0.230804865155
0.226509100839
0.220416968158
0.213292059619
0.208009849477
0.201957782411
0.195590415217
0.191917094087
0.186773647456
0.178397174945
0.172375430325
0.168450906053
0.161418577607
0.153120570257
0.147796521803
0.139182854455
0.129655848364
0.122015204994
0.114923724453
0.106642644358
0.0980809116961
0.0869311815619
0.0771519793533
0.0658716161216
0.0550307217697
0.0421959566304
0.0287646889927
0.0174732364092
0.00599877744894