0.254887135176
0.288837479147
0.300062649095
0.307406669527
0.313003602911
0.317668050705
0.321614489065
0.325106286207
0.328176053649
0.330863840482
0.333374699738
0.335641439325
0.337779641766
0.339851564284
0.341806365705
0.343692103669
0.345415168703
0.347000400409
0.348535746827
0.349966774657
0.351424716874
0.352867355941
0.354123981443
0.355442286926
0.356694456038
0.357845993891
0.359002714006
0.360158156119
0.36124512097
0.362386173675
0.363436690214
0.364465602691
0.365379615735
0.366210649802
0.36703271738
0.367901697747
0.368843403522
0.369723508273
0.370600458771
0.371399464182
0.372316831443
0.373110015625
0.373970696076
0.374742204818
0.375540445802
0.37619491146
0.37696536174
0.37778854381
0.37853622488
0.379255972396
0.379986226376
0.380742961766
0.381492300383
0.382139667477
0.382751060839
0.383498937838
0.384100216716
0.38482486756
0.385466805158
0.386133847298
0.386689227904
0.387283681248
0.387902615896
0.388541747716
0.389172862983
0.389771251736
0.390379660823
0.391053231205
0.39161629745
0.392242082936
0.39287771696
0.393580159713
0.394122494765
0.394728060565
0.395371136148
0.395951777898
0.396451114746
0.397049069331
0.397517916423
0.398078542584
0.39874279178
0.399304212704
0.399854670973
0.400362362363
0.400970497635
0.401596831994
0.401880443336
0.40242439525
0.403034497638
0.403580242372
0.404071560483
0.40459610168
0.405102488141
0.405534635678
0.406072768649
0.406677711247
0.407212661542
0.407720001406
0.408206675721
0.408661517723
0.409155572865
0.409668420236
0.410095187068
0.410572877276
0.411132377573
0.411669815398
0.412229556174
0.412775244171
0.413164202451
0.413678150174
0.414217169971
0.414596553176
0.415032433768
0.415512253444
0.416005265369
0.416465154273
0.416989346992
0.417487841998
0.417906483304
0.418393236555
0.418869302254
0.419372334581
0.419781770216
0.420271799853
0.4207397234
0.421210770984
0.421679525834
0.422221333042
0.422705087657
0.423208054519
0.423722359898
0.424222406525
0.424681465979
0.425187786367
0.425734674093
0.426291044908
0.42679978602
0.427283770245
0.427808747188
0.428253337064
0.428706220451
0.429188922764
0.429604792407
0.430132312638
0.430595900401
0.430973064755
0.431423681134
0.431812903348
0.432281487625
0.432696885444
0.433114347221
0.433648411841
0.433914204166
0.434386542992
0.434748566383
0.43518360715
0.435670022206
0.436159891935
0.436649828162
0.437146157759
0.437676845803
0.438204865621
0.438601229794
0.439148505607
0.43966766797
0.440164734581
0.440598454797
0.440995519909
0.441493276053
0.442036234706
0.442533800725
0.443003167859
0.443561119393
0.444114752097
0.444713665667
0.445198823728
0.445634991732
0.446055765344
0.446529739958
0.447067493495
0.447474635706
0.447944070327
0.448431683684
0.448902556385
0.449439847759
0.449933385342
0.450362994363
0.450973976148
0.451500297196
0.452096023945
0.452535309739
0.45309342036
0.453534908457
0.454072331868
0.45461216623
0.455199811422
0.455749915088
0.456272825095
0.456699140322
0.457206859564
0.457753514328
0.457949770759
0.458493251859
0.459038329184
0.459713767538
0.460058968865
0.460757762193
0.461178887171
0.461673540666
0.462108384006
0.462650690153
0.463100030499
0.463632963253
0.464058829958
0.464491623672
0.465017631489
0.465480392176
0.46608035987
0.466588473303
0.467203678617
0.467816395522
0.468313520407
0.468613961442
0.469308116584
0.469879299478
0.470286808437
0.470804425766
0.471329357688
0.471886781948
0.472439046703
0.473024432903
0.473609721301
0.474139529257
0.474744559516
0.475239069674
0.47579341348
0.476277327429
0.476936712088
0.477325297802
0.477442409661
0.477740046847
0.478214730349
0.478715074684
0.479285587376
0.47967294097
0.479989437527
0.48041517779
0.480976105584
0.481497784141
0.481878603505
0.482187847289
0.482506391295
0.482876144799
0.483266604568
0.483619679471
0.484064715919
0.484539015264
0.484849377632
0.485343453354
0.485812499054
0.485979543412
0.486373014435
0.486808138246
0.487335736208
0.487612739494
0.488034829015
0.488365349821
0.488693418593
0.489995249726
0.490282495322
0.490570859696
0.490786715451
0.491172838382
0.49149795623
0.491742224133
0.491945977653
0.492216866248
0.492514967036
0.492735865523
0.49305795836
0.493168261219
0.493382005034
0.493702749385
0.493854461097
0.494104965893
0.494352354602
0.494692777292
0.495069644335
0.495383211369
0.495777908187
0.495893623586
0.496264409148
0.49662679892
0.496908493859
0.497233766985
0.497512298587
0.497794745419
0.498087851511
0.498361504384
0.498703109176
0.498955840603
0.49920401636
0.499511851541
0.499831662104
0.500243460299
0.500602472211
0.500991170443
0.501352557587
0.501701071625
0.502024078306
0.502461620894
0.50272020711
0.503069415912
0.503442719467
0.503756988805
0.504131603978
0.504353469873
0.50461598153
0.505038657346
0.505294923409
0.505526386368
0.505856704221
0.506213335924
0.506633460144
0.506957732536
0.507119190403
0.507418153617
0.507794819619
0.508195240377
0.508548459251
0.50887928124
0.509316530794
0.509627372254
0.509929970034
0.510014820854
0.510402525501
0.510716988982
0.511065472237
0.511362039716
0.511678717759
0.512061317307
0.512482417698
0.51290145698
0.513139685688
0.51340598061
0.513721420073
0.5140151161
0.51444195714
0.514809819738
0.515058041213
0.515492892396
0.515933382343
0.516364238362
0.516841376472
0.517193014932
0.517473512499
0.517861547917
0.518268008331
0.518640003973
0.519063294226
0.519499181732
0.519925188469
0.52034763482
0.520827798234
0.521303759222
0.521619301593
0.522095294385
0.522514175344
0.522767049419
0.52314519566
0.52338938782
0.523715443685
0.52410839971
0.524595906891
0.524915489612
0.525425228473
0.525884781018
0.526343326847
0.526771823072
0.527217539249
0.527592173768
0.527979016485
0.528511883728
0.52874980409
0.529245670338
0.529563635114
0.530054232334
0.530584888205
0.531085467432
0.531536159128
0.532096395024
0.532441742655
0.532770448052
0.5331279707
0.533488841474
0.534013308999
0.53448203559
0.534675748375
0.53513622334
0.535307707883
0.535734566891
0.536292034845
0.536890984545
0.537161301522
0.53775590844
0.538325472589
0.53879626983
0.53922074385
0.539697887298
0.540043645594
0.540247421031
0.540702544493
0.541034922944
0.541347085521
0.541854231357
0.542384753511
0.542796055152
0.543307644071
0.543805225677
0.544041969454
0.544535817076
0.545103777514
0.545536182109
0.545972141693
0.546507423119
0.547022043815
0.547584891703
0.547989566095
0.548500919839
0.548960838868
0.549568172883
0.550078933312
0.550537399346
0.551092799147
0.551672480194
0.552053657377
0.552469934973
0.552952864689
0.55341812174
0.553983600131
0.554444539925
0.554892771635
0.555270136094
0.555947364555
0.556381898548
0.556492153686
0.556898110827
0.557278791956
0.557852447923
0.558399308851
0.558851361111
0.559356954294
0.559886692284
0.560345177802
0.560741722057
0.561172634197
0.561564150856
0.562040516886
0.562570365559
0.563633947256
0.564420780444
0.565128961168
0.566153003683
0.566980411536
0.567814179073
0.568681249313
0.56954915769
0.570257674207
0.571227686347
0.57207699788
0.572878211454
0.573602478953
0.574352770926
0.574953420087
0.575825696152
0.576149841787
0.576688020135
0.577010153432
0.577940358992
0.578560425672
0.579164843378
0.579724219012
0.580260914666
0.580765658952
0.581585375851
0.582154793303
0.58277743054
0.582658183312
0.583209177057
0.583976525121
0.584499616532
0.585208033682
0.585781420286
0.586416438278
0.587122560665
0.587525882011
0.588271792772
0.588915838222
0.589587099153
0.590322780075
0.590870577833
0.591533510903
0.592315692716
0.592952361686
0.5937369938
0.594466104961
0.59491538701
0.595570493773
0.596291757598
0.597037578614
0.597716914038
0.598109445654
0.598713091996
0.599265849366
0.599786326603
0.600722413983
0.601298896169
0.602118696937
0.602563657497
0.603537997075
0.604510738765
0.605207069545
0.605951857693
0.606699300895
0.607322857689
0.607863800344
0.608671117977
0.609621947523
0.610058498041
0.610947753401
0.611726254687
0.612444742306
0.613126123773
0.613820234187
0.614542128928
0.615089680009
0.615804502596
0.616736453658
0.617508533657
0.61829017425
0.619034303783
0.619996085967
0.620954984812
0.621541343708
0.621982753658
0.622614648483
0.623306020598
0.624180388151
0.624965202024
0.625747864052
0.626660931477
0.627565505512
0.628265699907
0.62930325171
0.63005791797
0.631103727017
0.631805052943
0.632347760003
0.633454617497
0.63442321022
0.635231348324
0.635988658803
0.63635586226
0.637229240182
0.638265706727
0.639287066544
0.640254946105
0.641361896011
0.641901410081
0.642959302478
0.643576273771
0.64436392787
0.645494786032
0.646284704848
0.647289396601
0.64832485895
0.649236160314
0.650278116229
0.651203406795
0.652181766113
0.652951793981
0.653440151574
0.65455953643
0.655014636365
0.655524114981
0.655763715982
0.656969513622
0.658126395965
0.659240537769
0.66026737788
0.66120015166
0.662072892285
0.663167023425
0.664533027534
0.665452900556
0.666624232661
0.667703423634
0.668617980948
0.669350416312
0.670617831406
0.671615079312
0.672746939898
0.673643625913
0.674775370052
0.675483375766
0.676535996188
0.677480958175
0.678530644407
0.680160045147
0.680810521692
0.681813019556
0.682962560613
0.684206171459
0.685130385001
0.686133901363
0.687276034038
0.688040035088
0.689100726331
0.690140202912
0.690868586907
0.691712172946
0.692660383454
0.693855865712
0.695104931536
0.696499504568
0.697607103901
0.698648696255
0.699780310941
0.700366213863
0.701923920098
0.703119895512
0.704752716168
0.706106821901
0.707177091923
0.707618194459
0.709160621906
0.710145568079
0.711605972535
0.712445959876
0.713389380015
0.714685433388
0.715969356617
0.717001149756
0.718308242022
0.718973602584
0.719810560853
0.721270958012
0.722650256888
0.723172466038
0.724139329754
0.724762797138
0.725874674506
0.727220897549
0.728657367749
0.72944214114
0.730855893625
0.731976299565
0.733306563582
0.734614979548
0.735345768016
0.736843760959
0.738284583458
0.739823569469
0.741102828131
0.742703340656
0.744294614962
0.745181456955
0.746926796855
0.748078235595
0.749739723439
0.751206001465
0.752695603579
0.75361296502
0.755126827089
0.756296969473
0.757673604005
0.75834761135
0.758500477758
0.759945135911
0.76113719048
0.762816836201
0.7638714805
0.764785726885
0.766636773616
0.768267584776
0.769253438167
0.770391372557
0.771819654201
0.773278038411
0.774311823315
0.775508443499
0.777071895826
0.778852573228
0.780120949969
0.781861724074
0.78364477004
0.785104956583
0.784150523019
0.785377549537
0.786405173238
0.788173840708
0.789797518616
0.791383010937
0.792244470174
0.793947577167
0.794296987984
0.796142261029
0.798523280536
0.800163726786
0.801741089579
0.802665613772
0.804553821455
0.806036491628
0.807078611929
0.808434126934
0.810025742609
0.811151723621
0.812385909453
0.813334251793
0.814940382282
0.816237410112
0.818572463263
0.820580880488
0.821916244929
0.823257918466
0.824455043146
0.824906958571
0.82603065413
0.827456205939
0.829128573783
0.831386683089
0.832867220897
0.834865224357
0.837449309951
0.838804980965
0.840911652648
0.841854883793
0.843686297538
0.844568222695
0.845268624688
0.846198075942
0.846701283063
0.848143336677
0.850746100801
0.852955790085
0.855448130951
0.85789692042
0.859699885946
0.861023527703
0.863421787213
0.864897350628
0.866538915744
0.86796475971
0.869165655207
0.871262646657
0.873680722592
0.875781257386
0.877798863409
0.880359896
0.883434258263
0.884540663921
0.887401952688
0.888790569842
0.890757708262
0.892426173253
0.894238207352
0.895241198827
0.896983700555
0.897596898961
0.899485395088
0.901117893503
0.903462046872
0.903377302829
0.905382524563
0.907505224878
0.909949962183
0.910709766015
0.912547793524
0.915614140146
0.917936103069
0.922168359481
0.924077596212
0.925608608232
0.92842029269
0.929722138338
0.932382397078
0.93470767174
0.937569026052
0.939069177594
0.94257615295
0.945338943655
0.94776130649
0.950934134426
0.950683684603
0.953084664792
0.956515476403
0.958814377825
0.96107800202
0.964570904759
0.967172539272
0.970081882735
0.973094735158
0.976045383399
0.978234469768
0.977727591832
0.980620281374
0.984641420016
0.986811311346
0.989911475369
0.992522164957
0.994748911358
0.996360985164
0.998558145423
1.00102917949
1.00366100396
1.00634680596
1.00838208834
1.01124240986
1.01409106109
1.01728278588
1.02003564906
1.02347509311
1.02534122024
1.03029144266
1.03305470158
1.03616935613
1.03819688046
1.04144682913
1.04414026306
1.04695971608
1.04940768643
1.0527261839
1.05601147058
1.0588823273
1.06147572342
1.06554307913
1.06814897906
1.07134379366
1.07312680524
1.07357966356
1.07755507477
1.08234392301
1.08589015353
1.08895276243
1.09235336187
1.09739901911
1.09941960944
1.10517766763
1.10966547742
1.11430215485
1.11685940143
1.11990364603
1.1245964383
1.12959958588
1.13341778699
1.13801804449
1.13994791413
1.14491329953
1.15072741318
1.15484665349
1.16067851601
1.16232881336
1.16630642694
1.17217752468
1.17676510393
1.1798421909
1.18319685497
1.18862662151
1.19294626303
1.1984774801
1.20386179619
1.20699223516
1.21277020168
1.21744887824
1.22354355307
1.2296287707
1.23548721657
1.23900257155
1.24292884139
1.24697852449
1.25189979545
1.25455396947
1.26165398289
1.26949661074
1.2742745929
1.27926340288
1.28221616137
1.28915239245
1.29584546198
1.30544985115
1.31397256364
1.31670983906
1.32275163185
1.32831264596
1.33645604278
1.34185669561
1.347627764
1.35887217971
1.36528302783
1.37221018072
1.37929224925
1.38252806267
1.38436796447
1.39219239007
1.39944743747
1.40482418758
1.41404793318
1.4209923563
1.43036850585
1.43599000455
1.43878403137
1.450449744
1.45717694523
1.46513169505
1.47786243215
1.48532646135
1.49024462007
1.49682497726
1.50989025315
1.51755068632
1.53345874005
1.53734610177
1.55016966275
1.56055144948
1.57586201301
1.58570523367
1.59167341317
1.59923626088
1.614870845
1.62410035681
1.64461973828
1.66148051743
1.67471137745
1.68612629541
1.69615508926
1.71425193599
1.72921977701
1.74350327456
1.75033955228
1.76138510324
1.7759516528
1.78781601159
1.81864886289
1.83744462946
1.86634121221
1.88805379644
1.91297756844
1.92984424609
1.95459250724
1.98123054442
1.98930987484
2.0017117742
2.00377685638
2.00497151453
2.00878265308
2.02628389219
2.04292415678
2.07952898705
2.0687779343
2.08906190257
2.11424959587
2.13899452699
2.14989453519
2.17389954851
2.20624994648
2.24532418722
2.27236941084
2.28458470288
2.31290825995
2.336687827
2.36544759519
2.40131476759
2.42041665482
2.44176080953
2.48566899112
2.50467606841
2.54610528214
2.57518907548
2.58123392745
2.61286838195
2.64877427986
2.64090869765
2.79995182489
2.79574612966
2.85351915985
2.8868200471
2.90997348073
2.96537655629
3.01894783239
3.01704594159
3.01613920383
2.88442033533
2.78081345003
2.81810061129
2.82978254254
2.71492125106
2.40108184781
2.23162584109
1.64515805823
1.09552286096