1.00000007086
0.751024092262
0.709075671791
0.684740717058
0.667137313323
0.652924166933
0.641008062499
0.630538619031
0.621781983601
0.613838457231
0.606302229414
0.599363344462
0.592930358608
0.587304813081
0.582128089584
0.576994377608
0.571774217435
0.567191258415
0.562790407481
0.558546367907
0.554680078608
0.550727907986
0.546793204151
0.542971449845
0.539413149961
0.53593810961
0.532460660048
0.529213290234
0.525909870811
0.522632562995
0.519711889419
0.516935733135
0.514037628207
0.511046733186
0.508487299697
0.505891161154
0.503395182058
0.500957484635
0.498504835926
0.496112204941
0.493914861848
0.491688572781
0.489516207549
0.487245560637
0.485080281322
0.482972008216
0.48093686178
0.479052326526
0.476881201329
0.474885098301
0.472879181276
0.471061076501
0.469278720181
0.467547736765
0.465737957943
0.463906850509
0.46228729315
0.4606461946
0.458792695666
0.457240312806
0.455599993708
0.454115245933
0.452536007445
0.450992552842
0.449380612844
0.447979656047
0.446483322797
0.444911241086
0.44344038171
0.442064154766
0.440606404337
0.439087750446
0.437779406594
0.43624119557
0.43487662496
0.433606261627
0.432240450982
0.430997014136
0.429684029007
0.42825986583
0.427058483906
0.425724063876
0.424409236409
0.423134940391
0.42187127325
0.420594249154
0.419382486361
0.418295329431
0.417184186669
0.416103336206
0.414939615935
0.413948685768
0.412846612981
0.411621351514
0.410533911147
0.409471094345
0.408429712444
0.40737387527
0.406333627115
0.40532363583
0.404381563066
0.403241155464
0.402101669031
0.401133980674
0.400110632434
0.399156797046
0.398379967884
0.397527106824
0.396525937506
0.395486149936
0.394536353522
0.393548080574
0.39243796527
0.39140420073
0.390510418496
0.389574368762
0.388700249949
0.387826272854
0.38687902737
0.385954917407
0.385016387602
0.384160089872
0.383146236761
0.382142126787
0.381275341899
0.380305882063
0.379364659609
0.378557290141
0.37765110755
0.37695764421
0.376081470481
0.375281647516
0.374317856414
0.373492169848
0.372716651581
0.37180441053
0.370938440523
0.370133019682
0.369438635173
0.368699467663
0.367927421495
0.367198067982
0.366397749002
0.365588820633
0.364938368813
0.364151796514
0.363293443868
0.362468324176
0.361745666855
0.361011530347
0.36030485177
0.359560794978
0.35882488699
0.358054718591
0.357358243735
0.356613442921
0.355884904288
0.355042140661
0.354370147652
0.353708535512
0.353022795823
0.352262087123
0.351524372227
0.350790802592
0.350071511082
0.349456240844
0.348739181398
0.348073884581
0.347419393788
0.34677570902
0.34617616952
0.345362174719
0.344551545729
0.343990305614
0.343339641217
0.342722705789
0.342069455032
0.341413759633
0.340783077525
0.34014169568
0.339419144648
0.338619286253
0.337889365866
0.337323980489
0.336663572955
0.335965893494
0.335332802173
0.334658151944
0.333983501716
0.333401995876
0.332765574174
0.332178753896
0.33156249163
0.330913882149
0.330418080484
0.329853120263
0.329265910259
0.328670764028
0.328055210353
0.32736716774
0.326777265088
0.326058505022
0.325494891124
0.324867929122
0.324276077842
0.323606742052
0.32307540451
0.32243880566
0.321777476957
0.32124050611
0.320681037475
0.320018858461
0.319446741463
0.31891200268
0.318361922886
0.317750549903
0.317092090996
0.316391577168
0.315858432717
0.315271754157
0.314705872766
0.314126917857
0.313484083399
0.312911576675
0.312293046915
0.311591930784
0.311107147721
0.310578538257
0.310039725072
0.309460628444
0.308756288221
0.308183320912
0.307583745982
0.307024206487
0.306472178065
0.30582994591
0.305345942299
0.304771097222
0.304270335415
0.303662292813
0.30315859035
0.302679334304
0.302188917936
0.301618572417
0.301129502374
0.300501087759
0.299979776791
0.299301689892
0.298813647308
0.29823802278
0.297699882756
0.297181299866
0.296672477828
0.296094426373
0.295655436054
0.295119829246
0.294602132096
0.294067818468
0.293477756383
0.292950900684
0.292410723459
0.291901600269
0.291342609933
0.290810634659
0.290308916253
0.28987759644
0.289355222584
0.288872618441
0.288385621029
0.287921794568
0.287371785633
0.286946719142
0.286485036171
0.285981776578
0.285366825207
0.284789889784
0.284259916281
0.283702467132
0.28324004014
0.28272748028
0.282216745044
0.281728826463
0.281170385285
0.280697169984
0.280235699591
0.279760659665
0.279234849139
0.278676833116
0.278136620462
0.277541810812
0.276964733671
0.276475557339
0.276043830086
0.275499578459
0.274899560659
0.274423121265
0.273931925447
0.273470596772
0.27295644258
0.272493608148
0.272099648836
0.27155743441
0.271095485718
0.270613696455
0.270107159625
0.269567602419
0.269048948669
0.268629054899
0.268198975121
0.267764732367
0.267313642843
0.266882517893
0.266439931471
0.265970985434
0.265442783411
0.264872739043
0.264386397079
0.263954262385
0.263540551077
0.263070542153
0.262446290515
0.261956317018
0.261494722621
0.260928362931
0.26047015206
0.260135005865
0.25971938136
0.259307388387
0.258887228895
0.258495643365
0.258101188039
0.25767597983
0.257231993939
0.256808628069
0.256328326849
0.255896422448
0.255446307238
0.254925474569
0.25449162154
0.2540126135
0.253547582434
0.25303364082
0.252616404268
0.252125917042
0.251640336814
0.251177236659
0.250642462447
0.250197342809
0.249731620865
0.249271018497
0.248814951116
0.248392541845
0.247934791559
0.24751302002
0.247067280364
0.246627032294
0.2461570588
0.245743542355
0.245226890378
0.244803365074
0.244339113458
0.243809228529
0.24331510977
0.24286928154
0.242422018412
0.241901362891
0.241416420396
0.240968785257
0.240564551364
0.240027598232
0.239588873635
0.239182496253
0.23873732347
0.238342903574
0.237849847702
0.237407686435
0.236941858203
0.236439626068
0.236021238054
0.235569085643
0.23510458602
0.234661149288
0.234186127077
0.233777057045
0.233380157078
0.232979714151
0.232498385474
0.232019093997
0.231570661693
0.231161963672
0.230695621711
0.230277800571
0.229849545417
0.22944873048
0.22903778268
0.228616879166
0.228128588574
0.227645771854
0.227164106595
0.226667436906
0.226265116211
0.22578066973
0.225438065607
0.225016099205
0.224550430406
0.224177693418
0.223692804066
0.223270695946
0.222853689687
0.222469314079
0.222039570882
0.221536417578
0.22110123594
0.220665115418
0.220191882401
0.219769632563
0.219263910613
0.218765132863
0.21840405221
0.21797887943
0.217610854577
0.217092608268
0.216561784455
0.216190128069
0.215662280342
0.215194751489
0.214802120787
0.214360933833
0.213913617561
0.213428019618
0.21290922415
0.21250351993
0.212047417119
0.211595725293
0.211182456855
0.210791119333
0.210422492177
0.210003749868
0.209547469909
0.209166548686
0.208720596453
0.208265432527
0.207838860278
0.207423660928
0.206952465113
0.206623572241
0.2061395332
0.205729648288
0.205286494992
0.204818062685
0.204426778307
0.203968850872
0.203489559396
0.203087734716
0.20262133961
0.202114537058
0.201658009092
0.201237601593
0.200848336701
0.200433952232
0.199941994677
0.199571666901
0.199122242568
0.19869478458
0.198247627741
0.197761799506
0.197363145773
0.196902844557
0.196440045554
0.196040311219
0.195670390883
0.195174713222
0.194717689243
0.194360169263
0.193899389747
0.193532764362
0.193132835165
0.192705997195
0.192238556916
0.191791400077
0.191365518705
0.190988707315
0.190454730268
0.190039938358
0.189605252734
0.18921926508
0.188805606917
0.188357635197
0.187931930974
0.187494534986
0.187143622624
0.186593330252
0.1861835162
0.185757546254
0.185293950086
0.18490511035
0.184459654131
0.184020167797
0.183510282871
0.183169290795
0.182723515709
0.182303657368
0.181819760045
0.18144939684
0.181025534955
0.180690548194
0.180258431215
0.179819246033
0.179358289369
0.178933152019
0.178526278622
0.178143603634
0.177657917117
0.177269449392
0.17686946705
0.176455543165
0.176066543995
0.175685941638
0.175246756457
0.174771521668
0.174357048625
0.173919510919
0.173589555159
0.173201530303
0.172860290219
0.172503779983
0.171964187347
0.171524612439
0.171066897583
0.17071782756
0.170286011732
0.169813416448
0.169361264037
0.168902681155
0.168450156733
0.168002344447
0.167568845714
0.16715137887
0.166671644524
0.166238074932
0.165792352991
0.165396746203
0.164971307702
0.16451531118
0.16410266276
0.163719934628
0.163236001876
0.162780412794
0.162304929999
0.161934584508
0.161592919269
0.161156019296
0.160791767694
0.160341050181
0.159895080233
0.159487179378
0.158951306849
0.158506240355
0.158090190695
0.157617453692
0.15727865825
0.156778516461
0.156375593463
0.15596499996
0.155524220446
0.155063405501
0.154598268145
0.154162466489
0.153737577146
0.153297329077
0.152890473395
0.152466080066
0.15206212961
0.151547497119
0.151054210955
0.150687603286
0.150264060268
0.149868949494
0.149385300179
0.148963812076
0.148613555162
0.148195078575
0.147767620587
0.147327965963
0.146897779897
0.146469099588
0.146082456486
0.14550386473
0.145153182661
0.144701818558
0.14431655721
0.14396019755
0.143545113346
0.143163093805
0.14271211057
0.142377920975
0.141996787174
0.141606308819
0.141119878281
0.140715839251
0.140276184627
0.13984331477
0.13945200382
0.13909492671
0.138685962967
0.138228956702
0.137861002708
0.137459089454
0.137055174428
0.136677627873
0.136229346144
0.135827849187
0.135360736632
0.134920072265
0.134453827735
0.134001861329
0.133616812559
0.133243765562
0.132885802712
0.132523561739
0.132042117916
0.131598291458
0.131154243565
0.130747644747
0.130301816518
0.129801231858
0.129368308856
0.128921019156
0.128565589522
0.128212436239
0.127833693936
0.127392338692
0.126947422774
0.12647911447
0.125982878793
0.125630673251
0.125175509325
0.124736217855
0.124330389631
0.123944171684
0.123414118464
0.12297987571
0.122607014718
0.122184623162
0.121659264363
0.12128089407
0.120847528198
0.120456615831
0.120022603369
0.119621469565
0.11915394957
0.118812275474
0.118384622623
0.117936473755
0.117561478131
0.117131672933
0.116703231774
0.116399910207
0.115915074
0.115542939315
0.115167004807
0.114806473312
0.114463700898
0.114030122449
0.113616880583
0.113275684787
0.112805294995
0.112400565088
0.111947057495
0.111531078694
0.111073735847
0.110614240654
0.110195303482
0.10973093672
0.10939625111
0.108984107562
0.108500661966
0.108144258019
0.107692167609
0.107208571438
0.106760449142
0.106286020377
0.105770112421
0.105383487034
0.10491817253
0.104551175136
0.104249979345
0.103821972198
0.103392158142
0.10286449642
0.102439173065
0.102020785052
0.101570306688
0.101143327
0.100705186991
0.100294310051
0.0998321310657
0.0994096863645
0.0989595445824
0.0984853283947
0.0981070466759
0.0975994558157
0.0971723432662
0.096737498209
0.0963240703382
0.0959154963211
0.0955012712845
0.0950250356103
0.0945612977235
0.0941159743654
0.0937472143486
0.0933364791265
0.0928719972184
0.0924134320515
0.0920067446599
0.0915471697498
0.0911504646449
0.0906727852149
0.0902358675268
0.0897741491265
0.0893125015855
0.0888472667985
0.088451819444
0.0880630328522
0.0876032453645
0.0871444853349
0.0867393657027
0.086341863432
0.0859064160718
0.085431216713
0.0849691971613
0.0845089136594
0.0841325097088
0.0837207027416
0.0833611455605
0.0828323146618
0.0824499408255
0.0820642543227
0.0816116767563
0.081205485379
0.0807666810653
0.0803817917282
0.0799383992827
0.0794692406688
0.0789886825848
0.0786389925441
0.0781885230382
0.0777799578785
0.077346556577
0.0769479914187
0.0765746166979
0.0761951392305
0.0757823402349
0.0752855819714
0.0748616846571
0.0745009760143
0.0740098111971
0.0735343284017
0.07311494836
0.0727185709787
0.0722949482437
0.0718637612916
0.071478805524
0.0711084113174
0.0707766397912
0.0704365423116
0.0700260639541
0.0695799877173
0.0692907936993
0.0688656740642
0.0684621310487
0.0680471664194
0.0676595755762
0.0672022947319
0.066766005919
0.0663635700781
0.0659522724113
0.0654812891736
0.0650992297749
0.0646939197086
0.0642122145916
0.0637343314415
0.0634171436198
0.0630691320559
0.0625966209171
0.0621589193494
0.0617807793489
0.0613436623693
0.0610206330942
0.0606534895523
0.0602262795715
0.0598122095394
0.0593273866186
0.0588987107385
0.0585676522328
0.058142528169
0.0577250613251
0.0573158717188
0.0568939717476
0.0564876873676
0.0560949725201
0.0556328156787
0.0551953488319
0.0547977978456
0.054407611785
0.054102284018
0.0537477844107
0.0533115177412
0.05289349731
0.0525155256001
0.0520666637118
0.0517359860742
0.0513806538715
0.0510157468224
0.0505455297496
0.0500822967344
0.0496786164292
0.0493110255888
0.0489118758422
0.0485015657752
0.0481247986714
0.0477332662864
0.0472614858829
0.0468725044283
0.0464360517536
0.0459874688733
0.0456110560653
0.0452101171246
0.0448540054709
0.0444324420808
0.0439940584934
0.04365870415
0.0432713258843
0.0428966004105
0.0425351477463
0.0422033363619
0.0418485001734
0.0414674815189
0.0411053114055
0.0406412325089
0.0401743546748
0.0398238187527
0.0394709179055
0.0390711924282
0.038657534265
0.0382953331508
0.0379688937777
0.0375543233026
0.0370921044595
0.0367351779253
0.0363963603396
0.0360426601123
0.0356888735254
0.0353117875553
0.0350393273749
0.0347310102365
0.0344061961957
0.0340703724103
0.033701824971
0.0333914307729
0.032952365166
0.0326042052406
0.0323480603859
0.0320170904541
0.0316497210487
0.0312508414527
0.0309498405243
0.0306679361443
0.0301764081738
0.0298586977656
0.0294718930164
0.0290657592122
0.0287410359598
0.0284675859653
0.0281219415408
0.0278069680683
0.0274258696972
0.0270709825787
0.0267362460388
0.0264194545856
0.0260389053731
0.0256842950483
0.0253324836609
0.0249740956562
0.0246739494666
0.0244201163926
0.0241276384946
0.0237990379166
0.0234865976597
0.0231134842322
0.0228205058913
0.0225381807849
0.0222115864073
0.0218172462274
0.0214572661055
0.0211220844814
0.0207753107388
0.0204484882832
0.0201483642371
0.0198623566678
0.0195173964772
0.0191979544479
0.0188453259657
0.018581143023
0.0183250601701
0.018073673952
0.0177602206303
0.0174501120833
0.0171590602263
0.0168698086352
0.0165460032306
0.016222641803
0.0159806112107
0.0156835551456
0.0154058192781
0.0150976992167
0.0148326681782
0.0145242281434
0.0142774311642
0.0140296034054
0.0137404116018
0.0134719405718
0.0131794327801
0.0129901978108
0.0126793330635
0.0123898046788
0.0121162018942
0.0118508984908
0.0116416103744
0.0114095366037
0.0112030906045
0.0109541888863
0.0107252163118
0.0104179310601
0.0101155040908
0.00990590264388
0.0096519964963
0.00943633880409
0.00920490885543
0.00895407013521
0.00872393724166
0.0085380392968
0.00833728971122
0.00811226089279
0.00793803976536
0.00770533878021
0.00748685889982
0.0072825519621
0.00708460463555
0.0069036502255
0.00666826821694
0.0064333789011
0.00624762765688
0.00605482592451
0.00591481649369
0.00573324815529
0.0055590596895
0.00538005390683
0.00522502343756
0.0050712457364
0.00486817551276
0.00472127834845
0.00456398785894
0.00440773202412
0.0042105303797
0.00403810370558
0.00386178891088
0.00370536561591
0.0035983314444
0.00344194800772
0.0032689270576
0.00313119010274
0.00297381408398
0.00283886803961
0.00270312565988
0.00255044821353
0.00241253134279
0.00225325762668
0.00211865397607
0.00199872869335
0.00188455352217
0.00173075090958
0.00156904113246
0.00145436828627
0.00135767664834
0.00126379861799
0.00112457936387
0.00102424989604
0.000940566591444
0.000845122462551
0.000738891200264
0.000631951069408
0.000531424005505
0.000462836058451
0.000298867783442
0.000242783246182
0.000179908649002
0.000111291534815
5.64348931631e-05
2.72584646656e-05