1.0
0.999377076988
0.999377076988
0.999377076988
0.999377076988
0.999377076988
0.999377076988
0.999377076988
0.999377076988
0.999377076988
0.999377076988
0.999377076988
0.999377076988
0.999377076988
0.999377076988
0.999377076988
0.999377076988
0.999377076988
0.999377076988
0.999350100007
0.999350100007
0.999350100007
0.999350100007
0.999350100007
0.999350100007
0.999350100007
0.999350100007
0.999350100007
0.999350100007
0.999350100007
0.999350100007
0.999054632758
0.999054632758
0.999054632758
0.999054632758
0.999054632758
0.999054632758
0.999054632758
0.998914949577
0.998686551581
0.998686551581
0.998031000283
0.998031000283
0.998031000283
0.997462777631
0.997462777631
0.997462777631
0.996610070454
0.996610070454
0.996610070454
0.996610070454
0.996610070454
0.996610070454
0.996610070454
0.996610070454
0.996610070454
0.996610070454
0.996610070454
0.996610070454
0.996610070454
0.996610070454
0.996610070454
0.99638679062
0.99638679062
0.99638679062
0.996120646177
0.9956391124
0.9956391124
0.99544590177
0.99544590177
0.99544590177
0.995359746037
0.995359746037
0.995359746037
0.995359746037
0.995359746037
0.995359746037
0.995359746037
0.995359746037
0.995359746037
0.995071849403
0.994785658824
0.994785658824
0.994785658824
0.994785658824
0.994785658824
0.994785658824
0.994785658824
0.994785658824
0.994785658824
0.994785658824
0.994785658824
0.994785658824
0.994785658824
0.994785658824
0.994785658824
0.994523033117
0.994523033117
0.994523033117
0.994312335432
0.994312335432
0.994069435976
0.994069435976
0.994069435976
0.994069435976
0.994069435976
0.994069435976
0.993872493353
0.993872493353
0.993698155947
0.993109034132
0.992872319123
0.992872319123
0.992864215365
0.992864215365
0.992273280868
0.992273280868
0.992273280868
0.992273280868
0.992273280868
0.992273280868
0.992273280868
0.992273280868
0.992273280868
0.992273280868
0.992273280868
0.992273280868
0.992273280868
0.991761571259
0.991761571259
0.991761571259
0.991761571259
0.991761571259
0.99147271497
0.991392103912
0.991392103912
0.991392103912
0.990961965016
0.990771633353
0.990771633353
0.990632376685
0.990632376685
0.990632376685
0.990408776966
0.990408776966
0.990408776966
0.990408776966
0.990408776966
0.990408776966
0.990408776966
0.989949955035
0.989949955035
0.989949955035
0.989949955035
0.989949955035
0.989949955035
0.989949955035
0.989949955035
0.989689035382
0.9892829945
0.9892829945
0.98841269364
0.98841269364
0.98841269364
0.98841269364
0.988295402419
0.988295402419
0.988295402419
0.987992577812
0.987992577812
0.987237009091
0.987237009091
0.987237009091
0.987237009091
0.987128887911
0.987128887911
0.986858158447
0.986858158447
0.986440068558
0.986440068558
0.986440068558
0.986065802934
0.985837618195
0.985837618195
0.985544390142
0.985544390142
0.985544390142
0.985544390142
0.985544390142
0.985544390142
0.985188038087
0.985188038087
0.985188038087
0.984914003143
0.984595397535
0.98412367357
0.983876082465
0.983555877431
0.983555877431
0.983555877431
0.983096522358
0.983096522358
0.983096522358
0.983096522358
0.983096522358
0.983096522358
0.983096522358
0.982453873095
0.982145183926
0.982145183926
0.982145183926
0.981632727919
0.981632727919
0.981632727919
0.981632727919
0.981632727919
0.981632727919
0.981632727919
0.981632727919
0.981593595302
0.981593595302
0.981593595302
0.981326917717
0.981326917717
0.980090348361
0.980090348361
0.979762466084
0.979430851814
0.979137517133
0.979137517133
0.979137517133
0.978879583074
0.978879583074
0.978879583074
0.978879583074
0.978879583074
0.978879583074
0.978543277155
0.978166772335
0.978166772335
0.978166772335
0.978166772335
0.978166772335
0.978166772335
0.978166772335
0.978115377455
0.978115377455
0.977830999558
0.977423679136
0.977238039121
0.977238039121
0.977238039121
0.976978612266
0.976978612266
0.97649174707
0.97649174707
0.975925870242
0.975925870242
0.975925870242
0.975925870242
0.975925870242
0.975925870242
0.975655460663
0.975655460663
0.975655460663
0.975655460663
0.975359353644
0.975132981588
0.974639292175
0.974639292175
0.974226000563
0.974050383617
0.973736149773
0.973736149773
0.973736149773
0.973736149773
0.973736149773
0.973419250219
0.97312047749
0.97312047749
0.972814880545
0.972814880545
0.972814880545
0.972814880545
0.972814880545
0.972814880545
0.972814880545
0.972814880545
0.972814880545
0.972176069904
0.971434042988
0.970929370852
0.970499338584
0.970499338584
0.969760403891
0.969430708932
0.969407570573
0.969047699781
0.967695225373
0.967424389281
0.967161656945
0.96676180051
0.96676180051
0.966439036395
0.966439036395
0.965911439157
0.965606375354
0.965606375354
0.965350893748
0.965350893748
0.965110553374
0.964906679906
0.964822869997
0.964822869997
0.964822869997
0.964822869997
0.964822869997
0.964473448786
0.964473448786
0.964174356172
0.964174356172
0.964174356172
0.963824615077
0.96342219956
0.96342219956
0.96342219956
0.96261843481
0.96247278044
0.96247278044
0.96247278044
0.962220924199
0.96169140765
0.96169140765
0.96169140765
0.96169140765
0.96169140765
0.96169140765
0.96169140765
0.96169140765
0.96169140765
0.96169140765
0.961160504932
0.960891268266
0.960644636816
0.959544231906
0.959544231906
0.959544231906
0.959182441803
0.959182441803
0.959182441803
0.958534567749
0.958534567749
0.958191224356
0.957719287134
0.957719287134
0.957470629745
0.957228263431
0.956727536545
0.956727536545
0.956727536545
0.956483677434
0.956483677434
0.956483677434
0.956225423491
0.955599621512
0.955331024616
0.955331024616
0.95499973023
0.954130175768
0.952916744772
0.952916744772
0.952662116194
0.952069902156
0.951907187243
0.95156128477
0.95156128477
0.951288209481
0.951288209481
0.951288209481
0.951284690745
0.95071071016
0.950273853676
0.949869305591
0.949310359608
0.949310359608
0.949039736773
0.949039736773
0.94822626884
0.948025700852
0.948025700852
0.947225561468
0.947165636317
0.946832102735
0.946832102735
0.94652650579
0.946157891471
0.946157891471
0.945716343337
0.945716343337
0.945487518828
0.945402642635
0.944604422561
0.944604422561
0.944256174263
0.943583775681
0.943141374521
0.942601515019
0.94225859814
0.94225859814
0.94225859814
0.941996505575
0.941436493308
0.941436493308
0.941436493308
0.941436493308
0.941436493308
0.940885970968
0.940367650399
0.940174972911
0.939876839953
0.939443928718
0.939262980353
0.938883489938
0.938152659003
0.937701087801
0.937073153255
0.937073153255
0.937073153255
0.936519432063
0.936172783191
0.935662353122
0.935662353122
0.935662353122
0.93531698379
0.934847925534
0.934023048365
0.932548164574
0.932548164574
0.93169982916
0.930968145197
0.930670438752
0.929929798005
0.929625480601
0.929287895141
0.928882920543
0.928882920543
0.928413542402
0.927930835713
0.927164284269
0.926625704307
0.926625704307
0.926183303147
0.926183303147
0.926183303147
0.926183303147
0.925980389334
0.925980389334
0.925693452356
0.925375913032
0.925147088523
0.924678883294
0.924447819588
0.924055000626
0.924055000626
0.924055000626
0.923805063697
0.923805063697
0.923108140587
0.922014133379
0.921660340405
0.921660340405
0.921660340405
0.92129204597
0.920612823172
0.919965802145
0.919735164953
0.919398965662
0.919164169963
0.918867529802
0.918275742277
0.918275742277
0.918053102214
0.917413012032
0.917404481762
0.916864835516
0.916864835516
0.916526397029
0.916301304513
0.91560192895
0.915230329036
0.915230329036
0.915118902376
0.914864913568
0.914127898186
0.913224435899
0.912989853456
0.912989853456
0.912426855595
0.912043206674
0.911831655962
0.911642817096
0.911232404451
0.910518314171
0.910518314171
0.910382256355
0.910155137899
0.909389119597
0.909097704227
0.908049333967
0.908049333967
0.908049333967
0.907457653071
0.906928989549
0.906928989549
0.905885417566
0.905588990662
0.905261108385
0.904936744844
0.904671133543
0.904671133543
0.904671133543
0.904437510756
0.903612846843
0.90280801581
0.902487704148
0.902092752618
0.899735518959
0.899735518959
0.899167402936
0.898381125241
0.89819591174
0.897659357718
0.897426374701
0.896797480499
0.896631033594
0.89634249719
0.896034767677
0.895165319844
0.894901947738
0.894901947738
0.894101861668
0.893386918361
0.893233426804
0.892714626407
0.891775603554
0.890557800794
0.890490198399
0.890490198399
0.890490198399
0.889463153816
0.889463153816
0.888740746522
0.888740746522
0.887835045039
0.887002490626
0.886462951009
0.886261956507
0.885829738357
0.885816942951
0.885146516995
0.884736317606
0.883866230002
0.883715670726
0.883239894881
0.882771049882
0.881785377112
0.881317225197
0.881004963978
0.88069819412
0.879663578922
0.878732393255
0.877287045526
0.876439776396
0.876067803283
0.87525993334
0.87525993334
0.874740813058
0.874510868951
0.873978046922
0.873978046922
0.873613057968
0.873002717104
0.872405491532
0.871654507832
0.871405743815
0.871030145337
0.870835708481
0.869916571821
0.868737528478
0.868737528478
0.868256954356
0.867944639823
0.867191790126
0.866909651425
0.866625540099
0.866103114338
0.865823854603
0.864353502518
0.86324435408
0.86244032276
0.862022552756
0.862022552756
0.862022552756
0.861831101495
0.861040931864
0.860812533868
0.86047345561
0.859585027925
0.859511667598
0.859200579291
0.859200579291
0.85852284929
0.858025214627
0.857319121476
0.857050258009
0.857050258009
0.856697051491
0.855977896363
0.855028104043
0.85425915346
0.853855831602
0.851881980294
0.851034337965
0.850450280998
0.849543299974
0.8492939495
0.848106375887
0.847877338121
0.84705651283
0.844878734739
0.844631890033
0.844275004836
0.842908455481
0.842316987842
0.841462467982
0.840878197759
0.840591740608
0.839733382126
0.839459027298
0.838793879446
0.838793879446
0.838402499966
0.83790939701
0.83369288424
0.83369288424
0.832717554423
0.831565594689
0.831376862451
0.830392949049
0.829853196175
0.828348136552
0.827461468234
0.826936376763
0.826548409392
0.825636043635
0.824646852128
0.824438713524
0.823751386969
0.822812790629
0.82172843329
0.821087170196
0.819615591885
0.818910778274
0.818454408796
0.818229849422
0.817849932494
0.81683051184
0.815268406031
0.814712285701
0.813537454179
0.813350641252
0.812074086253
0.810359608486
0.808289311805
0.807965694664
0.807036001794
0.806732110903
0.805095898369
0.805087154841
0.804840416763
0.803949110112
0.803597076506
0.802383538881
0.802163617841
0.802163617841
0.801601526321
0.801594595476
0.801047965072
0.800637499112
0.798851153815
0.798171664446
0.797316718072
0.795950488603
0.795143578316
0.793115506475
0.792509910575
0.791474975491
0.79079724549
0.790024296343
0.788906617635
0.787198804141
0.785389906941
0.784874785224
0.78378248407
0.78298698302
0.781942558011
0.781720611032
0.781062500653
0.779915925653
0.779625150053
0.77823839462
0.777965052761
0.77691145771
0.776225943837
0.775574764303
0.775081021577
0.775081021577
0.773657212781
0.773657212781
0.772828603618
0.772101664618
0.771702234696
0.771005631471
0.769925592582
0.764143881781
0.762813266192
0.762092778209
0.761556490758
0.756992262831
0.756053346606
0.754882353706
0.753986142149
0.752764074253
0.749560744377
0.747939033303
0.746767080747
0.745579027306
0.743858258464
0.738002814136
0.736561838171
0.734590332687
0.733008500628
0.730795481857
0.730020453456
0.729438795628
0.727837557203
0.726857535737
0.725860773615
0.725677586053
0.723446173886
0.721915150251
0.719981497843
0.719439399145
0.717238002867
0.71581264796
0.714718427496
0.713057370548
0.711186149058
0.709001333495
0.708186372765
0.70751317447
0.706969423032
0.705227275199
0.703884024147
0.703553369532
0.70330556517
0.702720175348
0.700891178698
0.699666445093
0.697384544387
0.695979128987
0.694325802597
0.693353298432
0.692153889068
0.69133386349
0.69079746941
0.688471904381
0.686595671357
0.684169129249
0.683050437571
0.682443722073
0.679998466684
0.678642900053
0.677284561085
0.676847651286
0.676026612738
0.675270244305
0.67365514419
0.671258511344
0.670292351567
0.668209526052
0.667308462903
0.666725045706
0.663426016856
0.662432880099
0.661354867148
0.660166333879
0.658760385338
0.657078162656
0.655668695378
0.65490310359
0.654138684713
0.652737267878
0.651614417693
0.650771786898
0.649260222943
0.648029091635
0.646824404166
0.644914903087
0.643818123541
0.642593336622
0.641167448573
0.639353486524
0.639102696568
0.638116917169
0.634672020691
0.633171546088
0.630544809192
0.627660084923
0.626011396868
0.624253094835
0.621499310221
0.620429081143
0.617203679191
0.61521847196
0.613813589702
0.612670053611
0.61093734239
0.610299544718
0.609748649178
0.606644057184
0.604924354626
0.602037284533
0.599799368035
0.599072855549
0.597428379315
0.594602673856
0.593243535174
0.591769291154
0.589902014914
0.587481923823
0.58680136817
0.584886429043
0.583892865772
0.581979526071
0.58028573421
0.57930987125
0.576922248503
0.57452566897
0.572553790287
0.56997295691
0.567919081
0.566434600654
0.565305086195
0.563128161132
0.560838849753
0.559643865467
0.557340692398
0.556087595643
0.554025189463
0.552873922813
0.551080433415
0.549567696548
0.548194429605
0.545378960471
0.541763032068
0.53863892708
0.535220794326
0.532745149848
0.530308904558
0.527484638582
0.524131069314
0.523041007357
0.522250038013
0.519639508631
0.516899212507
0.51556187933
0.512580123233
0.511210588284
0.508882517488
0.506402074732
0.503657460159
0.500709025432
0.499307182083
0.495954252585
0.491975894308
0.489893122107
0.487857799536
0.487603810728
0.48582967438
0.48407254526
0.481182596201
0.476379893896
0.472198461864
0.469625092473
0.468546119868
0.465403994683
0.464005350186
0.460470725924
0.45824635123
0.454705116008
0.451385507881
0.448705350164
0.445417064124
0.441090617491
0.437290995041
0.435004722571
0.432662310257
0.430379663152
0.427728614985
0.425296234973
0.424437183407
0.4233749248
0.420087171902
0.418248072212
0.416786436998
0.414227808981
0.408144739713
0.403721927679
0.400453394547
0.397111234516
0.395173130373
0.391734444998
0.389149133229
0.386567526795
0.382675270937
0.379266361539
0.373815651895
0.371928222891
0.36938881464
0.365601880967
0.363394353558
0.359822729247
0.356566591664
0.354566962944
0.352154149241
0.350447935173
0.347464659622
0.343734318963
0.341333767524
0.339935442912
0.337882979828
0.332483958293
0.327952598566
0.325283903401
0.323160958956
0.319710757716
0.316530886084
0.31220785156
0.307540354045
0.304840736649
0.301123457967
0.297226857003
0.292438602844
0.288591690706
0.281165743585
0.279207380049
0.276599782947
0.272289010687
0.268376388808
0.264688672846
0.260211427023
0.25442963625
0.250875845536
0.246284587315
0.240511939926
0.234821289764
0.2315060534
0.227200372645
0.217947308198
0.212539876349
0.207974448854
0.205623239699
0.200827481568
0.19693945086
0.192340142195
0.186518339122
0.178470721872
0.170563947387
0.164913389497
0.158602522017
0.150898594702
0.14607090137
0.141872368811
0.136062268203
0.129115429063
0.120798281918
0.114205915508
0.104422001658
0.0982574816338
0.092451113019
0.0852733234659
0.0799657091118
0.0677001795942
0.0558096787596
0.0461341126749
0.0365939146542
0.02392125298
0.011930604769
0.00244792484706