0.229475135972
0.244483712357
0.247319574189
0.250123415623
0.252352713021
0.252164347877
0.253276157746
0.253641757725
0.254443497739
0.255395507138
0.25591543117
0.255921017304
0.255861328659
0.255903742422
0.255943629337
0.256161023386
0.256240453468
0.256541137193
0.255873958258
0.255923350732
0.256386717134
0.256579179666
0.256489576145
0.256443081108
0.256677255483
0.256526314222
0.256486632433
0.256717748769
0.256685284821
0.256665278509
0.256657590668
0.256899263257
0.256939829566
0.257372908138
0.257640934389
0.257474580083
0.25717217495
0.257418126804
0.257088718213
0.257163640403
0.257140273714
0.25732607557
0.25728454885
0.257136104921
0.257083083315
0.25724893344
0.257205657934
0.257357286211
0.257279511068
0.257418380382
0.257605490027
0.257758382469
0.257910246964
0.257873323799
0.257913248886
0.258088498852
0.258278954785
0.258416830795
0.25856807185
0.258720127376
0.258998927622
0.259064875078
0.258902182406
0.259036650495
0.259058920133
0.259031375893
0.259045051093
0.258951511341
0.259012293562
0.259071141282
0.258993550052
0.258920709257
0.259036971387
0.259240950065
0.259259452999
0.259390659952
0.259483057155
0.259374270416
0.259408678902
0.259423627227
0.259326387763
0.259554585413
0.259502534248
0.259623090906
0.259659544618
0.259837459762
0.259825056514
0.259856473417
0.25986638814
0.260012308908
0.25986999009
0.260011510042
0.260026031124
0.260014450471
0.259977889913
0.260141361198
0.260307540157
0.260371162418
0.260538696776
0.260222786904
0.260303312264
0.2601006971
0.259954301934
0.259961669653
0.259939026653
0.259908534947
0.26007584364
0.260213846449
0.260198619893
0.260170724452
0.260172923514
0.260136245934
0.260193829565
0.260028958117
0.26005132136
0.260108358081
0.259754576884
0.259836800637
0.259893069091
0.26000458256
0.260140948504
0.260200872757
0.260294350432
0.260408459416
0.260297661458
0.26041930761
0.260403603458
0.260499844719
0.260555929125
0.260586508471
0.260571321035
0.260611827827
0.260693631678
0.260789512972
0.260905584509
0.260935902545
0.260929584219
0.261009055117
0.260924793234
0.260919479702
0.261016896016
0.261107707551
0.2610540725
0.261138333014
0.261083339306
0.261184860166
0.261309647034
0.261243126437
0.261030545219
0.261109983601
0.261197593705
0.261216651374
0.260777765925
0.26087780593
0.260873172935
0.26096174988
0.261036631044
0.261108695879
0.261208252758
0.261299516583
0.26125039661
0.261329477648
0.261334230052
0.261422064507
0.261501458989
0.261524391394
0.26152305861
0.261544423154
0.261587859501
0.261612062695
0.261694647102
0.261667725228
0.261700600071
0.261769897881
0.261720360171
0.26180323086
0.261885038368
0.261959285098
0.262048704808
0.262125349424
0.262020510161
0.261754258618
0.261770561772
0.26176096167
0.261836989687
0.261903101007
0.261986841008
0.261912223199
0.261929948458
0.261755224877
0.261754766222
0.261588661065
0.261547385121
0.26164117571
0.26175364024
0.261832234062
0.2619078466
0.261958170241
0.261903138658
0.261973925144
0.261962312504
0.262031868728
0.262052761036
0.261995253382
0.261881394363
0.261877443609
0.261681106216
0.2616499783
0.26170986064
0.261687590618
0.261669522835
0.261652167329
0.261626581535
0.261480442135
0.261545878372
0.261515211624
0.261497691547
0.261565589146
0.261387023734
0.261302171599
0.261372150207
0.261212975276
0.261276058225
0.261151430686
0.260990668065
0.261001170673
0.261062973095
0.261059691783
0.261117650233
0.261171827078
0.261173016474
0.261049444391
0.261121515182
0.261180499338
0.261236569631
0.261148584457
0.26106335626
0.261133866993
0.261108842689
0.261177213187
0.261172128468
0.261102189189
0.260885357622
0.260890425708
0.26089771801
0.260965376039
0.261018317657
0.261067321675
0.261055255082
0.261047273304
0.261132896487
0.260990922662
0.26098467216
0.261046398496
0.261116197511
0.261156020353
0.261215585552
0.261274473488
0.261238455567
0.261280222937
0.261358530895
0.261423470622
0.261414388192
0.261402220536
0.261392889222
0.261390357849
0.261453062869
0.261509096884
0.26148369157
0.261549286934
0.261523633498
0.261511945246
0.26149096101
0.261539330413
0.261609147911
0.261527956345
0.261500014699
0.261560551548
0.261429925837
0.261462011518
0.261451207137
0.261337931131
0.261369950982
0.261429227428
0.261500123534
0.261501559972
0.261541185044
0.261338675563
0.261402137229
0.261458157994
0.261409828204
0.261403829126
0.261295997715
0.261353657254
0.261347187129
0.261311434889
0.261356407113
0.260603348464
0.260661522185
0.260718737024
0.260780352174
0.260836299925
0.260892047086
0.260959898784
0.261022151645
0.261074057098
0.261140415235
0.261091842603
0.26110420051
0.261156355245
0.261222481099
0.261290621285
0.261342624201
0.261377094283
0.261407256565
0.261387013079
0.261456523243
0.261409246453
0.26136283349
0.261410334882
0.261455456963
0.261510060304
0.261562795427
0.261620755314
0.261659621602
0.261707441848
0.261757665649
0.26182598403
0.261885630093
0.261839220245
0.261888734847
0.261816070292
0.261868606178
0.261659635112
0.261717592713
0.261772560299
0.261737561434
0.261781251721
0.261760326871
0.26173547302
0.261806507655
0.261783135363
0.261847995347
0.261896352819
0.261939469227
0.261988400838
0.262034181139
0.262035693036
0.262075572872
0.262142978591
0.262201291647
0.262258751833
0.262292830526
0.262345178025
0.262400310015
0.262469362685
0.262531668271
0.262577733821
0.262538797539
0.262594393352
0.262558039093
0.262609989641
0.26242935747
0.262475338259
0.262208736387
0.262267414951
0.262311148592
0.262281050637
0.262326805857
0.262377188862
0.262334671217
0.262396072788
0.262343658902
0.26240212654
0.262446999173
0.262505091533
0.262549770001
0.26245410182
0.262254480027
0.262302657054
0.262065295393
0.262022592085
0.262091203697
0.262035757324
0.262084977442
0.262019588606
0.261930954856
0.261977038044
0.26163819799
0.26168139165
0.261645848219
0.26168589488
0.261420654661
0.261360020757
0.261415301547
0.261458887565
0.261509620907
0.261557965849
0.26160991071
0.261679342891
0.261659973444
0.261528973529
0.261503058109
0.261383705042
0.261412656059
0.261386565331
0.261438165865
0.261368242642
0.261334214204
0.261318912509
0.261362763048
0.261261090254
0.261310618627
0.261368453927
0.261403173501
0.261456951393
0.261292191923
0.261338333388
0.261164314441
0.261114790225
0.261130852552
0.261185115417
0.261103123544
0.261159894344
0.261214499197
0.261283342151
0.261265036247
0.261333895178
0.261385013585
0.261373325061
0.261419575563
0.261413072143
0.261428485481
0.261421484884
0.261487359556
0.261562495328
0.261632297949
0.26168508093
0.261575623762
0.261642867651
0.261642122835
0.261697452608
0.261744972962
0.261728558046
0.261770792522
0.261768422236
0.261757229768
0.261832086104
0.261714158611
0.261783023549
0.261818720586
0.261805108161
0.261871137117
0.261832078303
0.261877457342
0.261860312159
0.261601042792
0.261588220537
0.261644202039
0.261702310997
0.261766737593
0.261729777059
0.261785844991
0.26184983533
0.261716165663
0.261800660406
0.261846516436
0.261897507224
0.26193304681
0.261892363947
0.261845485533
0.261893345019
0.261924085339
0.26196374367
0.262014096569
0.261980988876
0.262020368487
0.26204452895
0.262071757352
0.262002146288
0.261831892169
0.261888733724
0.261929377741
0.261972565085
0.26202750073
0.261934888662
0.261909500588
0.261953835137
0.262001753054
0.262032529883
0.262083241696
0.262143946058
0.26219991008
0.262281482118
0.262355862497
0.262271722023
0.262337098118
0.262407961224
0.262364073942
0.262439283766
0.262452662031
0.262432045694
0.262511931253
0.26235866242
0.262330368376
0.262147931787
0.262230511959
0.262304167607
0.262384087923
0.262456644613
0.262437435582
0.262493169988
0.262568214313
0.262608798387
0.262333285278
0.262426617829
0.262481059781
0.262554253115
0.262468008045
0.262519306221
0.262577995835
0.262514053618
0.262626120196
0.262688174983
0.262592781862
0.262661048404
0.262711887527
0.262656710111
0.262695929332
0.262550153398
0.262502394274
0.262538777714
0.262574410107
0.262623510995
0.262690269436
0.262748289738
0.262787264962
0.262838883481
0.262886634867
0.262934531638
0.262986661732
0.263016635004
0.263077369582
0.263119229518
0.263202903055
0.263251452193
0.263296924794
0.26333181423
0.263374662307
0.263328310246
0.263375042469
0.263414912524
0.263462572226
0.263512088248
0.263569693888
0.263501504984
0.263588790899
0.263633236349
0.2636878065
0.263710227677
0.26376823205
0.263797275426
0.263831388513
0.263879373171
0.26395350954
0.263999893281
0.264046893554
0.26409179185
0.264028388798
0.26406305042
0.264005846338
0.264052477187
0.264107088672
0.264159264791
0.264218573739
0.264288178355
0.264230377213
0.264184704658
0.26413642141
0.26409310013
0.26415411578
0.264062877621
0.263938132555
0.263900610999
0.26388286904
0.263957211996
0.263888670903
0.263942500842
0.263932378155
0.264006683311
0.264087958537
0.264131059394
0.264194640729
0.264179302938
0.264246883097
0.264306303821
0.264352581027
0.264425661715
0.264484902488
0.264531123192
0.264584783756
0.264507950293
0.264507564999
0.264560236533
0.26441617539
0.264470215493
0.264535521623
0.264597389688
0.264495094123
0.264545361895
0.264604124028
0.264556441396
0.264613790744
0.264651691168
0.264584548086
0.264646585786
0.264718797691
0.26477050249
0.264818773886
0.264773894184
0.264821402635
0.264802802833
0.264864148562
0.264936344506
0.264883184861
0.26487417367
0.264930003007
0.264981014467
0.265009680222
0.265018077485
0.264961828875
0.265013477017
0.264980178256
0.265036021588
0.265096757949
0.264989084903
0.265064209108
0.265106095501
0.26521600583
0.265287064901
0.265244370035
0.265301254867
0.265382886337
0.265241032186
0.265185036195
0.265187985313
0.265165995388
0.265240877964
0.265292977162
0.265323274619
0.265288612856
0.265366542239
0.265321444848
0.26530073365
0.265267801684
0.265334566863
0.265432602938
0.265505122008
0.265579154969
0.265663623885
0.265417615736
0.265506367469
0.265519388376
0.265584748995
0.265658420652
0.265750284433
0.265824834983
0.265894913745
0.265999588162
0.26608346231
0.265921370336
0.265913607472
0.265891184579
0.265935954132
0.265825608373
0.265743992225
0.265720694121
0.265800999922
0.26576330767
0.265843983796
0.265775069681
0.265849380822
0.265935969592
0.265713201703
0.265792571469
0.265867517272
0.265937093768
0.266014621703
0.266113182286
0.266206561739
0.266191027762
0.266249870377
0.266325392676
0.266239771827
0.26621031597
0.266165865835
0.266119039108
0.266199333393
0.266266349181
0.266103358506
0.265882877735
0.265789203151
0.265852324121
0.265937097569
0.266047380788
0.265932040715
0.265994017164
0.265959915464
0.265788938888
0.265896215399
0.265790020803
0.265750935976
0.26584240465
0.265729227134
0.265714509159
0.265700334983
0.265770609786
0.265846375302
0.26592636981
0.265642792692
0.265392392548
0.265344769478
0.265407678409
0.265480612608
0.265556647865
0.265434164612
0.265425424594
0.26539303066
0.265460682044
0.265441641886
0.265422657225
0.265509922504
0.265573885221
0.265661639711
0.265674987421
0.26577476875
0.265580177576
0.265693756986
0.265775843452
0.26587083829
0.265972983309
0.265885391111
0.265986748966
0.265999117374
0.266087657715
0.265974091501
0.265966851489
0.266057492098
0.266124358978
0.266027608366
0.266240566469
0.266350474701
0.266421617447
0.266422492514
0.26649926958
0.266486055512
0.266513779946
0.266626739582
0.26672378456
0.266711031524
0.266336154588
0.266410805418
0.266523656887
0.266229560272
0.266208353659
0.266100140534
0.266204354593
0.266112972478
0.266202076886
0.266273152179
0.266362065858
0.266317820979
0.266223481917
0.266067896819
0.2660739938
0.266129383735
0.26601288348
0.266101757981
0.266128436324
0.266132082755
0.2659890947
0.266029893517
0.266096073404
0.266042750848
0.266180547431
0.266128754427
0.266242253331
0.266244611687
0.266341774051
0.266400166653
0.26614729356
0.266192576825
0.266287039322
0.266420541569
0.266392553139
0.266493830682
0.266606006844
0.266639267043
0.266728028908
0.266578414327
0.266432670299
0.2665340397
0.266657837133
0.266657578864
0.266764356624
0.266859370951
0.266592341823
0.266682882425
0.266663645931
0.266675967523
0.26663857097
0.26667927956
0.26669876468
0.266835349242
0.266977800071
0.266963299023
0.266961095334
0.2670694643
0.267017356609
0.26693527466
0.267208283639
0.267231325167
0.267331284755
0.267447147037
0.267559794147
0.267487877549
0.267595084889
0.267423774738
0.267455183724
0.267567217685
0.267693088781
0.267627095885
0.267779455599
0.267772772358
0.267712901833
0.267821809597
0.267684603876
0.267818109901
0.26782075603
0.26794690427
0.267946317077
0.268090287609
0.267912388539
0.267925511401
0.267839211536
0.267922011473
0.267965011134
0.267986200294
0.267727580386
0.267875477101
0.268025142209
0.268151287444
0.268288542289
0.268122315968
0.268158543313
0.268304937632
0.268459579254
0.26866113346
0.268811218618
0.2685412992
0.268665405754
0.268634971863
0.268556922009
0.268444972001
0.268323732096
0.268447548041
0.268618886587
0.268646995718
0.268663681995
0.268629018519
0.26867141509
0.268784359144
0.268880251657
0.268805124474
0.268802059683
0.268973762248
0.268932976739
0.269020493959
0.269181701595
0.269019119735
0.269089618043
0.269288031944
0.269475434877
0.269681139408
0.269591659195
0.269699965342
0.269762684665
0.269665098774
0.269441933583
0.269477271468
0.26966783722
0.269512293672
0.26957736933
0.269483691831
0.269406846584
0.26907646236
0.268852011086
0.268578333349
0.268874638615
0.269103504907
0.268845482323
0.269021908201
0.269066919944
0.268994265439
0.269133965047
0.269070636293
0.269215566795
0.269445254269
0.269234537634
0.269023601808
0.26926732636
0.269178405752
0.269206178986
0.26924058144
0.269209051846
0.269239460888
0.268971777335
0.269227759905
0.269363593259
0.26966635674
0.269232137801
0.269425268943
0.26882470075
0.268855965647
0.269148764228
0.269063542989
0.269218627203
0.269239235036
0.268832463898
0.269158492846
0.269471452633
0.269441126656
0.269581026164
0.269887166912
0.270098134289
0.26987969541
0.26964061395
0.26944965275
0.269657722076
0.269926838202
0.269580239953
0.269598895048
0.269877613355
0.269997736863
0.269850749245
0.27025822957
0.270320791145
0.270300209309
0.26980450198
0.269320004503
0.269467886319
0.269631277554
0.269507269784
0.27002826247
0.270337595285
0.269920979206
0.269925433604
0.269902916145
0.270003060553
0.269864447294
0.270088408589
0.270537681139
0.270708971252
0.270983394786
0.270812123296
0.271279843596
0.271338102236
0.272050009074
0.272332371497
0.271814382207
0.271600294315
0.271142996758
0.270391793567
0.270722040555
0.270649397463
0.270467977851
0.270620439106
0.270602443712
0.271453792293
0.271363555984
0.271971162338
0.271978307748
0.272181584976
0.272678789116
0.273163453327
0.272436700772
0.272377845917
0.273575103546
0.273735387065
0.274692534689
0.27476530532
0.272953732949
0.273963387077
0.274208342105
0.27422948972
0.271890583371
0.269430508228
0.269890923178
0.268848773773
0.26523113005