0.254887135176
0.278470182407
0.291026716776
0.299798380705
0.306470910484
0.311969195001
0.31657362438
0.320383584945
0.323732897378
0.326541403464
0.32903699956
0.331416668938
0.333554472446
0.335599663886
0.337484775433
0.339199389743
0.340823956433
0.342351753081
0.343855872113
0.345268073779
0.346655388599
0.347949504212
0.349341378758
0.350458529161
0.351545494294
0.352600457168
0.353657526187
0.354713763461
0.355748404344
0.356717893382
0.357636729169
0.358563785716
0.359400845611
0.360307341792
0.361202034357
0.361997708213
0.362869086259
0.363774457221
0.364597137012
0.365371507658
0.366126381116
0.366922998476
0.367705768634
0.368359962715
0.369027572731
0.369702599526
0.370388627779
0.371077174406
0.371706656101
0.372404712097
0.373027971421
0.373702618382
0.374348650133
0.374968422922
0.37564590755
0.376262280012
0.376871640782
0.377451202707
0.378095142587
0.37865826468
0.379246902733
0.379828972819
0.380432883623
0.380996593314
0.381515593546
0.382010832662
0.382523025203
0.38306966293
0.383662971598
0.384225819397
0.38472896437
0.385257196239
0.385812671167
0.386242835454
0.386753869251
0.387161787756
0.38767766063
0.388214529982
0.388724608997
0.389259618965
0.389849937237
0.390311920119
0.390787265585
0.391291706859
0.391753030567
0.392314939555
0.392799499121
0.393320849122
0.393892109248
0.394423456494
0.394914430813
0.395353069345
0.395851651925
0.396239081524
0.396692693561
0.397110161366
0.397630934784
0.398106771516
0.398531593995
0.398945421998
0.399393881161
0.399877022317
0.400327257069
0.400802131788
0.401260954956
0.401692541392
0.402162134686
0.402628047626
0.403003469971
0.403492558435
0.403919774622
0.404381504683
0.404797212398
0.405162223352
0.405697650636
0.40597577648
0.406378629293
0.406639981891
0.407116760401
0.407491522817
0.407867981325
0.40831768881
0.408616838387
0.409049258536
0.409493752236
0.409870870616
0.41025459254
0.410674933411
0.411084193267
0.411504613023
0.411855060526
0.412182078672
0.412586812868
0.413013055928
0.413383222629
0.413784509756
0.414138958101
0.414528597633
0.414952116349
0.415367639395
0.415773661188
0.416188655204
0.416547991058
0.416930620787
0.417199072794
0.417592550033
0.417910295811
0.418336669922
0.418771897905
0.419165088122
0.419507678183
0.419891004689
0.420302025796
0.420657571506
0.421043278039
0.421441730528
0.4217817712
0.422179850368
0.422601019913
0.423011298399
0.423434669919
0.423846163049
0.42427897157
0.42470451316
0.425129723913
0.425480442981
0.425847918723
0.426239319796
0.426601758062
0.427019648066
0.427384748576
0.427744879011
0.42798201737
0.428398135502
0.428879966322
0.429271432786
0.429652888234
0.42991287296
0.430299894382
0.430655611383
0.431078480288
0.431548577494
0.431911578502
0.432087723214
0.43241509272
0.432770461243
0.43317462331
0.433532343547
0.433931533687
0.434334213386
0.434776740588
0.435196607706
0.435440634658
0.435927112941
0.436327534858
0.436641598028
0.437094886535
0.437495180736
0.437916260772
0.438261175043
0.438641019432
0.439049457469
0.439483933529
0.439857936651
0.44029434589
0.440587415778
0.441013098999
0.44145298554
0.441906383697
0.442315028552
0.442656256753
0.443046854013
0.443396431364
0.44363081105
0.443982420755
0.444356471299
0.444721206659
0.445089390032
0.445433361264
0.445714974596
0.446041646914
0.446410550942
0.446831273222
0.447110668196
0.447491529559
0.447848537396
0.448214738318
0.448536265851
0.448852390346
0.44928665662
0.449620277348
0.450017523817
0.450399119963
0.450675730383
0.451007138379
0.45141883613
0.451817951771
0.452197031963
0.452617195913
0.452998849349
0.453332149593
0.453769718145
0.454184893576
0.454513964911
0.454785635688
0.455169692935
0.455561811523
0.455950398693
0.456323040025
0.456640150317
0.457028052436
0.457493929861
0.457896276608
0.458231689325
0.458600446943
0.458976243508
0.459259078453
0.459579955959
0.459974009261
0.460360443576
0.460698848535
0.461100501061
0.461417830661
0.461814941442
0.4619281592
0.462195498962
0.462591171922
0.463099370589
0.46341242468
0.463790897727
0.464142210979
0.46453729727
0.464975393167
0.465358914047
0.46577056927
0.466054266966
0.466438514607
0.466803777704
0.46720651703
0.467613390041
0.468062333841
0.468406406816
0.468675897617
0.468979949943
0.469379998306
0.469844667128
0.470234454219
0.470728134742
0.471073623132
0.471493809519
0.471745750435
0.47216841548
0.472573539497
0.472775385645
0.473106746643
0.473512229751
0.473943709893
0.474320105925
0.474541172877
0.474757961574
0.475129929861
0.475442112492
0.475881399169
0.476294958638
0.476756786561
0.477111314644
0.477348520001
0.477748153837
0.478044154476
0.478316429421
0.478727490501
0.479129485166
0.479426502466
0.479835161234
0.480114416925
0.48054244578
0.480968927277
0.481328525281
0.481659257378
0.482059163732
0.482526547334
0.482844606855
0.483304669399
0.483693228439
0.483966080912
0.484226926154
0.484628983642
0.484992882446
0.485470689065
0.48577541919
0.486102843678
0.486598028628
0.487092133687
0.487482304697
0.487796239615
0.488210009039
0.488575968441
0.489059542659
0.489441998459
0.489863388194
0.489862366442
0.490221316498
0.490552443757
0.490798116758
0.491196991312
0.491738137679
0.49208357441
0.492547517221
0.493053133017
0.493534831192
0.494013770951
0.494527745643
0.494923769006
0.495384417044
0.495742095525
0.496123776481
0.496523669442
0.496719328301
0.497020923357
0.497369530398
0.497748956558
0.498146050715
0.49813320668
0.498580921333
0.498861771788
0.499249137219
0.499646922009
0.500122112479
0.500391619003
0.500875154493
0.501172548035
0.501433181652
0.501586141895
0.502027574516
0.502394218713
0.502913011818
0.503223207335
0.503724850417
0.504168338197
0.504639276998
0.505043140946
0.505466399588
0.505957435507
0.506427204589
0.506894587298
0.507367460692
0.507655623267
0.507982967018
0.508424842544
0.508862891615
0.509281253358
0.509609023911
0.510103347636
0.510373483669
0.51062462025
0.51107334782
0.511481444791
0.511885654056
0.512325389811
0.512786264208
0.513339649721
0.513931746435
0.514486362304
0.514861304889
0.514880234383
0.51530134283
0.515890186507
0.516288557776
0.516808811859
0.517173608074
0.517677701516
0.5181091591
0.518657143229
0.519139282232
0.51969822105
0.519981465073
0.520401965402
0.520727358695
0.521307654421
0.521832447424
0.522353674877
0.522808141869
0.523306593201
0.523877660001
0.524437242214
0.524967624221
0.525526246042
0.526015177229
0.52648004456
0.527099104763
0.527642768756
0.527931134825
0.528242598622
0.528627159572
0.528965990843
0.529346133269
0.529935504737
0.530424584679
0.530958212304
0.531486289436
0.531627636888
0.532138234746
0.53251791009
0.532646011524
0.533089056715
0.533557338099
0.533914169103
0.534374180907
0.534835876787
0.535157636845
0.535628692683
0.536125312299
0.536570420378
0.537028454277
0.537461975686
0.537764161358
0.538176078003
0.538732408531
0.53926853556
0.539817161201
0.540362842706
0.54090661794
0.541467077753
0.541975088523
0.542418518903
0.542847418384
0.54337588501
0.543837357136
0.544310886359
0.544949345564
0.545640107041
0.546099008925
0.546661477232
0.547107836114
0.547686450799
0.548183735894
0.548685666774
0.549256152766
0.549580945527
0.550036078916
0.550619685322
0.551244320862
0.551846434083
0.552332299262
0.552854349409
0.553265581455
0.55390103703
0.554204658705
0.554581572712
0.555039441668
0.555538874686
0.556052019639
0.556544903124
0.557169092161
0.557732452036
0.558342655541
0.558671307701
0.559144673195
0.559698833579
0.560187978764
0.560634598801
0.561269405435
0.561532032392
0.562150049474
0.562266561872
0.562880232551
0.563309049309
0.563839763524
0.564477788817
0.564987913387
0.565520421281
0.566090567561
0.566510507675
0.567130339281
0.567790935977
0.568508796045
0.569065415961
0.569738918217
0.570238311977
0.570815739135
0.571495231372
0.571811066257
0.572073738022
0.572879763061
0.573606919999
0.574208002833
0.574828167008
0.575282497658
0.575772024258
0.576229365282
0.576933372693
0.577693904836
0.578235050227
0.578876156635
0.579359309568
0.580172251901
0.580689559544
0.581454813639
0.581871344382
0.582593664874
0.583285531374
0.583833739525
0.584511507137
0.584864453898
0.585567019181
0.586207586922
0.58676600494
0.587492458826
0.58827451935
0.588873311883
0.589612953658
0.590418067743
0.590792886166
0.591588418539
0.592375787097
0.593322918137
0.593949228888
0.59446732297
0.595068677869
0.595785923149
0.596266428922
0.596788272841
0.597666838769
0.598106931483
0.598418840276
0.599311286123
0.600101305857
0.600687214869
0.601312596347
0.601609244523
0.60233841995
0.602974489157
0.603562533664
0.604421919097
0.605019664533
0.605639423158
0.606160009634
0.606753976336
0.607542331637
0.608249031441
0.608812495898
0.609330743214
0.609977581016
0.610695243233
0.61140991879
0.612098110169
0.613047870035
0.613469125922
0.614485824585
0.615294081359
0.615565054205
0.616496285219
0.61702780584
0.617794265846
0.618330992052
0.61905993981
0.619762370707
0.620532109166
0.621215506578
0.621922409042
0.62272335021
0.623266020969
0.623815751707
0.624256938949
0.624801955424
0.625748622806
0.626550261171
0.627128078195
0.627705248842
0.628486423527
0.629331206415
0.630016150705
0.630608942555
0.631424430918
0.632245462332
0.633265164883
0.6340002668
0.634861533611
0.635625865937
0.636503720562
0.637839738592
0.638517151903
0.639339355401
0.639900822206
0.64107825686
0.641513095617
0.642505135234
0.643406672962
0.644325515428
0.645280836452
0.646237836243
0.647018622441
0.64789585484
0.64883516898
0.649895529291
0.650893486454
0.652138900033
0.652875170096
0.653773031725
0.654775928764
0.655432255244
0.656560844094
0.657480621998
0.658229105169
0.659001811371
0.660099615077
0.660973308934
0.661881122382
0.662463786984
0.663412241149
0.664598343643
0.665306725126
0.666109275535
0.666898428884
0.666386133692
0.667756429456
0.668700066097
0.669554653956
0.670244055054
0.671212237704
0.672256497625
0.673340308212
0.674343703733
0.675457508162
0.676322554276
0.677232865799
0.678562205588
0.679641270566
0.680963443861
0.68210607634
0.683093562128
0.684088826509
0.684667589751
0.685501201693
0.686268884905
0.687614816673
0.688194737447
0.689165001189
0.690491071529
0.691512821775
0.692135820416
0.693391030509
0.693278714375
0.69435170668
0.695058344456
0.696357295087
0.697695777352
0.698903911933
0.700201311383
0.701784185026
0.702355993043
0.703560099923
0.704882483041
0.70599155635
0.707008188803
0.708282582409
0.709567182316
0.710704509307
0.711048343281
0.712390267451
0.713716845194
0.715311999836
0.716316393615
0.717796495327
0.718338832867
0.720089939995
0.721310983346
0.722339848826
0.723515475665
0.72515838203
0.726601991208
0.727837755119
0.729248629324
0.730564866501
0.731944706444
0.733382268815
0.734617089574
0.735580758604
0.73685048585
0.738239174145
0.739462968388
0.740491864314
0.741439917197
0.74245013058
0.743247653926
0.745004342133
0.745627393229
0.747097310731
0.74838831141
0.749486318898
0.750974136375
0.752013890785
0.75321451671
0.754678858369
0.75607701497
0.757450289263
0.757640716546
0.759559123158
0.759926077658
0.761397911491
0.763140455066
0.764222983153
0.765850612484
0.766530206918
0.767576756862
0.769474965878
0.770668672649
0.77243508598
0.774446290402
0.776274172974
0.777368266428
0.779108404859
0.780496572108
0.781099049829
0.782859848471
0.784745019789
0.786473424989
0.787248240276
0.789216093659
0.791171822287
0.791915689681
0.793664569027
0.794286033257
0.796722931474
0.797825772109
0.799297511274
0.801273033225
0.802600736871
0.803325913205
0.805314017239
0.806569996507
0.808440530484
0.810504321086
0.812052428261
0.814778484204
0.816137395843
0.817917276361
0.81959633333
0.821492522732
0.823875560494
0.824751033014
0.82680713561
0.8299546062
0.8320575327
0.833806402904
0.835377473286
0.837571026282
0.840036786073
0.842372018324
0.843289067684
0.844821450362
0.846644578748
0.848866948174
0.851907304726
0.853687236004
0.855896072955
0.858073110513
0.860207511558
0.863009911198
0.864875260189
0.867466305306
0.86908391861
0.871919109217
0.875118467825
0.876981623384
0.879185169975
0.881812274237
0.88281596624
0.8848838572
0.888190401403
0.890126534505
0.892300581957
0.895361280015
0.898554900031
0.902302747454
0.904108196022
0.907485007968
0.909447143667
0.91190853128
0.912436075359
0.915142900256
0.918314336248
0.92164858831
0.924771871871
0.927628515854
0.929282710826
0.92803791826
0.929222428415
0.932123976058
0.93589923188
0.939154360127
0.940805934631
0.944433625035
0.947404708236
0.94983239836
0.953090187175
0.956788220855
0.958607396798
0.960996809942
0.963649063909
0.966482302953
0.970390934811
0.973115947033
0.975970943966
0.978520415934
0.981127595906
0.984633736967
0.987738366681
0.99194033065
0.994468672217
0.998424207699
1.0024883349
1.00560315902
1.00873798943
1.01114612583
1.01337500681
1.01726051411
1.0197990575
1.02247699567
1.02212388259
1.02592278038
1.03018388764
1.03245127788
1.03473234568
1.03716408037
1.04092108579
1.04463597674
1.04838286838
1.05119375706
1.05509427722
1.06019584826
1.06377635023
1.06575090747
1.0705710807
1.07608450392
1.07930587225
1.08139451405
1.08616143371
1.08881921457
1.09235689797
1.09590887622
1.10131625359
1.10482664045
1.10758179085
1.11124849556
1.11581970237
1.11994286903
1.12367869105
1.13022025575
1.13440421075
1.13921309957
1.14408589347
1.15025355549
1.15638506919
1.16124971444
1.16601931445
1.17282102108
1.18235399823
1.18881090115
1.19262380378
1.20089052891
1.20404676961
1.21309852345
1.21932238405
1.2276242339
1.23392220389
1.24272783065
1.25128882176
1.25647311733
1.2657883196
1.27173829371
1.27669926885
1.28433121096
1.28743871836
1.29322930903
1.29878436148
1.30949436547
1.31896299603
1.32667789848
1.33458869981
1.33816184817
1.34638446279
1.35374980741
1.36300627612
1.37089424761
1.37514341484
1.38555661652
1.39457860319
1.40446459988
1.41670083333
1.4257263259
1.43550160883
1.44053402426
1.45311753076
1.46213025461
1.47364945268
1.48036218272
1.49382375327
1.50187298685
1.51177938604
1.52557945921
1.53282573294
1.54162816209
1.5566073826
1.56941722335
1.5693334253
1.58857976263
1.60593814121
1.61736267012
1.63636963794
1.6509091939
1.66011491829
1.66704213507
1.69248154158
1.6996665059
1.71069971895
1.73516815335
1.75155795112
1.76351909487
1.78240827467
1.79876384102
1.81620949878
1.82494602163
1.8414055677
1.86105089115
1.86746897638
1.88494051176
1.90203131749
1.91844585853
1.95807635044
1.97407302404
1.98490906088
2.00234588768
2.03099137899
2.06977309104
2.10670507112
2.12593316901
2.16571244787
2.16131767368
2.19606965781
2.23367724655
2.25738992327
2.28636240114
2.29952723724
2.33325214101
2.37200830058
2.42824249337
2.42462598467
2.49065900588
2.56755430716
2.58192084278
2.59029359226
2.66429117361
2.67969726309
2.76469540903
2.74868199126
2.70254290113
2.47110409829
2.07293863157
1.74637655611