0.254887117051
0.289501640326
0.30112716534
0.308721538389
0.314462694699
0.319077619875
0.322915244084
0.326304171003
0.329391296035
0.332006684463
0.334371429592
0.336547912446
0.338632632606
0.340531812116
0.342288893227
0.344074166719
0.345704091357
0.347277612839
0.348739437734
0.349865624252
0.351109895194
0.352370689066
0.35349603005
0.354737613653
0.355990269596
0.357150439577
0.358263773967
0.359390651936
0.360429354666
0.361515253637
0.362507567997
0.363542944744
0.364596291376
0.365475672609
0.366405669404
0.367220969568
0.368142210592
0.368986341795
0.36974027155
0.37052096473
0.371369355883
0.372155340711
0.372843122802
0.373632661324
0.374318196352
0.374976490598
0.375802968548
0.37654049966
0.377292523693
0.377962301998
0.378654197137
0.379285852508
0.379984165827
0.380673210276
0.381360180713
0.382011884397
0.382655549179
0.383289081067
0.383994925576
0.384657463241
0.385255702413
0.38592023656
0.386473352399
0.387092566701
0.387717223362
0.388349842818
0.388931110676
0.389606046915
0.390164147127
0.390736168382
0.391392213158
0.391956888769
0.392620876519
0.393187367228
0.393733089233
0.394336629917
0.394948174444
0.395548747322
0.396215829192
0.396696264785
0.397201672487
0.397754384059
0.398334915107
0.398903972141
0.399437511073
0.399920900565
0.400427974603
0.400896628535
0.40135005496
0.401862478428
0.402382984592
0.402770019506
0.403252820975
0.403812323987
0.404248813427
0.404717891942
0.405164571078
0.40572184306
0.406249222853
0.406800733165
0.407295879486
0.407833996666
0.408381375484
0.40888417168
0.409305485834
0.409831746635
0.41034579821
0.410869326999
0.411348869558
0.411785005387
0.412292834458
0.412793731774
0.413239220977
0.413710528766
0.414136196954
0.414576077057
0.414996542915
0.415479951487
0.415961474491
0.41642559301
0.416933771167
0.417448016557
0.417876185649
0.418355836605
0.418850425201
0.419278303781
0.419704145039
0.420184307984
0.420657810834
0.421103681163
0.421510073911
0.421967613323
0.422358630474
0.422868698817
0.423177783463
0.423628378929
0.424062749868
0.424564663974
0.425023941264
0.425456040662
0.42587449618
0.426372614172
0.426812266488
0.427283988146
0.42763927952
0.427968533044
0.428497254822
0.428959988991
0.429378293265
0.429831415416
0.430263729254
0.43069250274
0.431095124015
0.431542242001
0.432034759458
0.432354349417
0.432879156236
0.433297390172
0.433834470014
0.434289219144
0.434698486442
0.435102298019
0.435559590708
0.436016129733
0.436365805211
0.436857343805
0.437310424448
0.437744903666
0.438024037554
0.438555963
0.438887105977
0.439264419557
0.439681906132
0.440151627799
0.440460112124
0.440811872274
0.441175017877
0.441609946252
0.442017136415
0.442434901523
0.44286463611
0.4432245994
0.443692299888
0.444169324489
0.444573182334
0.44500723263
0.445441819913
0.445808778593
0.446239547516
0.446681101887
0.446878217728
0.447348025645
0.447750877102
0.448293840996
0.448743291406
0.449088865535
0.449520662546
0.449942625718
0.450373102186
0.450781204955
0.451222337998
0.451581116122
0.4520428618
0.452410439031
0.452852245843
0.453345972113
0.453772870727
0.454198393408
0.454532238067
0.454911661271
0.455313456791
0.455597331432
0.455996564155
0.456407025788
0.456827040275
0.45733702854
0.45776669248
0.458232154695
0.458639251215
0.459055733343
0.459575281015
0.459952749714
0.460453575686
0.460964654231
0.461425786647
0.461980486541
0.462355871861
0.46270249599
0.463113873167
0.463499536854
0.463775602506
0.464348700911
0.464721906401
0.465055957775
0.465564621474
0.465963159895
0.466359773796
0.466794090205
0.466958208501
0.467340462647
0.467762374981
0.468241546406
0.468728109786
0.469203225251
0.469642325651
0.469791439167
0.470222098355
0.470616597649
0.471037628946
0.471485772193
0.472012397184
0.472442144819
0.472907902992
0.473402410849
0.473795596651
0.474022165896
0.474205390298
0.474675683626
0.475049022098
0.475507786721
0.475846736637
0.476323212385
0.476676187089
0.47712551576
0.477580777322
0.477977016188
0.478209961146
0.478536924257
0.478948304287
0.479394161193
0.479805095533
0.4802213184
0.480580706687
0.481039238786
0.481391239028
0.481808873123
0.482264808573
0.482716885751
0.483012356032
0.483153811658
0.483668133518
0.484164418935
0.484622723894
0.484801864147
0.485290528516
0.485824052291
0.486289449522
0.486699869047
0.487042376571
0.487499886383
0.487883510645
0.488266014389
0.488722721059
0.489136214675
0.489592411802
0.490026634754
0.490446105573
0.490908189665
0.491310616457
0.49180097711
0.492225250127
0.492606003728
0.493050643908
0.493286360821
0.493819429796
0.494196790619
0.494739042158
0.495179432435
0.495568496167
0.496092529433
0.496581261158
0.497047692835
0.497423416953
0.497769903539
0.498135205415
0.49856408996
0.499060902567
0.499448513522
0.499812647361
0.500169799269
0.500584491599
0.501029801273
0.501527644153
0.50192136754
0.502207926665
0.502720633916
0.503223833042
0.503673498838
0.504060849741
0.504503505784
0.504967192527
0.505455582018
0.505872670612
0.506301102551
0.506659865896
0.507173176975
0.507658712097
0.508160608605
0.508614182317
0.509068279494
0.50905981104
0.509592933803
0.510014480999
0.510297683298
0.510793590589
0.51119274152
0.511426169244
0.511936584664
0.51238812789
0.512839419931
0.513323737019
0.513720458038
0.514050461396
0.514591534268
0.515011793048
0.515492587101
0.516026453338
0.516491007402
0.516856875282
0.517210803372
0.517769421973
0.517970658054
0.518487011353
0.519038428676
0.51943746451
0.519957806186
0.520266859784
0.520739812969
0.521212156702
0.521645880121
0.522141616658
0.522593631012
0.523022617871
0.523338740708
0.523746448264
0.524299569379
0.524804871485
0.525417280312
0.525971758893
0.52659135113
0.527117216109
0.527409896191
0.527978510399
0.528421444828
0.528928668949
0.529495076734
0.529810035473
0.53026401007
0.530720434209
0.531183707894
0.531508549979
0.532026913109
0.532557279967
0.532890110369
0.533349502018
0.533976509227
0.534601212943
0.535030741272
0.535677530326
0.536296120762
0.536861170201
0.537332233611
0.537812951697
0.538341214183
0.538628347531
0.539170702174
0.539602033255
0.53993856208
0.540457927354
0.540982322721
0.541381374813
0.542012675637
0.542619246366
0.543182342611
0.543602184318
0.544025726119
0.544663788607
0.545035980288
0.545547473219
0.546077175518
0.54672703056
0.547041059274
0.54768804582
0.548283230471
0.548671475622
0.549165006033
0.549750344551
0.550245266204
0.550827281462
0.551358497508
0.551910367468
0.552416707484
0.553027447515
0.553618320929
0.554122461678
0.55464384371
0.555234080494
0.555840498744
0.556495953472
0.557002498842
0.557518596431
0.558019188235
0.558537850789
0.559176568109
0.559586464736
0.560264225452
0.560832683772
0.56114615607
0.561649997616
0.562031011467
0.562647293238
0.562826290161
0.563143220943
0.563552716175
0.564113879183
0.56457277122
0.56524787041
0.565809798802
0.56642847128
0.567127650046
0.56773669937
0.568506967603
0.569106973158
0.569726799562
0.570313825589
0.57081264346
0.571442601038
0.571906513043
0.572410622353
0.572630508962
0.573498474035
0.574102278428
0.574610094322
0.575386411013
0.575870598996
0.576578959842
0.577080549608
0.577761007718
0.57827709885
0.578985232384
0.579645037049
0.580386759323
0.581073144866
0.581831483906
0.582457783064
0.582920357025
0.583641834669
0.584047803462
0.584734341247
0.58545411336
0.585748688601
0.586338999998
0.58705849549
0.587782186535
0.588282835106
0.589022537772
0.589676814557
0.590385234957
0.591105268508
0.591631010608
0.592281344815
0.59301136029
0.593781612965
0.594315491356
0.594941377067
0.595660885798
0.596114852691
0.596901935013
0.597423664823
0.598321049952
0.59917323386
0.59995682128
0.600423639152
0.600925561429
0.601630060946
0.602134675235
0.602765018592
0.603223372529
0.60394115362
0.604334942985
0.604956434631
0.605962341195
0.606667185252
0.607356716571
0.60836129969
0.609063676383
0.609649275679
0.610359741434
0.61101886661
0.611785676549
0.612589236935
0.61319768066
0.613911555482
0.614310516647
0.615048334266
0.615770081979
0.616380134269
0.616968649825
0.618046659094
0.619037365126
0.619871487913
0.620671631739
0.621271062386
0.621771389669
0.622710519025
0.623465178707
0.624135617903
0.625084809728
0.62598201357
0.626655347795
0.627464768245
0.628265620986
0.628896404885
0.629443665914
0.63025145803
0.631069780908
0.631617532973
0.632467072883
0.633186915936
0.633754218938
0.634561350396
0.63560065868
0.63638604919
0.637229291928
0.638091239943
0.638792160805
0.639531874045
0.640418978362
0.641242468569
0.641978936802
0.642705313029
0.643101213882
0.643569118989
0.644566475892
0.645439819469
0.645807165587
0.646320796256
0.647167196687
0.647825478073
0.648955776776
0.649620136188
0.650251916189
0.651077672114
0.651614730908
0.652398212215
0.653016929766
0.653902833943
0.654745233479
0.655829793081
0.656707394301
0.657412869602
0.6583546633
0.658919611155
0.659563770612
0.660202144084
0.661055992047
0.662169790759
0.662948253335
0.66303740745
0.663888955349
0.665017688926
0.665930250744
0.666538340036
0.667601671148
0.668660330975
0.669777727634
0.67059822999
0.671458939149
0.672248274193
0.673080168325
0.673651468268
0.674411802242
0.674821850938
0.675855170597
0.677064280916
0.677857925224
0.678729206905
0.678812123477
0.679800653249
0.681008204791
0.68208198979
0.681498609548
0.682824492458
0.683701443303
0.684501771766
0.685120548839
0.685768312283
0.686929585016
0.68764271215
0.688172097022
0.688995940038
0.689818574213
0.690138070917
0.690843701918
0.69175495846
0.692439761806
0.692825685676
0.693572807023
0.694510117326
0.695519279249
0.696775139191
0.697410639501
0.698258770695
0.699548614288
0.700535621918
0.701339238065
0.702273046331
0.703237083596
0.704012932829
0.705146162134
0.705911819437
0.706916469334
0.707925911151
0.709179327003
0.710488872883
0.711589745702
0.712703609364
0.713824876699
0.715346085707
0.716107551471
0.717259079076
0.717977601143
0.718900190959
0.719214369489
0.720247226712
0.721359249402
0.722217700152
0.723369652523
0.724684279034
0.725876649299
0.726468483072
0.727039466569
0.72839492121
0.729292503015
0.730574859053
0.731169402016
0.732422684473
0.733598995296
0.734097661339
0.734933670725
0.736281848099
0.737502491501
0.73875556864
0.739933101166
0.741026078495
0.741770770767
0.742784958185
0.744181426395
0.745148343915
0.746571371912
0.747801509459
0.749366146204
0.750362723599
0.751068811479
0.752399781904
0.753720161948
0.754551713555
0.755977340579
0.757210278358
0.758361719118
0.759441814068
0.760713970837
0.761455039288
0.762756527207
0.763538196575
0.764962211809
0.766166509711
0.767826651872
0.76925259982
0.770455230148
0.771515671636
0.77309140739
0.774204573441
0.775509574076
0.776842803832
0.778525535575
0.77992089806
0.781077130472
0.782706556216
0.784380017416
0.785889196586
0.787551393035
0.787731509882
0.788604323345
0.790302851609
0.791633306086
0.79340365998
0.794760224551
0.796136432118
0.797357514681
0.797796073828
0.799412880501
0.800636361836
0.802296944754
0.804025039278
0.804744602497
0.806346889836
0.807795086925
0.809818094474
0.811282835071
0.81228132471
0.814067671443
0.815001748167
0.816590466748
0.818279316074
0.820306139627
0.822553409882
0.824481184623
0.8258534448
0.827617542624
0.828770077665
0.830554105125
0.833130402362
0.834834051806
0.836287541059
0.837160642273
0.83922772869
0.840754905897
0.842749092378
0.843906228886
0.845640151907
0.84714190839
0.849140197296
0.850530108114
0.852035009872
0.852983096458
0.855391727756
0.856793011783
0.858691885741
0.860261819345
0.861124939868
0.862335698003
0.863720696916
0.86548071857
0.867766876068
0.869276932907
0.870964145228
0.872584407354
0.874586881582
0.876713567598
0.87813431392
0.880170930307
0.882903202408
0.884380004243
0.887037017695
0.88855054171
0.890892863561
0.891864169812
0.893911369013
0.895795144974
0.89746275672
0.899957234623
0.902292911433
0.904116114118
0.906685042203
0.908774127158
0.911862888887
0.914505188784
0.91697030557
0.918904467035
0.920899029162
0.922875337525
0.925491766011
0.923856944994
0.925636470711
0.928545578789
0.930761276009
0.932904677177
0.935279921709
0.937459027606
0.939859305707
0.942487238417
0.945646960304
0.94768935235
0.950684745735
0.953355272292
0.956105918305
0.957733728496
0.960589662902
0.961628194141
0.962871515382
0.963904960968
0.965279095427
0.969399404315
0.971481792448
0.973959105572
0.976450835521
0.979749990832
0.981773670115
0.984533559593
0.987651434495
0.989504702549
0.99215505417
0.994610657411
0.996121722045
1.00043520962
1.00248257108
1.00575315233
1.00976567776
1.01352191658
1.01712263037
1.02039850656
1.02319433189
1.0262828392
1.02832231767
1.03284050439
1.03694294091
1.04059052078
1.04497437104
1.04917181561
1.05204781202
1.05506097641
1.06004357579
1.06443320992
1.06623387234
1.07119720339
1.07639058385
1.07841645967
1.08114768624
1.0855498267
1.0866415091
1.08896202863
1.09474139843
1.09804287152
1.10082725963
1.10405887277
1.10615844402
1.10931680237
1.11493822339
1.12015392294
1.12387483088
1.1268132503
1.13208493605
1.13778757343
1.14422179096
1.1480830764
1.15373751364
1.15067724153
1.15508794786
1.15886175135
1.16364320768
1.16823845659
1.17540583412
1.18179426044
1.1858953316
1.19017011284
1.19558932953
1.20164076265
1.20530835046
1.20933091916
1.21542565494
1.2220358395
1.2259667581
1.23469911049
1.24265306474
1.251656715
1.25577743672
1.26488307186
1.26880745958
1.27633284805
1.28053277564
1.28720059768
1.29676370803
1.30360411785
1.31212953223
1.31903023155
1.32574026621
1.33132492574
1.34105052898
1.34799532932
1.35346159225
1.36158487319
1.37175371277
1.38003578781
1.3857861006
1.39409537604
1.40353499465
1.41199730715
1.4239149624
1.43376361347
1.44630561586
1.45679810019
1.4624585734
1.47501886523
1.48469000116
1.49594640149
1.50862535776
1.511018384
1.51638904551
1.52783999527
1.54048337357
1.54722817665
1.5602648102
1.57588589996
1.58816401377
1.60516060413
1.61423968248
1.62759858649
1.64196612383
1.65425410938
1.67307053014
1.68932171074
1.70502641044
1.7215402495
1.73742444267
1.74760773586
1.76646147015
1.78082221992
1.7938575438
1.81014731189
1.8286551864
1.8514858488
1.86370078701
1.87315777137
1.89640481817
1.91443433458
1.93344257093
1.95448900563
1.96960498757
1.98395779607
2.00677745319
2.0313479592
2.04742079083
2.06323194812
2.06448339812
2.07509475682
2.09643537804
2.11291888083
2.15496702221
2.19298619072
2.23095512433
2.25498122609
2.29484136046
2.30449612007
2.33300966935
2.3619919082
2.38396682597
2.41515942521
2.43363675945
2.45726840976
2.48387113164
2.54315717314
2.57839598996
2.60206337448
2.61632557326
2.62459269767
2.68809813957
2.76309937104
2.74458345491
2.76465183013
2.84054045206
2.79009248727
2.81945129244
2.67680487401
2.72838318467
2.71904023825
3.10688471849
2.89965939771
2.13900709536
1.51912652495