1.00000014172
0.749636882145
0.689205057815
0.655188684526
0.631637574014
0.614328377584
0.600507153305
0.58900716939
0.579278558622
0.570178504188
0.56197644811
0.554442275209
0.548076995299
0.542084328373
0.536293432956
0.530918232902
0.525935698981
0.52145367886
0.516863315056
0.512806201992
0.508724394505
0.504749548946
0.50117590805
0.49771372864
0.494277519118
0.490906393751
0.487514187779
0.48430600309
0.481380440231
0.478568854359
0.475669544825
0.473080881925
0.470597905488
0.467933352409
0.46550132372
0.462943449133
0.460558577227
0.458100153495
0.455629719133
0.453332960614
0.451157761014
0.44906132139
0.446990284782
0.444981462531
0.442833508285
0.440941391099
0.439043888616
0.437255828132
0.435466350465
0.433729981751
0.432220504123
0.430441159318
0.428789396463
0.427286792175
0.425783727303
0.424318749239
0.422783195434
0.42124069743
0.41969522334
0.418229182389
0.4169583939
0.41549221123
0.41408200731
0.412856887562
0.411590952927
0.41038641777
0.409105106693
0.407893095893
0.40662181139
0.405409375434
0.404216036027
0.40294599156
0.401693768176
0.400356265772
0.399318320541
0.398179861567
0.397065175846
0.395997292613
0.394750808822
0.393632225847
0.392578762456
0.391509958053
0.39034808012
0.389213093245
0.388220781324
0.387196370196
0.386168628686
0.385135572738
0.384098548676
0.383171746065
0.382111196756
0.381179150566
0.380293623425
0.379372843844
0.378302941124
0.377309070301
0.376365651212
0.375379752047
0.374446394961
0.373427298271
0.372667121016
0.37175105357
0.370863896668
0.369841469597
0.368933515526
0.368087917532
0.36724302813
0.366383010293
0.365499148344
0.364732806339
0.363902478498
0.363065950479
0.362320795369
0.361564586227
0.360740529423
0.360040653327
0.359113779857
0.358274842625
0.357550520113
0.356736100157
0.35595540917
0.355246711107
0.354539749093
0.353845860598
0.353054115579
0.352281644256
0.351693477654
0.350925541318
0.350262476565
0.349556116855
0.34892079347
0.348219004176
0.347507223739
0.346770004857
0.345984247438
0.345277498002
0.34450407008
0.34384511516
0.343222085842
0.34246414065
0.341843166249
0.341187081125
0.340501908309
0.339739109263
0.339140561791
0.338537727339
0.337917248952
0.337233209882
0.336605574718
0.335927594108
0.335219746355
0.334651916337
0.334130853375
0.333504847972
0.332841428923
0.332197885874
0.33159094159
0.330897974264
0.330235015799
0.32969652148
0.329093049296
0.328419320237
0.327811242205
0.327222792166
0.326544457261
0.325848974434
0.325301799866
0.324692552658
0.324189346209
0.323643695113
0.323031188384
0.322404686966
0.321842950837
0.321263003899
0.320553845251
0.31997333144
0.319362702478
0.318744845881
0.318131099115
0.317624420567
0.317089788073
0.316524012971
0.315818255563
0.315292834762
0.314709026
0.314207378453
0.313708777851
0.313157918605
0.312626191338
0.312051594268
0.311443587096
0.310956040525
0.310393702093
0.309875969513
0.309356713461
0.308874091603
0.308354162389
0.307661230492
0.307211381004
0.306610530609
0.306126208131
0.30553021159
0.304957137992
0.304389449692
0.303946119248
0.303294427393
0.302804329893
0.302249325385
0.301794622044
0.30129095501
0.300730777783
0.300196322437
0.299602274523
0.299097438313
0.298562203516
0.298084045787
0.297503106821
0.297005143951
0.29657412529
0.296096144708
0.295611343931
0.295058093188
0.294535099314
0.294041423425
0.293532371094
0.293052087589
0.292526985655
0.2919136109
0.291414850865
0.290921777279
0.290435187307
0.289967109296
0.289460891332
0.28895105955
0.288443034677
0.287942432304
0.287428561549
0.286892972456
0.286332830658
0.285879066201
0.285355700316
0.284928968635
0.284475381325
0.283907622166
0.283423848847
0.282881138407
0.282461209206
0.282021616584
0.281452705963
0.281002555324
0.280546399369
0.280126930753
0.279687656997
0.279270367301
0.278667001405
0.27819019
0.277700411366
0.277224149119
0.276789870936
0.27636005688
0.275866274702
0.275336035477
0.274794263921
0.274436460505
0.273995982143
0.27353706268
0.273017133466
0.272517593979
0.272007850772
0.271567354695
0.271124431692
0.270637735431
0.270176300468
0.269714227772
0.269184945146
0.268707637727
0.268125635873
0.267677363001
0.26716746036
0.266720941254
0.26620951514
0.26567412091
0.265264838301
0.264735892257
0.264353412132
0.263936848742
0.263584288905
0.263144926575
0.262652756443
0.262070648301
0.261653553467
0.26119886784
0.260559806634
0.260091994344
0.25966809703
0.259152525655
0.25873557254
0.258353092415
0.257904748684
0.257488468732
0.257082888515
0.25672320733
0.256200178027
0.255691905147
0.255315076041
0.254906661457
0.254503827033
0.254096457622
0.253708167045
0.253293499138
0.252905474282
0.252540762096
0.252134189851
0.251688255332
0.251277272103
0.250804623675
0.250329264883
0.249862887492
0.249465119499
0.249033144239
0.24860099183
0.248178936854
0.247809087378
0.24735103594
0.24691296679
0.246479096047
0.246104392716
0.245727740759
0.245358192433
0.244929990424
0.244484374772
0.244022443794
0.243714082369
0.243228183274
0.242883311658
0.242418422309
0.241879254828
0.241363807456
0.24087716434
0.240441894128
0.240060193454
0.239746907316
0.239205366052
0.238689493526
0.23827944918
0.237936012462
0.237656774159
0.237154683742
0.236684568529
0.236286942255
0.235861167173
0.235469971369
0.235066871223
0.234606446003
0.234244550469
0.233843664672
0.233472557445
0.233029475009
0.232630697273
0.232213992165
0.231763823811
0.231280511076
0.230880139009
0.230477942318
0.230091936948
0.229660404558
0.229283699456
0.228855639165
0.228493035039
0.228104744461
0.227770094281
0.227343398029
0.226780634442
0.226451015263
0.226082264104
0.225588464211
0.225155567781
0.224655673999
0.224214788197
0.223760634014
0.223358667615
0.2229257889
0.222508694067
0.222101129793
0.221733051796
0.221231545967
0.220877639806
0.220453211047
0.220088924016
0.219702599781
0.219349118774
0.218860845897
0.218429348936
0.218045026472
0.217570624279
0.217157834141
0.216744795996
0.216284884505
0.215927506243
0.215494131514
0.215012200533
0.214601394452
0.21419324559
0.213843201253
0.213449277371
0.213084494326
0.212702138204
0.212248568609
0.211891402925
0.211468568499
0.211051420521
0.210747611798
0.210336238843
0.209925716199
0.209559356536
0.209181375969
0.208757708947
0.208374608804
0.208000082622
0.207590853157
0.207280737967
0.206890374759
0.206415706844
0.205916167357
0.20545117172
0.205037088402
0.204703394821
0.204290586968
0.203949577176
0.203598806533
0.203195352091
0.202830480472
0.202410586701
0.202042349271
0.201672623798
0.201325431543
0.200967911563
0.200562349061
0.200119550061
0.199804510158
0.199541906047
0.199134359488
0.198721657923
0.198425094551
0.198094447914
0.197674802151
0.197259514226
0.196794376871
0.196362791336
0.195985767367
0.195680630034
0.195267149019
0.194876183508
0.194395191411
0.194007148841
0.193667733381
0.193233224905
0.19281194938
0.19243591744
0.191953685308
0.191628636546
0.19129924766
0.190849380457
0.190416218305
0.189990390078
0.189643764697
0.189208104759
0.188942152552
0.188593171103
0.188116944286
0.187768317133
0.187373507511
0.186983569457
0.186525730597
0.186124136209
0.185746563082
0.185279618817
0.184870212205
0.184533011094
0.184121779858
0.183676323639
0.183222311174
0.182812780558
0.182388706096
0.181988245454
0.181543604116
0.181209804246
0.180846402954
0.18043540201
0.179990335517
0.179593382405
0.179218927082
0.178900663086
0.178534675434
0.178113098758
0.17767060091
0.177205800135
0.176815773508
0.176443567964
0.175960892962
0.175528244539
0.175141211712
0.174721158508
0.174237385189
0.173846047666
0.173409236267
0.172962858879
0.172524258285
0.172033168756
0.171687251966
0.171332070339
0.170929767359
0.170492849671
0.170080803554
0.169618163985
0.169230493425
0.16881010364
0.168252158477
0.16780999721
0.167370121151
0.166917703018
0.16645318568
0.165966400846
0.165464452147
0.165066489292
0.164639863899
0.164281653043
0.163938765483
0.163661741529
0.163203140932
0.162715718365
0.162358375534
0.161917950316
0.161459402864
0.161053255774
0.160669801335
0.160278871253
0.159851484124
0.15936514216
0.158936798432
0.158473379412
0.158014176512
0.157607232256
0.157114140955
0.15670453948
0.156200819302
0.155744627918
0.155308985695
0.154989977678
0.154565283198
0.154076939462
0.153681545252
0.153152174052
0.152711093387
0.15234689493
0.151954636238
0.151430154321
0.151065495279
0.150730597092
0.150270207301
0.149868914065
0.149457169099
0.148954210658
0.148505707494
0.148021199011
0.147576150232
0.147111145738
0.146655999526
0.146272598232
0.145875122533
0.145400268613
0.144991322585
0.144611366818
0.144130259576
0.14369057838
0.143318346263
0.14296366065
0.142591012236
0.142147814653
0.141821623287
0.141417026242
0.140947362756
0.140510480497
0.140112632788
0.139766946291
0.139364554737
0.138960462563
0.138495803507
0.138127140921
0.137709089489
0.13729123292
0.136864846677
0.13649887674
0.136068699531
0.135624651639
0.13524402271
0.134844128942
0.134404518605
0.134028628383
0.133649540641
0.133260151746
0.13288097543
0.132385864643
0.131885341986
0.131475040776
0.131071577477
0.130714960952
0.130343499429
0.129950523288
0.129500921807
0.128943180364
0.128529442484
0.128065385731
0.127724243079
0.127315049044
0.126917165905
0.126577475866
0.126236917802
0.125821709594
0.125399619189
0.125046209041
0.124621709424
0.124187785536
0.12382048699
0.123385225635
0.123033826116
0.12258839647
0.122168989856
0.121829733829
0.121442275847
0.121009698283
0.120613179183
0.120163719421
0.119798936375
0.119432240132
0.118995969034
0.118508573039
0.118105304603
0.117688767786
0.11728614594
0.116745570132
0.116389830489
0.115993523967
0.115556685996
0.115244064162
0.114815188991
0.114438838184
0.113998377537
0.113596047985
0.113193576715
0.112710405699
0.112272336549
0.111791822752
0.111297686278
0.110822292056
0.110393797753
0.110008465546
0.109605905701
0.10922657881
0.108817039336
0.108434833791
0.108031202201
0.107636339435
0.107200307486
0.106839465983
0.106380998247
0.106025010597
0.105645754565
0.105225099058
0.104862937802
0.104464948374
0.10410890758
0.103677118324
0.103288969465
0.102988730273
0.10265885423
0.102309509628
0.101899420995
0.101385869107
0.100897915096
0.100437312728
0.0999626359557
0.0994750362409
0.099046196499
0.0986636986592
0.0982606870874
0.097809756997
0.097426231699
0.0970844867436
0.0966292519581
0.0962491367581
0.0958170994958
0.0954245927971
0.0950480294134
0.0946680736465
0.0942788441848
0.0938932639707
0.0934327413191
0.0929288439935
0.0924519440144
0.0920334674272
0.0916809164473
0.0912315806883
0.0908283299668
0.0903826788851
0.0899456991951
0.0894697203854
0.0890397468967
0.0886028114938
0.0882362303966
0.0878254686024
0.087457231172
0.0870626695572
0.086592589774
0.0862084533156
0.0858347951582
0.0854282140554
0.0849720138136
0.0845951404209
0.0841851935072
0.0838331562562
0.0834148833892
0.0830274165495
0.0826971064938
0.0822030054495
0.0817912781989
0.0814016058674
0.0809999583348
0.0805664064576
0.0802402948082
0.0798780981227
0.079481242442
0.0791142804768
0.0787246524322
0.0782968224336
0.0779238374383
0.0775804184348
0.077137353713
0.0766996388591
0.0762746609424
0.0758928628369
0.075437061178
0.074960674928
0.0745555464383
0.0741383674598
0.0737576278133
0.0733730883434
0.0729279421333
0.0725446692712
0.0720495319114
0.0716597311475
0.0711928621708
0.0708024458179
0.0704090356647
0.0700698283536
0.0696674722292
0.0691941506387
0.0687395845867
0.0683387120763
0.0679169405374
0.067543530387
0.0670300980734
0.0666540218465
0.0663658730014
0.0660156958038
0.0656532068242
0.0652658197011
0.0649152040624
0.0645762093288
0.064176063125
0.0638403234849
0.0634397654122
0.0630856865312
0.0627460319215
0.0622332240543
0.0618273869729
0.061451589754
0.0610756198159
0.0606497561594
0.0602327410427
0.0598731130024
0.0595397382873
0.059191173136
0.0588197824722
0.0584536929607
0.0580479887402
0.0576172889449
0.0572996361098
0.0569439008955
0.0565623020815
0.0562271558869
0.0557820185342
0.0554668856286
0.0550590113458
0.0547021778143
0.0543024833378
0.0540038296197
0.0536356807632
0.0532480146321
0.052830330782
0.0523694981215
0.0520460525486
0.0516804059069
0.0513163403106
0.0510040727729
0.0506199097424
0.050222726338
0.0498881735891
0.0494928723816
0.0491536296409
0.0488463443892
0.0483911893203
0.0479968801413
0.0476846967489
0.0473144088311
0.0469737001911
0.0466155247639
0.0462934786598
0.0459991473515
0.0456607947792
0.0453245015517
0.0449179115916
0.0445125705244
0.0440820124474
0.0437152542023
0.0433448068513
0.0428489963294
0.0425138014191
0.042143841225
0.0417735798793
0.0414077870906
0.0410992308024
0.0407526054211
0.0403693502738
0.0399625565935
0.0395788718624
0.0392975919288
0.0389564227042
0.0386557805004
0.0382320514766
0.0378743056332
0.0374883401224
0.0371854747118
0.0368684485376
0.0365708510641
0.0362283620873
0.0358297039263
0.0354997215943
0.0351080342049
0.0347957533812
0.0344506514722
0.0341347191865
0.0338077860135
0.033463574273
0.0330777947674
0.03281100775
0.0324870838777
0.0321227724886
0.0317665611892
0.0314405447569
0.0310996833268
0.0307233590928
0.0303572540807
0.030029612316
0.0296861955268
0.0293995967262
0.0290902233432
0.0287863681185
0.0284028915363
0.0280376700496
0.0276988059626
0.0273237682655
0.0270535512211
0.0267097867791
0.0263828115334
0.0260343039553
0.0256792640467
0.0253499504482
0.02502960275
0.0246855947296
0.0243489494206
0.0239927447643
0.0236113363842
0.0233296578678
0.0230313318734
0.0227118654862
0.022325618753
0.0220584132235
0.0217911722645
0.0214722218207
0.0211964866177
0.0208911477791
0.0206248368467
0.0203438846369
0.0200492721062
0.0197250360106
0.0194502441205
0.0191098609899
0.0188153414619
0.0185011441189
0.0182480827455
0.0179068725554
0.0175964982865
0.0173190702135
0.0169438044384
0.0167375256227
0.0164951141623
0.0162424325499
0.015945188265
0.0156853033744
0.0154569176024
0.0152234078262
0.0149100774009
0.0146443001267
0.0143517890135
0.0140582570853
0.0138016915042
0.0135454890764
0.0132871298724
0.0129640208806
0.0127070788602
0.0124403848454
0.0122253228132
0.011979749262
0.0116954124192
0.011438180319
0.0111705319197
0.0109369822851
0.0106822889364
0.0104366367758
0.01016214493
0.0099121293941
0.00962853989421
0.0094039473026
0.00918162220466
0.00891229643576
0.0087028682617
0.00844750230434
0.00829013569656
0.00809773697576
0.00788376218902
0.0076356089209
0.00744206039923
0.00719806014321
0.00694295990777
0.00675288846808
0.00656780872529
0.00634662678517
0.00616340986373
0.00590598234717
0.00570482366056
0.00552999801577
0.00537701526601
0.00521450306406
0.00503252728539
0.00485134369018
0.00467873018033
0.00451309214756
0.00435278516071
0.00418422114214
0.00398541852318
0.00384415687783
0.00369676397607
0.00352975747543
0.00337708888648
0.00324190369239
0.00308861868395
0.00297657897587
0.00282674004852
0.00265813755563
0.00252977504851
0.00242575128487
0.00231498372046
0.0021662544589
0.0020212303573
0.0019201007482
0.00181565791896
0.00169755892082
0.00155995178219
0.00146401067028
0.00136311467502
0.00126069548424
0.00119432700717
0.00109962523888
0.00102169031585
0.000952616388325
0.000861757415639
0.000742284759757
0.000682420518545
0.000597923578979
0.000519019878138
0.000454207327434
0.000381854536789
0.00032086035465
0.000268527634379
0.000233825078808
0.000196519105851
7.26295064593e-05
3.52522699462e-05
4.57158845287e-06