0.254887117051
0.294442893789
0.307004166032
0.314885742497
0.32071226959
0.32520688871
0.328841000417
0.332041515206
0.334823271765
0.337489605506
0.339919786284
0.342225999027
0.344211431426
0.346112572612
0.347979955253
0.349740614699
0.351396751963
0.352906800596
0.354473708645
0.355876108419
0.357196715556
0.35860338951
0.359882369715
0.361070556922
0.362326185951
0.363570849588
0.364836333879
0.3660454075
0.36715851249
0.368237877235
0.36936094875
0.37037242023
0.37133436758
0.372392535507
0.37332341923
0.374355739029
0.375325992388
0.376334108071
0.377355376037
0.378312343366
0.379163195899
0.38004933891
0.380879841865
0.38174066567
0.382667598439
0.383489744948
0.384319576058
0.385106495282
0.385859336037
0.386632835794
0.387309055563
0.38802670967
0.388775227244
0.389459927716
0.390148470058
0.390823091577
0.391533983111
0.392156903709
0.392880115091
0.393569866454
0.394118576265
0.394815134069
0.39548859365
0.396076470076
0.396686693957
0.39722776929
0.397815536491
0.398407680681
0.398974085663
0.39957180829
0.400162747463
0.400794559834
0.401404128655
0.40207586038
0.402540804194
0.403117401039
0.403638893798
0.404075671725
0.40471485747
0.405291046609
0.405835948496
0.40639103763
0.406997056345
0.407591674465
0.408113686205
0.40865469347
0.409199627281
0.409725338406
0.410279608396
0.41077687523
0.411348126824
0.411852134299
0.412332706638
0.412779779628
0.413364716812
0.413910319637
0.414430229822
0.414975649304
0.415493990727
0.416000900099
0.416426182839
0.416940415778
0.417440239931
0.417807538811
0.418322823069
0.418804437392
0.419287313252
0.419780554758
0.420289289552
0.420731882266
0.421211307201
0.4216976996
0.421950314169
0.422392633737
0.422775472476
0.423187398151
0.423734785237
0.424104889545
0.424535521507
0.425021289307
0.425488507937
0.425855530907
0.426234898293
0.426653867962
0.427133435736
0.42760289118
0.427961378569
0.428251310703
0.428657696216
0.429091891945
0.429483551102
0.429917433738
0.430302518168
0.430761075126
0.431251441021
0.431689447003
0.43217524643
0.432541327615
0.432934943116
0.433415247256
0.433786150534
0.43420431833
0.434642319204
0.43513150576
0.435516515615
0.435905317831
0.436306589035
0.436750252526
0.43710809239
0.437550352463
0.438013530846
0.438386154063
0.438728925696
0.43913808566
0.439576903323
0.440003833419
0.44034260397
0.440744430516
0.441188029635
0.441549334709
0.441875220616
0.442282020263
0.442693360488
0.442947356552
0.443369324283
0.443602173769
0.443944842664
0.444362503815
0.444708360472
0.445017746702
0.445440826268
0.445874823163
0.446192165462
0.446596038422
0.447091387554
0.44736156731
0.447790454287
0.448225675621
0.448562140761
0.448836451998
0.449215929059
0.449618560803
0.450078540385
0.450454650988
0.450873665146
0.451234645705
0.451524587481
0.451922870522
0.452308322117
0.452725960961
0.453169145632
0.453520869333
0.453932893101
0.454313228834
0.454695645533
0.455051949487
0.455436734988
0.455951075654
0.456232645658
0.456680985193
0.456998236978
0.457373039808
0.457804061702
0.458028185423
0.458363250673
0.458857131266
0.45922960209
0.459583457354
0.459930747096
0.460269920244
0.460699889309
0.460995034256
0.461453430749
0.461844063794
0.462259304019
0.462556086303
0.463009072804
0.463398419865
0.463736218759
0.464014545858
0.464396225063
0.464832947078
0.465183246526
0.465574975281
0.465979943244
0.466362995075
0.466782874822
0.467274777925
0.467675912745
0.46807349134
0.468387987475
0.468767242119
0.469178437853
0.469590477473
0.469933496589
0.470273635482
0.470609682871
0.470756567031
0.471218476616
0.47152872371
0.471962513003
0.472317094886
0.472596189447
0.472965536605
0.473370494266
0.473826027399
0.474042114325
0.474412779979
0.474893780154
0.475094426273
0.475438213926
0.475795364705
0.475908766701
0.476181154378
0.476698300349
0.477108170202
0.477530289373
0.477834927081
0.478126428247
0.478499482368
0.478929136839
0.479391804779
0.479865923023
0.480179818357
0.480567090318
0.480971574143
0.481362816961
0.481684123955
0.482136964553
0.48252931841
0.482875073028
0.483310718717
0.48361405975
0.484029729376
0.484406171892
0.484766395183
0.48529425658
0.485702006642
0.486167067037
0.486575416943
0.487044392019
0.487451819144
0.487829184393
0.488318181961
0.488672692853
0.488990456658
0.489318652143
0.489728577831
0.490028581411
0.490439812216
0.490651070151
0.491007535366
0.491611672475
0.492055335599
0.492377728703
0.492869205377
0.493142342495
0.493508694201
0.493887850786
0.494208424218
0.494599662309
0.494947402895
0.495384554573
0.495751693093
0.496118874552
0.496517755548
0.496912130567
0.497311902458
0.49762992793
0.497969887967
0.49835329645
0.498648282013
0.498983312846
0.499370932973
0.499558946196
0.500026234465
0.500502703328
0.500685276262
0.500927221933
0.501363266996
0.501800632175
0.502228884757
0.502605067948
0.50282240588
0.503189588016
0.503484519718
0.503673568167
0.504010088835
0.504283990697
0.504638640126
0.504966526655
0.505363416593
0.505530110534
0.505928863749
0.506289417981
0.506640214291
0.507134169311
0.507626696176
0.507999261836
0.508398522352
0.508804242658
0.508986513705
0.509564767292
0.510065788465
0.510251029899
0.510493430026
0.510794517658
0.511256704079
0.511592711339
0.512024817619
0.512344755543
0.512697634925
0.513019025111
0.51321365907
0.513344397526
0.513737851266
0.514147734049
0.514638399685
0.515009896829
0.515344535228
0.515846941193
0.516332810665
0.516782242565
0.517123600447
0.517435935877
0.517871699959
0.518227829928
0.518714370784
0.519127586792
0.519495939151
0.519879102206
0.520304385352
0.520868403062
0.521249016676
0.52157344749
0.522046261844
0.522244874694
0.522811469313
0.523315717314
0.523737617363
0.524131383402
0.524462396125
0.524955910434
0.525439496178
0.525877380756
0.526475763634
0.526793171443
0.527302311438
0.527679585474
0.528119385297
0.528546666668
0.529057347068
0.529510140272
0.529815093302
0.53031424148
0.530820325983
0.531108820879
0.531675776196
0.532067486102
0.532514012808
0.533113207108
0.53355444766
0.533990881345
0.534429767093
0.534924965427
0.535384760657
0.535595234878
0.536102798224
0.536423412598
0.536771361522
0.537304038751
0.537313766066
0.537756900859
0.538284907199
0.538757427511
0.539010640471
0.539481905226
0.539864826288
0.540352935143
0.540764560565
0.541170839459
0.541630670314
0.542256019683
0.5428174503
0.543362701532
0.543913712039
0.544174300011
0.544533733194
0.544905944579
0.545302427216
0.545846115542
0.546173827557
0.546742766426
0.547114749287
0.547618449218
0.547948843051
0.548380533335
0.548797533001
0.549253888138
0.549688835776
0.550052180607
0.550617500418
0.551191750646
0.551524401077
0.551986746966
0.552480551746
0.55285452473
0.553510707921
0.554100852282
0.554395690655
0.554667690825
0.555102719757
0.555662030037
0.556352455985
0.55682970556
0.556801315311
0.556984537557
0.557595716709
0.558093218628
0.558797316203
0.559076859164
0.559489295846
0.560051440846
0.560506789883
0.561086244921
0.561597460195
0.562246912506
0.562567358599
0.563090261002
0.563806181702
0.563952172428
0.564361166218
0.564848132929
0.565269663076
0.56568163151
0.566186389034
0.566760569019
0.567391015146
0.567911854723
0.568547849435
0.569102896628
0.569695073563
0.570235552697
0.570822514529
0.571453486171
0.572156526599
0.572198868524
0.572524741331
0.573179846659
0.573872813147
0.574276229742
0.574419104293
0.574853207353
0.575283991535
0.575968011707
0.576510248036
0.577175238014
0.577620408278
0.57792607321
0.578452161956
0.579168426888
0.579811433141
0.580427830639
0.581066487706
0.581723650912
0.582459816876
0.583121397016
0.583609468302
0.584446392964
0.58503807707
0.585541293551
0.586233725233
0.586905083221
0.587476485332
0.588144401815
0.588468921314
0.588955258035
0.589745382826
0.590526133184
0.590998364242
0.591803204914
0.592633000166
0.593313383935
0.594041230238
0.594605173067
0.595248687684
0.595351819503
0.595974918975
0.596481944485
0.59709828005
0.597424239158
0.598085055447
0.598891008971
0.599745681574
0.600505750018
0.601223705606
0.601695364626
0.602146732197
0.603007247981
0.603710918025
0.604489684952
0.605202373552
0.605535325383
0.606177839634
0.606801575257
0.607579027602
0.608249333874
0.609015842526
0.609544138837
0.610133094284
0.610334821432
0.610583961017
0.611434854332
0.612213539175
0.612790594843
0.613478923734
0.614444382971
0.615037308524
0.615417548223
0.616145526057
0.616863599171
0.617717828928
0.61866547536
0.619604632975
0.620340354787
0.620559242849
0.621545189921
0.622495377758
0.623315651306
0.624055480892
0.624898200293
0.625612999261
0.626439403061
0.627390455474
0.627952923323
0.628691786447
0.629119334469
0.629864757898
0.630391576585
0.631034943641
0.631532294542
0.632337086181
0.633142000373
0.633730408217
0.634436458095
0.634934771055
0.635707732175
0.636687028993
0.63738906451
0.638051856561
0.638963225018
0.639859488123
0.640287112434
0.6409365593
0.641550283649
0.642234208389
0.643191959492
0.644249791809
0.64514892407
0.645678649089
0.646543189812
0.647200657128
0.648367891208
0.649487556655
0.65013838422
0.650992980401
0.651768084146
0.652606389597
0.653598965458
0.65455480149
0.655265217436
0.656251303744
0.657231191687
0.657694266316
0.658447867374
0.659378481495
0.659905535628
0.660651350425
0.661559370618
0.662445437829
0.663166701308
0.664093902748
0.665261059596
0.666253832378
0.667217272395
0.66808788272
0.669038074527
0.669807492122
0.670745943213
0.671439465653
0.67255865778
0.673491028256
0.674434057246
0.675082794813
0.675840252577
0.67651437401
0.677812670506
0.678846398691
0.679584598206
0.680758390158
0.682217025413
0.682088427687
0.682593205265
0.683407711587
0.684212161391
0.684813538681
0.685864140489
0.686761216042
0.687564696121
0.688517230076
0.689859687529
0.690997310269
0.692264991432
0.693672643106
0.69487691038
0.696234221904
0.696874655689
0.697637102612
0.698540277264
0.699421492969
0.700308906929
0.70093898134
0.701609468643
0.702944640392
0.703652817499
0.705081945693
0.705450266922
0.706722182638
0.707999241743
0.708915172442
0.709769213603
0.710991203813
0.712283553892
0.712780215398
0.713681104137
0.714068814874
0.71505381538
0.716095308371
0.71779948166
0.719334090591
0.720556807595
0.721652902918
0.723108663438
0.724684869384
0.725512672251
0.72678927451
0.728255265818
0.729091840005
0.730041027717
0.731594251864
0.732618271119
0.73394822528
0.735003686416
0.736196227638
0.737186083526
0.737865533073
0.739161468479
0.740850763344
0.742659013559
0.744436014729
0.746140772624
0.747586090979
0.749246769289
0.75045101338
0.751957578621
0.753100408122
0.75506275038
0.756353995177
0.757787281371
0.758901711434
0.760462450898
0.761213316399
0.762079473149
0.763992908375
0.765135075435
0.766178916306
0.768016085766
0.768960660164
0.770112143632
0.771485676097
0.77265842798
0.774280467215
0.775651573493
0.776387132062
0.778240852081
0.779741911571
0.781174742399
0.782151903996
0.784122722553
0.785245606534
0.786592327351
0.788059685606
0.789377919481
0.791110988559
0.792952986532
0.794419649234
0.795817569692
0.797390484436
0.799447867235
0.800901884206
0.8025136932
0.804444508641
0.806534871404
0.808096525026
0.809845554681
0.811527012051
0.81290228037
0.815095082582
0.816306052855
0.818518339018
0.820461119436
0.823133938797
0.824798965028
0.826207531542
0.826564091514
0.828531581219
0.830024497971
0.831398664834
0.832998831906
0.834784524475
0.836699499913
0.839197501025
0.840988091358
0.84243757468
0.843320735038
0.844737501999
0.845939578018
0.847218745041
0.849142564469
0.850574106457
0.851819669917
0.853982209158
0.854615195037
0.856832052198
0.859447744714
0.861531265391
0.86368096711
0.866214740319
0.86859613638
0.871182087113
0.872572209239
0.87365407002
0.875425025552
0.877347576377
0.879021023358
0.881439747568
0.884204608222
0.885142391384
0.887427524219
0.88916712974
0.890355360862
0.893178731682
0.894995906198
0.897370430983
0.898942096808
0.901454758165
0.902683013269
0.905233871759
0.906626004621
0.909123599922
0.911928805458
0.913999366108
0.916224343182
0.918239246011
0.919139184603
0.921756563116
0.921745564089
0.923433096202
0.92631791592
0.928111077816
0.92938285848
0.932442447389
0.935662662218
0.936664546125
0.939347345525
0.941503780922
0.943610111083
0.944884942599
0.946667580889
0.949593961013
0.951320141054
0.952811454683
0.955865705335
0.959954053389
0.96286837584
0.965658808112
0.970395367723
0.973870402838
0.976796707376
0.979005706716
0.981031162085
0.984375576509
0.987612835946
0.990616551223
0.994532727777
0.997698064948
1.00024785521
0.999057764074
1.00195812414
1.00587937339
1.00837426995
1.01088776298
1.01205375419
1.01488524099
1.01654620511
1.01945484389
1.02415800508
1.026994953
1.03206274937
1.03496920095
1.0377419466
1.04145524952
1.04611794601
1.05024596187
1.05461879355
1.05834578632
1.06346665061
1.06678765204
1.07161764727
1.07438685401
1.07758229099
1.08181562126
1.08546128897
1.0889402572
1.09296302154
1.09579363318
1.09932810305
1.10260334202
1.1074444185
1.11342878829
1.11702978726
1.11951350289
1.12220300364
1.12722431735
1.12921183667
1.13452944583
1.13870891455
1.14397890647
1.14887769304
1.15561331509
1.15534021482
1.16138861796
1.16816016966
1.17258227454
1.17656026235
1.18244988813
1.18919621144
1.19587590052
1.20090105739
1.20503770665
1.20977490874
1.21646776018
1.22051780233
1.22597580776
1.23130953472
1.2386780227
1.24442723175
1.25288217566
1.25801215018
1.26582043892
1.27124030949
1.27988787139
1.28813575275
1.296637787
1.30510118501
1.31142463083
1.31883969591
1.32120830065
1.33001487212
1.33339481859
1.34086223562
1.34555750568
1.35702655549
1.36282244347
1.37181299453
1.38460288003
1.39181084406
1.39862485741
1.40580404958
1.41698415248
1.42581232525
1.43513527379
1.44348842697
1.45163751384
1.46308972353
1.47411875818
1.48378859426
1.49537364479
1.5077700376
1.51461555015
1.52696145652
1.54089368467
1.55730007756
1.57021504113
1.57928757215
1.59734842418
1.60915403867
1.62492187277
1.63259166807
1.64317827812
1.65860381731
1.67300387112
1.68309902461
1.70579585179
1.72672380244
1.74591004741
1.76234589852
1.77908801017
1.79225456803
1.81902174171
1.8373290417
1.8506425836
1.85916480717
1.87667677816
1.89791591479
1.91401328495
1.93972456549
1.96435545567
1.97560292067
1.96991746037
1.9872349297
2.0027876969
2.02447006862
2.0452797705
2.07474100786
2.09906237321
2.13199799506
2.15627799325
2.18057661336
2.23233847649
2.24103989488
2.25605621481
2.28371598597
2.31630605833
2.35214980391
2.36312079726
2.390961446
2.42239432105
2.4380929452
2.47594375414
2.49984023949
2.5255053259
2.55083550783
2.60244569372
2.59320801327
2.59390147822
2.61351640124
2.71129910162
2.64474575403
2.6918096817
2.77525009269
2.73640343428
2.77969884898
2.78489230995
2.77889153788
2.6141104724
2.49710582756
2.79405051245
2.1565163955
1.49082818652