1.0
1.0
0.999377076988
0.999377076988
0.999377076988
0.999377076988
0.998808854336
0.998808854336
0.998808854336
0.998808854336
0.998642194173
0.998642194173
0.998642194173
0.998642194173
0.998642194173
0.998642194173
0.998642194173
0.998642194173
0.998642194173
0.998642194173
0.998044222202
0.998044222202
0.998044222202
0.997691175627
0.997691175627
0.997691175627
0.997691175627
0.997691175627
0.997691175627
0.997691175627
0.997691175627
0.997691175627
0.997605019894
0.997605019894
0.997376515269
0.997376515269
0.997376515269
0.997376515269
0.997376515269
0.997376515269
0.997050232418
0.997050232418
0.996783874718
0.996783874718
0.996783874718
0.996783874718
0.996783874718
0.996783874718
0.996580107878
0.996580107878
0.996580107878
0.996149862353
0.996149862353
0.996149862353
0.996149862353
0.996149862353
0.996149862353
0.995668328577
0.995668328577
0.995668328577
0.995405809498
0.995405809498
0.995405809498
0.995405809498
0.995405809498
0.995195111814
0.995018428583
0.995018428583
0.994732344632
0.994732344632
0.994732344632
0.994732344632
0.994651733575
0.994651733575
0.994362770657
0.994362770657
0.994139490824
0.993607201937
0.993607201937
0.993607201937
0.993607201937
0.993607201937
0.993607201937
0.993607201937
0.993607201937
0.993607201937
0.993607201937
0.993490017344
0.993490017344
0.993490017344
0.993490017344
0.993490017344
0.993490017344
0.993228991063
0.993228991063
0.993228991063
0.993228991063
0.993228991063
0.993228991063
0.992937469064
0.992937469064
0.992937469064
0.992937469064
0.991938894259
0.991938894259
0.991938894259
0.991938894259
0.991938894259
0.991938894259
0.991938894259
0.991930897131
0.991930897131
0.99107840321
0.99107840321
0.990607852157
0.990607852157
0.990607852157
0.990016064632
0.990016064632
0.990016064632
0.990016064632
0.989745335168
0.989531225376
0.989531225376
0.989531225376
0.989531225376
0.989531225376
0.988705281922
0.988705281922
0.988705281922
0.988705281922
0.988705281922
0.988447454493
0.988447454493
0.988447454493
0.988426981843
0.988426981843
0.988203382124
0.988203382124
0.988203382124
0.988095367573
0.988095367573
0.988095367573
0.988095367573
0.988095367573
0.988095367573
0.988095367573
0.988095367573
0.987868249117
0.987868249117
0.987868249117
0.987868249117
0.987868249117
0.987851615089
0.987851615089
0.987851615089
0.987561052746
0.987291069681
0.987291069681
0.987291069681
0.986934717626
0.986722847029
0.986722847029
0.986078918225
0.985904580819
0.98483573791
0.984696694499
0.984696694499
0.984696694499
0.984403359818
0.984403359818
0.984403359818
0.984083154784
0.984083154784
0.984083154784
0.983485076185
0.983485076185
0.983485076185
0.983061015106
0.982692400787
0.982692400787
0.982692400787
0.982501962495
0.982501962495
0.982501962495
0.982501962495
0.982199884287
0.982199884287
0.982199884287
0.982199884287
0.982199884287
0.982180051408
0.982180051408
0.982180051408
0.982180051408
0.982180051408
0.982180051408
0.982180051408
0.981951653412
0.981951653412
0.981758656039
0.981449860242
0.981449860242
0.980579559382
0.980579559382
0.980579559382
0.980579559382
0.980286224701
0.980286224701
0.980089282077
0.980089282077
0.979597405348
0.979597405348
0.979597405348
0.979597405348
0.979280612422
0.979280612422
0.979280612422
0.979280612422
0.978872438973
0.978872438973
0.978872438973
0.978605654759
0.978605654759
0.978605654759
0.978605654759
0.978605654759
0.978605654759
0.978605654759
0.978605654759
0.978277665854
0.978277665854
0.978277665854
0.978264443934
0.977966737489
0.977678307714
0.977323981598
0.976110550601
0.976110550601
0.97584291336
0.97584291336
0.97584291336
0.975437298992
0.975007479981
0.975007479981
0.975007479981
0.974445441775
0.974445441775
0.974445441775
0.973706720339
0.973528437683
0.973528437683
0.972464286423
0.972121369543
0.972121369543
0.972121369543
0.972121369543
0.971688458309
0.9713461812
0.9713461812
0.9713461812
0.9713461812
0.9713461812
0.9713461812
0.9713461812
0.9713461812
0.971072039628
0.970585174432
0.970585174432
0.970585174432
0.97038620587
0.97038620587
0.96994380471
0.96994380471
0.969541282565
0.969256798039
0.969256798039
0.969256798039
0.969256798039
0.969256798039
0.969256798039
0.96892049212
0.96892049212
0.96892049212
0.96892049212
0.96864752346
0.96864752346
0.96864752346
0.968016603319
0.96748708677
0.96677694174
0.966494483154
0.966494483154
0.966494483154
0.966179396283
0.966179396283
0.965690505148
0.965690505148
0.965490790187
0.965179435309
0.965179435309
0.965179435309
0.964908705845
0.964417042372
0.964417042372
0.964417042372
0.964417042372
0.964417042372
0.964170517551
0.963905226134
0.963905226134
0.963650597556
0.963387438707
0.963172369259
0.962321581393
0.96230196177
0.96230196177
0.961208061191
0.960602305348
0.960602305348
0.960602305348
0.960602305348
0.960602305348
0.959653525998
0.959348035681
0.95878109257
0.958040238566
0.957847561078
0.957442906366
0.957111505352
0.956607366358
0.956295478338
0.95571510005
0.955309059169
0.955309059169
0.954797242931
0.954524700785
0.954334049236
0.95380303989
0.953570590015
0.953570590015
0.953006205985
0.953006205985
0.952814168268
0.951866241944
0.951394198094
0.951394198094
0.951096065135
0.950454055643
0.950454055643
0.949922833039
0.949648798096
0.949207356591
0.948065046726
0.947083745719
0.946906742603
0.946906742603
0.946906742603
0.946645929579
0.9461737791
0.9461737791
0.94597267797
0.94597267797
0.945567703372
0.945120184049
0.944930492156
0.94467309124
0.94467309124
0.94467309124
0.944400975607
0.944400975607
0.944168099219
0.943865274612
0.943865274612
0.943496873549
0.943136576244
0.94204096961
0.941981151088
0.941938926248
0.941540989123
0.941257357625
0.94061545476
0.94061545476
0.94061545476
0.94061545476
0.94061545476
0.940238736684
0.940238736684
0.940022920837
0.939930793914
0.939930793914
0.939643750308
0.939390081385
0.938813328463
0.938528950566
0.938528950566
0.937758453871
0.937758453871
0.937582836925
0.937265404229
0.937265404229
0.937016960097
0.936758706154
0.936758706154
0.936758706154
0.936758706154
0.935810673203
0.935577903443
0.935116309174
0.934456386112
0.934456386112
0.933146136544
0.932854614546
0.932854614546
0.932854614546
0.932044238836
0.931776388339
0.931381436809
0.931381436809
0.930959508298
0.930959508298
0.930778773189
0.930778773189
0.930441187729
0.930197435246
0.930197435246
0.929570033842
0.928916188598
0.928628078708
0.928374303157
0.928374303157
0.927815570431
0.927815570431
0.927382659197
0.927382659197
0.926898672967
0.926704289425
0.926234911284
0.925720749222
0.925720749222
0.925720749222
0.925720749222
0.925720749222
0.925450126387
0.925450126387
0.925134932887
0.924436197094
0.924436197094
0.924367208531
0.923570481254
0.923033713975
0.922522110995
0.922522110995
0.922522110995
0.922253300842
0.920548206372
0.919086011358
0.919086011358
0.918923189818
0.918923189818
0.918281286953
0.918049370221
0.917722980741
0.917122769574
0.916955469642
0.916942780864
0.916942780864
0.916692950563
0.916692950563
0.916692950563
0.915466937417
0.91486150146
0.914526155196
0.913643058929
0.912999236754
0.912765827224
0.912309884259
0.912309884259
0.912309884259
0.912306258894
0.911868229498
0.911498868779
0.911179410145
0.910928726817
0.910928726817
0.910928726817
0.909389439482
0.908595271287
0.908595271287
0.908535559393
0.907800996464
0.906358314444
0.906109870312
0.905605411433
0.905605411433
0.905048917903
0.904754197053
0.904149294237
0.903197209407
0.902359323575
0.902359323575
0.902359323575
0.902100216605
0.901573259137
0.901573259137
0.901573259137
0.901285789017
0.900498658295
0.900498658295
0.900498658295
0.900174294755
0.900174294755
0.89992009269
0.899485048888
0.899068558425
0.897999715515
0.897242973883
0.896666007703
0.896666007703
0.895739726942
0.895739726942
0.895739726942
0.895161374593
0.89463345747
0.894168184522
0.89377829784
0.892143044961
0.892135047832
0.892135047832
0.891465101703
0.889769976987
0.889769976987
0.889735962533
0.889735962533
0.889735962533
0.889729191631
0.888950537866
0.88790451343
0.887720686098
0.887390671253
0.887074731355
0.886579762402
0.885265834155
0.884360292614
0.883861005211
0.883266551977
0.882620757177
0.882359037811
0.882066449529
0.881341163269
0.879137154596
0.877594988295
0.876997762723
0.876688060585
0.876237662296
0.875934891003
0.875645288316
0.875213923193
0.874348527238
0.873729922675
0.873417234943
0.873417234943
0.87313520287
0.87313520287
0.872343167243
0.870333275541
0.870333275541
0.870279374893
0.870279374893
0.869963914823
0.869461908396
0.868989651289
0.868989651289
0.868714603375
0.867610093272
0.867387879722
0.866412603219
0.866190869497
0.864936493201
0.864703403557
0.863589350213
0.862903676397
0.862407427904
0.861555946953
0.861334693058
0.860197767927
0.859780637693
0.859531500477
0.859123646912
0.858295624206
0.858122193141
0.857843786434
0.856688307963
0.855712125119
0.854545077469
0.8539538764
0.8539538764
0.8539538764
0.853928872044
0.852905026313
0.852684518817
0.851978265723
0.851848445667
0.851542582151
0.850585858987
0.85019234694
0.849886590052
0.849638839005
0.849638839005
0.849161836934
0.847331614057
0.847140109482
0.846588094344
0.84551690561
0.844728921861
0.844455420059
0.843534577345
0.84315546013
0.842679044516
0.842089069674
0.841533855684
0.841008764213
0.841008764213
0.841008764213
0.840462133809
0.840242319398
0.839568108133
0.838609572286
0.838609572286
0.837661645963
0.837443750862
0.837000123476
0.836202916372
0.835259361812
0.834560412763
0.833162194779
0.832915350073
0.832597490864
0.831455607512
0.831455607512
0.831148997597
0.828311189817
0.82670712574
0.82554834179
0.825240985477
0.823608291679
0.823411508998
0.822375720888
0.821379865107
0.820723780667
0.820387794633
0.819877897706
0.819346035333
0.819021351907
0.81833743746
0.81833743746
0.816973340558
0.815754898028
0.815023640579
0.814004273239
0.813190965249
0.811614517923
0.810186870506
0.80995618
0.808846978248
0.808626524066
0.806759994225
0.806753543208
0.806426407329
0.805717062013
0.804581629678
0.804581629678
0.804138535434
0.802240710162
0.80191709302
0.800213917862
0.799676510812
0.798776780518
0.798509356534
0.79804211096
0.797082668772
0.795714733249
0.795007467186
0.795007467186
0.793735817092
0.793256789082
0.792780586725
0.791475455319
0.790739133022
0.790357616668
0.789438053495
0.788728761492
0.787742342323
0.787162443863
0.786110501552
0.784314239815
0.783831266555
0.78352732235
0.78307996297
0.782763649872
0.782763649872
0.782763649872
0.782363473552
0.781392248927
0.780658645653
0.779230731665
0.779117598951
0.778007384229
0.777103388799
0.776148744888
0.775690029585
0.773954652655
0.772206213748
0.771865696007
0.770723599399
0.769462932029
0.769462932029
0.767226401699
0.766095394443
0.765083224519
0.764183600853
0.763539831992
0.762665265996
0.761063601058
0.760103199214
0.759192379568
0.758331888519
0.756466744847
0.756180607581
0.755260991094
0.754411536082
0.753443510309
0.752455491714
0.752011917641
0.751381424014
0.750547376803
0.749849067524
0.748492754495
0.748056004639
0.746598021446
0.745827684695
0.744888608527
0.744002100153
0.742825242692
0.741841702488
0.741072432021
0.739689248639
0.739136433788
0.737421742764
0.736328002127
0.735792354446
0.735722299599
0.734624560398
0.733019803237
0.730120204309
0.729355465547
0.726993913439
0.724594401626
0.72312085069
0.721715488604
0.721013020818
0.719771386615
0.718762522171
0.718101106312
0.715802198379
0.714245850503
0.712039655949
0.710341119125
0.709812882116
0.707776706518
0.706121300875
0.705223809777
0.702326076845
0.702136065067
0.70061607747
0.69939432946
0.698582460953
0.698345426058
0.697256963526
0.69654991072
0.694585176138
0.692420300082
0.691134255157
0.689789404679
0.688090974483
0.687043137365
0.686186111738
0.683843539482
0.683075281984
0.68113773764
0.678900514226
0.677760390243
0.676649695693
0.675207760072
0.673164547001
0.671948823494
0.67006176769
0.669220523063
0.666415716768
0.664800403396
0.663034264178
0.661904536462
0.660426667076
0.65863499036
0.6559065833
0.654640477883
0.649508933646
0.647527085209
0.646373526049
0.644409377924
0.642125611221
0.640295228401
0.639423061544
0.636620707701
0.635263008503
0.633559833344
0.631519925753
0.628843766601
0.627184095822
0.626382250383
0.624014247258
0.620349323112
0.618657823762
0.617864455279
0.616410150766
0.614697805567
0.613572236358
0.613087290473
0.611371533165
0.608721817852
0.605872494206
0.605414312045
0.60421794159
0.602144765943
0.600744575334
0.598730418497
0.597484039331
0.590939935592
0.589750282725
0.587809646158
0.585176991386
0.582082635717
0.578712965564
0.576960741349
0.574168463888
0.572018995633
0.570891933627
0.568741612345
0.567959546471
0.566049885449
0.563416484279
0.562203586424
0.561749029628
0.560372990348
0.558481082952
0.557847283845
0.55762272447
0.554786409488
0.55354930699
0.550680363722
0.547925406195
0.545509740183
0.542613713306
0.540168831116
0.537900685471
0.535445940156
0.533198960245
0.53074789361
0.528234289427
0.52701563364
0.523989413508
0.51919518816
0.516515350329
0.514470857717
0.509972312874
0.507928779918
0.504667710772
0.502760715459
0.500618071421
0.499461526667
0.492476834451
0.490303961266
0.488081399254
0.485876910754
0.482896914025
0.480918157811
0.478086107964
0.477602814819
0.475741456454
0.471993841998
0.469564847437
0.467865830785
0.464958394671
0.46268838303
0.459923882263
0.457845961653
0.455618761307
0.453663463337
0.450308081386
0.448227814952
0.445849735444
0.443406612623
0.441278256788
0.439984507962
0.436031580555
0.434844993254
0.43333580178
0.428263729524
0.42597409826
0.421183231706
0.419645730397
0.4161956891
0.414499764671
0.41058221123
0.407646651879
0.40666087248
0.403372666411
0.399747301396
0.396133052389
0.392604585916
0.389585323286
0.38636463964
0.384067277818
0.380585274663
0.377373574458
0.374593932461
0.370615147671
0.368477994994
0.365814951133
0.360682127356
0.356898365877
0.354416643582
0.351551378993
0.349002587444
0.344706529901
0.342184502076
0.339064448967
0.335538381633
0.332408865254
0.328910867842
0.326197175499
0.321438244146
0.317110837858
0.314922423586
0.311200000085
0.309350690728
0.306520960048
0.30186551154
0.297541863903
0.293631747791
0.289382073594
0.284662994598
0.27946528745
0.276159274441
0.27259388789
0.267360300291
0.264783145593
0.261922279425
0.255716640831
0.244877999003
0.237612794169
0.232949988303
0.229009349816
0.223394712362
0.220024655681
0.216332434669
0.212743643189
0.209838339643
0.204091296394
0.201233455807
0.193513414277
0.188394638789
0.184493839332
0.178082074745
0.171851405138
0.16534364835
0.16051676806
0.154646569029
0.144963952143
0.14084200542
0.134479036647
0.127842152887
0.124133497776
0.119766945543
0.11166244205
0.105208905794
0.0979649200085
0.0924201374738
0.0825275093231
0.0766044692647
0.0723898491486
0.0637917095579
0.0577099864731
0.0511949056477
0.0452214203679
0.0372308792918
0.0309422971443
0.0222273195032
0.011022071802
0.00329193035699