0.999999929141
0.758935377706
0.703922296393
0.669700502349
0.644254688291
0.625003666962
0.609394736495
0.596015177469
0.584797461087
0.57500939947
0.566332055459
0.558504064978
0.551854568908
0.545588562705
0.539789553912
0.534279296266
0.52965038507
0.524735379945
0.520820126954
0.517085848303
0.513142003634
0.509565918096
0.506147777665
0.502686342276
0.499627457875
0.496663170475
0.493987846801
0.491191389363
0.488493745048
0.485807898786
0.483190573349
0.48087744636
0.478487720601
0.476320811525
0.474302671292
0.472161306949
0.470229969209
0.468319818362
0.466186602825
0.464218205735
0.462180862665
0.460351987295
0.458547629201
0.456727186073
0.454783766843
0.453206760419
0.451376538725
0.449661286046
0.447988088289
0.446318964934
0.444750071887
0.443171967146
0.441750992631
0.440276200571
0.438737458103
0.437350035408
0.435976855409
0.434506279469
0.43318560612
0.431737740547
0.430326296592
0.428998147599
0.427673328988
0.426261176441
0.425030706825
0.423615897058
0.422257136901
0.420886720409
0.419520909764
0.418268013218
0.417068509062
0.415869678068
0.414642255397
0.413327959373
0.412059721815
0.410976320422
0.409738410592
0.40874188255
0.407583866442
0.406560907927
0.40543219209
0.404297559511
0.403118817094
0.401890154387
0.400647461562
0.39952692996
0.398347018366
0.397159099686
0.39608799236
0.394981065719
0.393808771488
0.39263874475
0.39158602538
0.390522996
0.389302127802
0.388236157766
0.387209408285
0.386222658809
0.385118460247
0.383981808182
0.382744252648
0.381602144425
0.380440904225
0.379343543574
0.378184252001
0.377045899316
0.37609876012
0.375021736053
0.374065810319
0.373148361119
0.372171567358
0.37126857343
0.370301841673
0.369417873434
0.368640371109
0.367813657086
0.366701451437
0.365837926071
0.364937553933
0.36404876727
0.363202992128
0.362300494214
0.361501273552
0.360651140571
0.359741131584
0.358880086289
0.358059537015
0.357175285339
0.356389138195
0.355501201843
0.35476231777
0.353985028023
0.353225205063
0.352533406914
0.351781732759
0.350943752127
0.35004500975
0.349222405559
0.348490713692
0.347740988165
0.347087737408
0.346448800205
0.345649083529
0.344934362435
0.344281749411
0.343570110692
0.34285698393
0.342172023691
0.341459924388
0.340665911875
0.340023856868
0.339309206634
0.338627435058
0.33792947216
0.337235016791
0.336532979491
0.335743183099
0.335123059008
0.334511686025
0.333870587617
0.333230693815
0.33244284605
0.331746973498
0.331074130179
0.330405148685
0.32987572434
0.329187221143
0.32843193317
0.327789771875
0.32709751314
0.32646268577
0.325807734393
0.325116396828
0.324385342694
0.323850887348
0.323122419574
0.322465200704
0.321832676256
0.32122764517
0.320499071107
0.319830373049
0.319318415492
0.318741373781
0.318113348891
0.317572976804
0.316869451461
0.316180452249
0.315536023459
0.314890638071
0.314353773513
0.313836395229
0.313246173711
0.31272160322
0.312068529611
0.311359406393
0.310747112241
0.310053932337
0.309543143957
0.308992603577
0.308415313859
0.307765854068
0.307175384542
0.306672532389
0.306081035406
0.305564542861
0.305032177861
0.304439936856
0.303943214022
0.303475295444
0.302851203238
0.302411344894
0.301790370493
0.3013194404
0.300774533325
0.300339457975
0.299758022995
0.299068315191
0.298577261092
0.298047305303
0.29750746466
0.29704145928
0.296510121737
0.295870901098
0.295317898362
0.294813699885
0.294331007168
0.293695701498
0.293174266526
0.292595860775
0.292039155648
0.291466135194
0.290929341496
0.290537135949
0.289995027812
0.289549270441
0.289075240259
0.288658730014
0.288129535962
0.287633291427
0.287153326789
0.28668285728
0.286175452425
0.285688260151
0.285240890734
0.284668862309
0.284126435306
0.283602821414
0.283108667225
0.282624415607
0.282053751221
0.281575912358
0.281017453466
0.280487391389
0.28008760391
0.279524734034
0.27904260819
0.278526717949
0.278039755967
0.27749373286
0.277046168581
0.276591890394
0.276081172872
0.275599153318
0.275081562456
0.274640393217
0.274141296601
0.273603475444
0.273044502823
0.272639294617
0.272095627578
0.271567744421
0.271080126991
0.270462713263
0.27006154403
0.269622890292
0.269173217952
0.268581207239
0.268190684597
0.267636548115
0.26709729206
0.266679453205
0.266216388481
0.265718177604
0.265216264335
0.264677203143
0.264248186253
0.263725723823
0.263255449177
0.262788611201
0.26235759254
0.261810471116
0.261342818259
0.260915555134
0.260438584296
0.259879027086
0.259356228075
0.258949779833
0.258396440517
0.257969744265
0.257489673338
0.257077822084
0.256602339288
0.255994580123
0.255476847543
0.255083189383
0.254579823501
0.25411688278
0.253790133398
0.25337046992
0.252975093424
0.252520549516
0.252089513139
0.251703029471
0.251163082539
0.250715323396
0.250305509344
0.249867652771
0.249398937027
0.248990345295
0.248524694211
0.248151036053
0.247744747245
0.247324835759
0.246894206823
0.246528042023
0.246066766493
0.245635747831
0.245179290725
0.244778493503
0.244302620982
0.24384924625
0.243407279845
0.24296279794
0.242469724354
0.242057235367
0.241638528487
0.241201858806
0.240754294527
0.240256898531
0.239878333375
0.239481096826
0.239046676924
0.238681185287
0.238255994793
0.237825915015
0.237347739571
0.236958634113
0.236566091985
0.23613099892
0.235674311522
0.235282779137
0.234895250295
0.234348660315
0.233929280273
0.233456773563
0.23296433771
0.232565595403
0.232222388977
0.231871653764
0.231407242715
0.230931405624
0.230471990147
0.23003710966
0.2295534072
0.229085701199
0.228687950921
0.228318827751
0.227914841866
0.227481112841
0.22705774697
0.226608340352
0.226234115321
0.225879713145
0.225472432308
0.225160793645
0.224758313518
0.224328056592
0.223825895316
0.223366231832
0.222961448781
0.222538029766
0.222183273294
0.221765221862
0.221294256339
0.220781253609
0.220276966558
0.219867949671
0.219409597082
0.218999233871
0.218580172695
0.218118418865
0.217695991879
0.21723671812
0.21678231593
0.216353759625
0.215916292778
0.215505327264
0.215072324545
0.214572554767
0.214267523723
0.213891863793
0.213486159573
0.213082014254
0.21260986184
0.21218047294
0.211764015839
0.211331402846
0.210863041398
0.210412377029
0.209958010269
0.209592359198
0.20918603496
0.208841730217
0.208451349293
0.207989577749
0.207582828355
0.207189117051
0.206681659051
0.206290480962
0.205913864434
0.205434909539
0.205009205316
0.204581357602
0.204191047538
0.203780631182
0.203357212168
0.202935245766
0.202472659341
0.202070267787
0.201654855859
0.201127220709
0.200672039068
0.200262845033
0.199816591648
0.199406104433
0.199019886486
0.198630090151
0.198249009495
0.19776787568
0.197421020007
0.19694220683
0.196531542467
0.19607985064
0.195702029506
0.195235776118
0.194795032035
0.194374535961
0.193942720134
0.193587166496
0.193167591592
0.192818893579
0.19241655517
0.191974305329
0.19157226807
0.191111665702
0.190749486732
0.190266847159
0.18983946003
0.189477086197
0.189020168506
0.188577103784
0.18817434022
0.187826333084
0.187304791824
0.186863888307
0.186390159276
0.185999122905
0.185577121074
0.185185553259
0.18479651866
0.184471629332
0.184055367094
0.183637563669
0.183231204001
0.182817705271
0.182408617525
0.182045552814
0.181603940706
0.181136163846
0.180677775827
0.180247200035
0.179869609193
0.179368138794
0.17898429463
0.178552921673
0.178110884409
0.177708120844
0.17736045029
0.176934852356
0.176569892162
0.176151486434
0.175856783115
0.175433381815
0.175028315327
0.174586331208
0.174221069863
0.173928563179
0.173504949301
0.173071432853
0.172710068763
0.172327641782
0.171887305139
0.171470600031
0.171088704494
0.170660555629
0.170309288972
0.169861193249
0.169451326052
0.169071272853
0.168645391482
0.168292796215
0.167848491458
0.16732452327
0.166899226487
0.166541795081
0.166177844631
0.165744097891
0.165366719627
0.164956498134
0.164571024208
0.16415353965
0.163797826579
0.163242396917
0.162755399505
0.162352405648
0.161985496827
0.161561617228
0.161080412553
0.160638995308
0.160144876548
0.159771820694
0.159455771048
0.158928543338
0.158605708926
0.1581789241
0.157775522803
0.157332263218
0.156938977068
0.156568649292
0.156178746668
0.155726363965
0.155317630514
0.154889800516
0.154448702136
0.15398537169
0.153584592182
0.153260340586
0.152895858692
0.152516992385
0.152148188081
0.151736017961
0.151382147229
0.150908294194
0.150435078892
0.149968294061
0.149580375494
0.149037098181
0.148623971461
0.148254423136
0.147856097128
0.147418151981
0.147033608083
0.146645468081
0.146306539778
0.145843793919
0.145447416538
0.144931304862
0.144576982402
0.144148284379
0.143783439332
0.143322225803
0.142853563203
0.142398266416
0.141969718968
0.141542597561
0.141138841968
0.140697708159
0.140221499057
0.139803305907
0.13939190638
0.139034200395
0.138601268535
0.138239488147
0.137853810502
0.137428593435
0.136989009671
0.136566237246
0.136166042326
0.135802694179
0.135452304404
0.135026945619
0.134583544317
0.134197175794
0.133855873709
0.133473907313
0.133010674297
0.13256551923
0.132122764517
0.131773446487
0.131398007993
0.13104481928
0.130542091131
0.130041169891
0.12965962865
0.129248078547
0.128848131635
0.1284936586
0.128005881737
0.127552329857
0.127146165052
0.126679521939
0.126186474925
0.125689353508
0.125296350795
0.124873055784
0.124408821883
0.124033914832
0.12352816631
0.123044809289
0.12260404749
0.122243400849
0.121750034969
0.121354242176
0.12091993742
0.120549069343
0.120131682215
0.119699556379
0.119308812302
0.118838670517
0.118292248828
0.117789148668
0.11735219555
0.116926429325
0.116613807492
0.116173931433
0.115766021721
0.115363151867
0.115014179276
0.11455210658
0.114097916967
0.113718625505
0.113265419063
0.112812708636
0.112414639492
0.111983470255
0.111545578253
0.111128731427
0.11080257549
0.110400378799
0.110005879186
0.109586082847
0.109186481373
0.108693673508
0.108337632714
0.107926312904
0.107545985126
0.107163726436
0.106739643116
0.106364567775
0.105957446371
0.105526976868
0.105109146871
0.104613566641
0.104228455869
0.103783832246
0.103402494725
0.102966799358
0.102563725784
0.102163380289
0.101781679615
0.101349137481
0.100990297749
0.100701838895
0.100306258679
0.0999171443638
0.0995558599902
0.0991714046656
0.0987896065601
0.0984439820647
0.0980277729712
0.0975909970014
0.097116630238
0.0967112094542
0.0963352838031
0.0959027239543
0.0954471260155
0.0950666122326
0.0947377193605
0.0942758415271
0.0938306156004
0.0933336093298
0.0929853807597
0.092563972374
0.0921608810857
0.0916781972263
0.091239871212
0.0908459384724
0.0904521385937
0.0900405619189
0.0895597824
0.0891340604619
0.088699959426
0.0883308716855
0.087841137338
0.0874299681034
0.0869334135601
0.0865254329885
0.0861819785555
0.0856836791049
0.0852709243962
0.0848351315975
0.0844599499678
0.0840455389259
0.0836949808602
0.0833331118984
0.0828918186561
0.0825967078968
0.0821806139494
0.0818349274522
0.0814131381985
0.0810294534674
0.0806222700616
0.0802218714221
0.079817982968
0.0793433770549
0.0789479562725
0.0786438286829
0.0783302148209
0.077949143022
0.0776413573274
0.0771786026117
0.0767537398411
0.0763646875273
0.0759953872093
0.0756038991113
0.0751937307626
0.0748049175986
0.0744445543943
0.0741050857899
0.0736603647349
0.0732762814209
0.0728852893372
0.0724748862675
0.0720413698199
0.0716738542673
0.0713074060312
0.070943132286
0.0705953244422
0.0701955502491
0.0697528265372
0.0692468122936
0.0687867723701
0.0684342081041
0.0680447350639
0.0676014267637
0.0672016880002
0.0666749651621
0.0663140085122
0.0659213999534
0.0655267099064
0.0651394379294
0.0647049958838
0.0643144820995
0.0639205537886
0.0635725245098
0.0632106599767
0.0628327458399
0.0624130690754
0.0620257528114
0.061673972425
0.0613858058651
0.0609665365409
0.0605480333815
0.0602364921504
0.0598032591395
0.0593698312659
0.0589728781538
0.0585626035164
0.0581816512924
0.0577709559286
0.0573790781051
0.0569852472255
0.0566093481466
0.0562385642145
0.0559439406121
0.0555468944973
0.0551186216289
0.054701345219
0.0543376162037
0.0540078995937
0.0537224079677
0.0533956010127
0.0530099809403
0.052606699218
0.0522759640072
0.0518633731604
0.051508404111
0.0511751622569
0.0507899451961
0.0504347768552
0.050105224107
0.0497563666617
0.0493867164764
0.0489816057016
0.0486314993632
0.048275219419
0.0479330670233
0.0475550643125
0.0472112112965
0.0468853963699
0.0465186824119
0.0461735450733
0.0458512465334
0.0454694085696
0.0451493022355
0.0448961799676
0.0445364190663
0.0442394172527
0.0438857723842
0.0435654136142
0.0432452142774
0.0429131991728
0.0425362327775
0.0423001388556
0.0419687791984
0.041604935037
0.0412609624462
0.0409013166911
0.040533119119
0.0402138763811
0.0398809356784
0.0394725343805
0.0391495892506
0.0388048593523
0.0384918920803
0.0381945979727
0.0378310239619
0.0374283755434
0.0370346708818
0.0366990397448
0.03637199364
0.0360278195434
0.0355963092962
0.0351980652185
0.0348617099893
0.0345547037456
0.0341652174193
0.0338899826593
0.0335508639222
0.0331927947837
0.0328801596642
0.0325440480133
0.0322298185622
0.031817396006
0.0315220438827
0.0312141474706
0.0309161602716
0.0305884321472
0.0302480003009
0.0298657194672
0.0295234762832
0.0292042534745
0.0289235492717
0.0285896674706
0.0282080908001
0.0278870012949
0.0275535623637
0.0272831969578
0.0269731459838
0.0265999594827
0.0262558828175
0.0259280616904
0.0255740669547
0.0252939982702
0.024982018598
0.0247317705554
0.0244003001807
0.0241002337077
0.0237512478301
0.0234385883527
0.0231164780325
0.0228296356534
0.0226126582091
0.022350552326
0.0220939025997
0.0217780588879
0.0214085061341
0.0211256141542
0.0208128328876
0.020598656595
0.02030921457
0.0200601334895
0.0197628349531
0.0195521706186
0.0192971196524
0.0190284836533
0.0187147989321
0.0184594523503
0.0181490393302
0.0178960709596
0.0175775777789
0.0173385133075
0.0170515878904
0.0167226440882
0.0164522930756
0.0162017660251
0.0158631986609
0.015622020593
0.0153708093085
0.0151170869519
0.014882761188
0.0146222839589
0.0143778729411
0.0141481696313
0.0139081629542
0.0136879769177
0.0134758035041
0.0132066449186
0.0129339920898
0.0127063149097
0.0124606251051
0.012237278085
0.0120008752614
0.0117738059201
0.0114956692554
0.0112910556303
0.0110296218022
0.0108511662854
0.0106267674493
0.0103817928796
0.0101997667245
0.0099874493782
0.00979448987344
0.00952882774545
0.00931923515596
0.00912986455782
0.00892128337237
0.00874794964541
0.00851831165893
0.00829348988216
0.008105666007
0.00794174049662
0.00770297606951
0.00746230398049
0.00728281048738
0.00703812046156
0.00678827044829
0.0065910544106
0.00641731379696
0.0062308877298
0.00601532359385
0.0058330151092
0.00563805936855
0.00543758657663
0.00525125295855
0.00508002286342
0.0048796552531
0.00474035884274
0.00460094175035
0.00444944233783
0.00427483203851
0.00413348652467
0.00399140335573
0.00381306021709
0.00363969825718
0.00349927751097
0.00330036749607
0.00311835130552
0.0029798354533
0.00283415839545
0.0026984472934
0.00258308772214
0.00245055172018
0.00233309432976
0.00222651645261
0.00210542988208
0.00201160347374
0.00188974575608
0.00176708090809
0.00163823193611
0.00150858040091
0.00138920289285
0.00126371557989
0.00116122027085
0.00108706019059
0.00099427037452
0.000912400345203
0.000846457161588
0.000770075535396
0.00066035577339
0.000587953056087
0.000511117661285
0.000435188004544
0.000367126588233
0.000303911206157
0.000250558259047
0.000204432204154
8.69049665759e-05
3.54145575301e-05
1.29344099618e-05