0.254887144133
0.292539670668
0.303772887078
0.311449839367
0.317550996547
0.322412755951
0.326522993045
0.330174176711
0.333331668115
0.336162040968
0.338672473954
0.341037590461
0.343090076104
0.345058497194
0.346910729446
0.348698656968
0.350222169405
0.351861905132
0.35318471505
0.354460382593
0.355781963516
0.357030835699
0.358236925334
0.359445650284
0.36054666056
0.361521350502
0.362501115336
0.363533805139
0.364538414614
0.365546950119
0.366537852829
0.367420328671
0.368338754672
0.369177528657
0.369963892325
0.370803789154
0.371566234942
0.372324961531
0.37317780953
0.37396998521
0.374795244148
0.375502267772
0.376242062343
0.37699290054
0.37779944178
0.378420991079
0.379189241698
0.379851210661
0.380398439291
0.381110782176
0.381784010659
0.382355428319
0.382971384766
0.383613828254
0.384244382577
0.384854869179
0.385461962918
0.386115312731
0.38670490379
0.387354391418
0.387990701257
0.388592332566
0.389195252019
0.38978427499
0.390349503472
0.391002459428
0.391588541165
0.392151398849
0.392717120015
0.393306363482
0.393872988568
0.394441749624
0.395026635628
0.395655811749
0.396265797812
0.396789123418
0.397389628146
0.397875025452
0.398441322252
0.398904066153
0.399460414205
0.399924843381
0.400510666548
0.401124048119
0.401688925529
0.402253333282
0.402850229634
0.403290887001
0.403783704878
0.404350633441
0.404953652249
0.405558202709
0.406104460953
0.406658315012
0.407297209623
0.407821086298
0.408274081214
0.408796730259
0.40933495592
0.409942038037
0.410606093467
0.411217567931
0.411846435507
0.412443368358
0.413076817843
0.413700000673
0.414171151036
0.414767139728
0.415298277489
0.415650923443
0.416160847378
0.416668078307
0.417213173061
0.417713478276
0.418155017207
0.418626042441
0.419196651843
0.419692532935
0.420211451893
0.420725586112
0.42121659598
0.421742436492
0.422209750329
0.422708542175
0.423244428388
0.423753361909
0.424177386946
0.424703685831
0.425173242495
0.425649802562
0.426006415063
0.426434095274
0.42689387648
0.427313790814
0.427771456818
0.428240582954
0.42879164921
0.429108230596
0.429559840855
0.429970672673
0.430376338023
0.430700934224
0.431174710919
0.431565511537
0.431975606934
0.432351249947
0.432802037349
0.433236350124
0.433689259983
0.434195947076
0.434532631051
0.434933658671
0.43537263771
0.435823421709
0.436273332851
0.436729575225
0.437130492965
0.437399993278
0.437800779182
0.438222237202
0.438644119342
0.439165224971
0.439547244009
0.439995085257
0.440400005024
0.4407543953
0.441216553386
0.441576808994
0.442010524502
0.442378333909
0.442728242682
0.44317444959
0.4436469125
0.444148165212
0.444274045564
0.444776190023
0.445220733668
0.445659460235
0.446080333003
0.446588730833
0.447056880375
0.447288160675
0.447519557463
0.44796254485
0.448340182348
0.448839262357
0.449329656444
0.449789785345
0.450199799536
0.450585349858
0.450957844897
0.451383914722
0.451763607646
0.452237654967
0.452687462905
0.453058778282
0.453566650208
0.453855274355
0.454260785785
0.454687169501
0.455098440139
0.455537126094
0.45591171906
0.456353531806
0.456676173421
0.457075877362
0.457521772245
0.457833330479
0.458118063232
0.458430039042
0.458764462004
0.459237835316
0.459528544718
0.459857061074
0.460191173622
0.460638820837
0.461171524996
0.461551924827
0.461953439354
0.462373834715
0.462737656059
0.463111383707
0.463613144003
0.464048545232
0.464176902632
0.464558708788
0.465062669562
0.465402781213
0.465864194119
0.46618205364
0.46658999941
0.467021790095
0.467338034666
0.467776208777
0.468137429463
0.468522480652
0.468861594159
0.469293516282
0.469699631738
0.470093428751
0.470480398103
0.470821093166
0.471223832754
0.471522063597
0.471934141381
0.472302605027
0.472740001875
0.473153906283
0.473454752368
0.473895406457
0.474226257118
0.474698967851
0.475148951944
0.475489190189
0.475969460604
0.476306123667
0.476748667852
0.477118252964
0.477387219511
0.477774108432
0.47816776449
0.478530246946
0.478950104096
0.479402177882
0.479788515754
0.480218891623
0.480546553359
0.480964759298
0.481252508253
0.481734878826
0.482204635683
0.482639783698
0.483192455257
0.483552576962
0.483871320449
0.484276869217
0.484657915776
0.485012006683
0.485426458382
0.485918124923
0.486252785681
0.48667713754
0.4871349402
0.487597453699
0.48809566923
0.48848827033
0.488973785662
0.489412043997
0.489848267148
0.490252057279
0.490766056755
0.491206682387
0.491523403149
0.491905516973
0.492436897609
0.492934930176
0.493260268501
0.493790227518
0.494162059767
0.49442462215
0.494736772777
0.495196764551
0.495675690214
0.496029628077
0.496413767052
0.496864179607
0.497268989657
0.497511223531
0.497849604771
0.498169717259
0.49861969031
0.498853955683
0.49915627689
0.499694708829
0.500061230488
0.500187245698
0.500490456705
0.500962462352
0.501056676161
0.501527781943
0.501906779621
0.502160862074
0.502588720047
0.502964308472
0.503339231749
0.503747361428
0.504190958574
0.504662016496
0.505076724496
0.505429491381
0.505819388429
0.50628031331
0.506669457804
0.507119782419
0.507379597988
0.507820838295
0.508035015343
0.508508999697
0.509037316874
0.509440521295
0.509864644167
0.510329681839
0.510625072415
0.511082430924
0.511546301029
0.512063531223
0.512282251705
0.512708912516
0.512927919266
0.513348256111
0.513553113566
0.513827918989
0.514304644123
0.514416040498
0.514938593009
0.5153661068
0.515696839468
0.516079423532
0.516471281185
0.516800638063
0.517177510047
0.517628574836
0.518109378383
0.518657335032
0.51906697521
0.519520151084
0.519859983707
0.520249260057
0.520747170284
0.521234565114
0.521656504759
0.522089679089
0.52250090437
0.522771764251
0.523018102064
0.523488259558
0.52396893407
0.524558992088
0.524945507017
0.525423933943
0.525925789703
0.526265910589
0.526763936874
0.527320198616
0.527801322089
0.528106811721
0.528600016258
0.529154356371
0.52958621138
0.530037535373
0.530600831886
0.531051736978
0.531600992418
0.532160399605
0.532689609643
0.533099680583
0.533498458053
0.533965025522
0.534589372608
0.53497151644
0.535382377048
0.535893208226
0.536318103849
0.536916057113
0.537402363827
0.537933002204
0.538485893765
0.539019286006
0.539442324832
0.540028454343
0.540400384813
0.540820803644
0.541268535994
0.541594993764
0.542198725376
0.542551039846
0.543068737497
0.543738193573
0.544171782768
0.544534315866
0.545112115546
0.545627203708
0.545774255081
0.546068577157
0.54644465686
0.546860256747
0.547358056276
0.547709237692
0.548256942986
0.548642079049
0.549148170386
0.549772579552
0.550271449079
0.550888569405
0.551458065986
0.551991559783
0.552461054041
0.552927572911
0.553544848808
0.554033305597
0.554629790064
0.555211824034
0.555854126896
0.556224691765
0.556827550996
0.557458410839
0.557738268093
0.558191325232
0.558626455491
0.559162239438
0.559670154183
0.560009872514
0.560024154966
0.560557822856
0.561065336545
0.561391379212
0.561877787578
0.56246835695
0.562814371561
0.563340867667
0.564005640456
0.564553228399
0.564849929763
0.56555663051
0.566089924522
0.566729334538
0.567258701217
0.567818692661
0.568312526843
0.568780137007
0.569196650507
0.569563055354
0.570213977671
0.570671325552
0.571319703869
0.57188469529
0.572384037826
0.57308321055
0.573726807361
0.574394791876
0.57501212478
0.575618549978
0.576315013918
0.576853919884
0.577554033432
0.578069321634
0.578487735381
0.578677904985
0.579089964313
0.579595339182
0.580081607451
0.580352555051
0.580947155146
0.581534669462
0.582165667246
0.582660810053
0.583057906631
0.583773108194
0.584409432215
0.584741719085
0.585219418433
0.585882777443
0.586475668561
0.587133446639
0.587584595562
0.58799755862
0.58868936569
0.589404828371
0.589962112004
0.590710693957
0.591066932713
0.591781899354
0.592392437988
0.593071428345
0.593653744453
0.593985104665
0.594406330412
0.595087996432
0.595661017103
0.596258113772
0.596544259576
0.597195319816
0.598115609528
0.598780876934
0.599441267008
0.600103479676
0.60078700818
0.601492801177
0.60213442332
0.602694310358
0.603165487667
0.603110210974
0.604028573515
0.604349145728
0.605016903844
0.605675231795
0.606175250437
0.606668540814
0.607116463552
0.607501114417
0.608020167973
0.608737955848
0.609543368765
0.610418282423
0.611252196601
0.611819094188
0.612076565297
0.612810005556
0.61357519259
0.614222759396
0.614959080278
0.61541153269
0.616382759245
0.617343008303
0.617993270446
0.6187989319
0.619546918067
0.620325824973
0.620884004618
0.621379659661
0.622133180522
0.622951164319
0.623780077649
0.624506606552
0.625140381021
0.625761438684
0.626483740881
0.627075920566
0.627793557454
0.628447516177
0.629256988341
0.630294788308
0.631012385693
0.631810608053
0.632450592288
0.633360263683
0.634246404807
0.635329295855
0.636064579894
0.636643605145
0.636998513762
0.637650293102
0.638448180199
0.639076804207
0.639730471571
0.640552615759
0.641456021335
0.641160689896
0.641695377173
0.64242411807
0.643441740737
0.644292169512
0.644724159157
0.645180156135
0.645877855896
0.646566338314
0.647031511949
0.647899752905
0.648466586452
0.649294246521
0.650174399975
0.651236309322
0.651994112677
0.652438378214
0.653003288451
0.654022710049
0.654704329419
0.65586096955
0.656668854296
0.657571803522
0.658545881617
0.659839884506
0.661152332656
0.662195457613
0.663277736386
0.664277525673
0.665199797079
0.666425822047
0.667631689696
0.668839000897
0.669739095625
0.67083558617
0.671581294959
0.672794715276
0.673836119396
0.674783605478
0.676009134093
0.676835085339
0.677579690207
0.67890581903
0.680364509726
0.681328925209
0.682032352482
0.682613395574
0.68330836254
0.684363519996
0.685134299697
0.686042095745
0.687329904661
0.688703412572
0.689417790361
0.690113517945
0.691124826014
0.691987325252
0.693168496737
0.694322729581
0.69541439017
0.695497936424
0.696677193371
0.697573280786
0.698709843173
0.699994071963
0.701459881043
0.702154930664
0.703029289072
0.703958024679
0.704886874368
0.705692292674
0.706127611914
0.707395514324
0.708455058851
0.709759297426
0.711097819809
0.710503503237
0.711810928841
0.712903849345
0.713956688628
0.715036861777
0.715611404074
0.716700192973
0.71797313936
0.719137570718
0.720082477519
0.721512220022
0.722489843043
0.723805659285
0.724150995549
0.725047894946
0.726143101538
0.72720647877
0.728727742226
0.730499628134
0.73098914624
0.732072797965
0.733464714933
0.734977114839
0.735970201566
0.737117925742
0.738279214918
0.739873118081
0.741341926516
0.742355160499
0.743951074416
0.745142876187
0.746256451654
0.747612762348
0.749168225712
0.750482020101
0.751980197917
0.753887194227
0.75451760958
0.755967789821
0.757131502023
0.759000347648
0.760720280012
0.762774334545
0.764322868676
0.765527175307
0.767510090838
0.768380125651
0.769448188952
0.7700223721
0.770745606857
0.771808474002
0.773302766801
0.774974247286
0.7759721878
0.777164088725
0.778173866219
0.779436078125
0.780173821327
0.781800436781
0.783582876041
0.784774633003
0.786975238828
0.788766737044
0.789093997868
0.790399770666
0.791609883469
0.792822185561
0.794195465865
0.795800516126
0.796680264228
0.798476572373
0.799537917897
0.801163083363
0.80280281958
0.80397166649
0.80568372253
0.807117289051
0.809186850541
0.811134366176
0.812993388216
0.815340805363
0.816145741549
0.817262996731
0.819136789749
0.820795389709
0.822722556468
0.824973286319
0.827853301529
0.829852023059
0.831095143293
0.833494278924
0.835514513522
0.835406627972
0.837681336303
0.839096021329
0.840304954726
0.842355397039
0.843568946396
0.845459221496
0.847508291517
0.849084858518
0.850617317304
0.852323713477
0.854053658223
0.856437415591
0.858082780136
0.860008390889
0.858164628015
0.860679488813
0.862776606929
0.863777546662
0.865667932884
0.867040055307
0.869450237747
0.87153336219
0.873628785811
0.876056616791
0.877800960682
0.879931574981
0.881796593343
0.884343301632
0.886134006482
0.887992705362
0.890531705388
0.892969702557
0.894311302779
0.896612107921
0.897335896954
0.898768751218
0.900200518075
0.903517225541
0.90507566406
0.908373459185
0.910396281628
0.912191648401
0.914106697715
0.915969028427
0.918409912609
0.920370338279
0.922457211429
0.925562894469
0.928068322012
0.931527576124
0.932863021775
0.934475528408
0.937032143221
0.938119293048
0.940508681265
0.942675177917
0.94551630601
0.949119546956
0.951048349021
0.952432804418
0.955445250527
0.957051986475
0.958442678564
0.961294492605
0.962982134894
0.965728008147
0.967981640245
0.969926753046
0.972565303573
0.975566591194
0.978897142829
0.980826253277
0.984140264985
0.986966754668
0.988713617958
0.992775386116
0.995052230408
0.998742916471
1.00063937582
1.00363194827
1.00782360678
1.00997741862
1.01352489676
1.01500267689
1.01642423781
1.0195851089
1.02443133527
1.02909006499
1.032568015
1.03571597803
1.04007638761
1.04368967487
1.04772114991
1.05146042201
1.05385170086
1.05751685407
1.06051889278
1.06292080446
1.06452767801
1.0677988089
1.07178619496
1.0759549668
1.08092999496
1.08639332896
1.08994588655
1.09215707654
1.09629054872
1.10127799889
1.107178457
1.1112471067
1.11638093694
1.11770432223
1.12143636281
1.12537412269
1.13056652951
1.13666285641
1.14207320181
1.14684030845
1.15146743818
1.15370546245
1.15847548629
1.16336666231
1.16924683152
1.17521841395
1.18099562009
1.18679113521
1.19052760279
1.19508180792
1.19874001735
1.20316692186
1.20961404083
1.21464590623
1.22105735673
1.22576003103
1.23285383797
1.23667957061
1.24492982735
1.25076513417
1.25551635694
1.26024972748
1.26676524884
1.27198760773
1.28091708384
1.2873746281
1.29713474478
1.30105394292
1.30830833956
1.31725893387
1.32470001097
1.33205911834
1.34146275337
1.34760765244
1.35565347923
1.36344062846
1.36608889923
1.37489279218
1.38279189531
1.38109027763
1.38448055319
1.39417585031
1.40039969326
1.41078309648
1.42143197624
1.42972827329
1.43751904476
1.44430884999
1.45090809929
1.45966532267
1.47090814062
1.48163352615
1.49646464294
1.50215264504
1.51319396955
1.52380862522
1.53203736027
1.54172351339
1.54990668447
1.56760292535
1.58101789076
1.58957824522
1.60159893979
1.61084284478
1.62507329983
1.64131602778
1.65595684764
1.66147809302
1.68081208612
1.69863052522
1.70817463239
1.72908114267
1.74367910957
1.75373516106
1.76132428518
1.77243198383
1.78963930143
1.80240319262
1.82579844977
1.84962392127
1.87077543128
1.8875032715
1.91168820214
1.92753005418
1.95063390868
1.97297082431
1.99910922909
2.00035168268
2.02444287447
2.05799869186
2.07395506701
2.0862488853
2.1267571198
2.16144560652
2.18472967778
2.21784689781
2.23890660063
2.25682761642
2.29633855484
2.31332008526
2.31715385811
2.34165301247
2.33528812474
2.35755050063
2.39257736463
2.43701360707
2.50019062189
2.51947513453
2.5874950482
2.62814067426
2.62678490973
2.65973044827
2.6663263854
2.65939553941
2.73037128548
2.83183337032
2.83390862795
2.80336169817
2.84081642991
2.76325439198
2.71837677202
2.54105568032
2.36465620255
2.50156992762
2.19095936933
1.77554532058