1.0
0.999377076988
0.999377076988
0.999377076988
0.999377076988
0.999377076988
0.999377076988
0.999377076988
0.999377076988
0.999377076988
0.999023923784
0.998997053431
0.998997053431
0.998997053431
0.998997053431
0.998997053431
0.998997053431
0.998997053431
0.998997053431
0.998997053431
0.998768548807
0.998768548807
0.998768548807
0.998628972254
0.998628972254
0.998067253933
0.998067253933
0.998067253933
0.998067253933
0.998067253933
0.998067253933
0.998067253933
0.998067253933
0.998067253933
0.998067253933
0.998067253933
0.998067253933
0.998067253933
0.998067253933
0.998067253933
0.998067253933
0.997863380465
0.997863380465
0.997863380465
0.997863380465
0.997670169836
0.997670169836
0.997343993613
0.996491393064
0.996491393064
0.996491393064
0.995923170412
0.995923170412
0.995923170412
0.995699890578
0.995699890578
0.995699890578
0.995699890578
0.995699890578
0.995699890578
0.995699890578
0.995699890578
0.995699890578
0.995410927661
0.995410927661
0.995410927661
0.99518743457
0.994804212162
0.99443186585
0.99443186585
0.99443186585
0.99443186585
0.99443186585
0.99443186585
0.99443186585
0.99443186585
0.99443186585
0.99443186585
0.99443186585
0.994235456368
0.994235456368
0.993753922592
0.993753922592
0.993753922592
0.993466025958
0.993466025958
0.993466025958
0.99266609983
0.992403580752
0.992403580752
0.992403580752
0.992403580752
0.992403580752
0.992403580752
0.992403580752
0.992226897521
0.991796651997
0.991796651997
0.991559936987
0.991559936987
0.991559936987
0.991539570966
0.991539570966
0.991539570966
0.991539570966
0.991531573837
0.991288674381
0.991288674381
0.991288674381
0.99053310566
0.990358874883
0.990358874883
0.990358874883
0.990358874883
0.990358874883
0.990358874883
0.990050079086
0.990050079086
0.990050079086
0.990050079086
0.990050079086
0.990050079086
0.990050079086
0.990050079086
0.990050079086
0.990050079086
0.989758557088
0.989758557088
0.989758557088
0.98950062303
0.989094582148
0.988904250485
0.988904250485
0.988904250485
0.988904250485
0.988707201233
0.988707201233
0.987836900373
0.987836900373
0.987592508119
0.987592508119
0.987257694997
0.987140403776
0.986880443779
0.986880443779
0.986549042765
0.986549042765
0.986549042765
0.986549042765
0.986549042765
0.986212843474
0.985951923821
0.985951923821
0.985951923821
0.985951923821
0.985951923821
0.985439467813
0.98482912695
0.98482912695
0.98482912695
0.98482912695
0.98482912695
0.984472988152
0.984472988152
0.984287241509
0.984287241509
0.984287241509
0.98362849136
0.98362849136
0.983180438895
0.982820461475
0.982820461475
0.982820461475
0.982820461475
0.981756310214
0.981756310214
0.981712592577
0.981712592577
0.981712592577
0.981712592577
0.981712592577
0.981152580311
0.980390294002
0.980390294002
0.980370354495
0.980370354495
0.980370354495
0.980370354495
0.980143875809
0.980143875809
0.980143875809
0.980143875809
0.980143875809
0.980143875809
0.979856618946
0.979529483068
0.979529483068
0.97915681687
0.97915681687
0.97915681687
0.978857510999
0.978857510999
0.978857510999
0.978857510999
0.978583476055
0.978583476055
0.978583476055
0.97831349299
0.97801877214
0.977333151639
0.977333151639
0.977333151639
0.977039816957
0.976663312138
0.976663312138
0.976663312138
0.976663312138
0.976663312138
0.976620874041
0.976620874041
0.976620874041
0.976443870926
0.976443870926
0.976443870926
0.975314996237
0.975314996237
0.975314996237
0.975003108217
0.975003108217
0.974472098871
0.974257029423
0.974257029423
0.974257029423
0.974257029423
0.974257029423
0.974257029423
0.974257029423
0.974257029423
0.974257029423
0.974257029423
0.974257029423
0.973936824389
0.973936824389
0.973638691431
0.973379264576
0.973036880838
0.973036880838
0.973036880838
0.972603969604
0.972441254692
0.972145041044
0.972145041044
0.972145041044
0.972145041044
0.972145041044
0.97183677839
0.97183677839
0.9716369568
0.970819010476
0.970819010476
0.970819010476
0.970490914942
0.970490914942
0.970490914942
0.970490914942
0.970459459569
0.96987321672
0.969571031883
0.969286760615
0.969286760615
0.969286760615
0.969286760615
0.969286760615
0.969286760615
0.968983936008
0.968983936008
0.968369543266
0.968369543266
0.968014897265
0.968014897265
0.967827337939
0.967827337939
0.967827337939
0.967827337939
0.967827337939
0.967807611688
0.967807611688
0.967807611688
0.967807611688
0.967807611688
0.967807611688
0.967807611688
0.967467147262
0.967194925001
0.967194925001
0.967194925001
0.966949466464
0.966949466464
0.966801466268
0.966024571871
0.965693064229
0.965693064229
0.965263138589
0.964682120531
0.964682120531
0.964519512248
0.964328860699
0.964023903524
0.963734407465
0.963463571373
0.963463571373
0.962719945031
0.962404964788
0.962404964788
0.96209360991
0.961004081095
0.960482135161
0.960482135161
0.959268810793
0.959268810793
0.959268810793
0.958664654376
0.958664654376
0.958420688636
0.958420688636
0.958173204159
0.958173204159
0.958173204159
0.958173204159
0.957641661671
0.957333932158
0.957333932158
0.957049447633
0.956798870933
0.956146625116
0.956146625116
0.955221410638
0.955221410638
0.955221410638
0.955221410638
0.955221410638
0.955221410638
0.954861006704
0.954861006704
0.954861006704
0.954861006704
0.954107357294
0.954107357294
0.953163696107
0.952873666905
0.952047510195
0.951493042605
0.951034114045
0.949742844329
0.949742844329
0.949307480642
0.948894508916
0.948894508916
0.948894508916
0.948197585805
0.94762296545
0.947381238907
0.947343492459
0.947343492459
0.946901197927
0.946901197927
0.946604877651
0.946339692863
0.946339692863
0.946339692863
0.945989951768
0.945989951768
0.945989951768
0.945259867231
0.944839644774
0.944839644774
0.944755941493
0.944755941493
0.944199981105
0.944199981105
0.944199981105
0.943909312134
0.943909312134
0.943886173775
0.943409971417
0.942341128508
0.942341128508
0.942341128508
0.942107825606
0.941901393057
0.941901393057
0.941668623297
0.941617974816
0.941617974816
0.941617974816
0.941155207634
0.940763668213
0.940509039634
0.940509039634
0.940509039634
0.940296316011
0.940296316011
0.939998502938
0.939998502938
0.939792496902
0.939792496902
0.939792496902
0.939559833771
0.939017628444
0.939017628444
0.938668207234
0.938300232684
0.938300232684
0.937671658368
0.937671658368
0.937049375126
0.937049375126
0.937049375126
0.936761265235
0.936291887094
0.936088226883
0.93590642549
0.934455746342
0.933675119952
0.933076828096
0.932548697716
0.932300786726
0.931364802781
0.931364802781
0.930750729925
0.930021285158
0.930017659793
0.929798431838
0.929798431838
0.929798431838
0.929785209918
0.929535912759
0.929312632926
0.929118356012
0.929118356012
0.928852211569
0.928852211569
0.928852211569
0.928293372214
0.928080541962
0.928074357516
0.926997517478
0.926434519617
0.926171467396
0.925929101082
0.925929101082
0.925114353609
0.923037126084
0.922851805954
0.9222929666
0.921610651578
0.920865212554
0.920719558183
0.920087998272
0.919579167629
0.919579167629
0.919388942594
0.918649368131
0.918380877863
0.917939436358
0.91767158586
0.917449372311
0.917167020353
0.916816639487
0.916389486186
0.916112039133
0.91521689386
0.91521689386
0.914650164005
0.914650164005
0.914400227076
0.914166497661
0.914166497661
0.913850557762
0.913650842801
0.913423724346
0.913423724346
0.913071424169
0.912813490111
0.912813490111
0.912171267361
0.91142039029
0.910233616389
0.909337191575
0.909037992333
0.908398861806
0.907722731231
0.907384186115
0.90711153734
0.906775338049
0.906410242467
0.90611594813
0.90611594813
0.905813123523
0.904945488372
0.90441021389
0.904134686149
0.903759674127
0.903759674127
0.902877430887
0.902279778802
0.902013314473
0.902013314473
0.901683939398
0.901683939398
0.900879321622
0.900664145545
0.899697026113
0.899457432137
0.899284907414
0.898317254839
0.897237962349
0.897237962349
0.896727638909
0.896416923801
0.894998233168
0.894998233168
0.894699353811
0.894005309667
0.893749028349
0.893689369769
0.893371297303
0.892793211525
0.892236984566
0.891139351994
0.890447013904
0.888526103588
0.88827211478
0.887404639572
0.886962878182
0.886616549194
0.885578948401
0.884796242757
0.884005806555
0.882917024138
0.881857244642
0.881608747195
0.881494868083
0.881494868083
0.881239599734
0.880568374064
0.879446163649
0.879446163649
0.879446163649
0.879161785752
0.878871436666
0.878105844877
0.878105844877
0.878065539349
0.877176152008
0.877176152008
0.876093180838
0.875849908182
0.875236475096
0.874272021373
0.873785689319
0.873785689319
0.873785689319
0.873785689319
0.872781409896
0.872129963791
0.871031851391
0.87053640261
0.86993144648
0.869527751423
0.868959795342
0.868959795342
0.868152618484
0.86771805451
0.866851272386
0.866851272386
0.866546901667
0.866546901667
0.865951702034
0.864967628689
0.863705895035
0.862769537892
0.86265885763
0.86193725005
0.861027390059
0.860467431107
0.860218080634
0.856917665615
0.856049230751
0.855768904732
0.855768904732
0.855201215222
0.853884567951
0.852911797215
0.852307374227
0.851151096044
0.849518135675
0.848940742982
0.848169926403
0.847899996652
0.847899996652
0.847391166009
0.846094298303
0.844756431984
0.843526260331
0.843526260331
0.842949240838
0.842699677108
0.841771477036
0.841385375661
0.840767144298
0.840767144298
0.840767144298
0.840767144298
0.840649533192
0.840034873879
0.839815059468
0.839456095017
0.839179767563
0.839179767563
0.838949610199
0.838283982519
0.837406057729
0.837406057729
0.837406057729
0.836839594445
0.836839594445
0.836134141065
0.834662349497
0.83405781988
0.83405781988
0.833305716582
0.831987736456
0.831168990419
0.829711113855
0.829335568691
0.828300526979
0.827969499164
0.827719988749
0.827712471448
0.826662661705
0.825021597579
0.824118188606
0.823247727802
0.822872289267
0.82236735056
0.82185436141
0.819641769153
0.819418222748
0.818577831149
0.818094538004
0.818088086987
0.817784942494
0.816712154335
0.815625717742
0.814885450195
0.814118472237
0.812739447362
0.810878995339
0.81065704836
0.809767234505
0.809511166444
0.808714332539
0.804409638097
0.8039069919
0.80339666846
0.802359974008
0.801621945657
0.799770343789
0.799190978471
0.798603136197
0.798339230949
0.798136263823
0.798136263823
0.797180980141
0.797171436901
0.794849657179
0.793738856001
0.793335054315
0.792280073096
0.792027523771
0.791984445905
0.789731814689
0.788978911678
0.788402905154
0.787871575923
0.786837600495
0.786543626043
0.785159909519
0.784802811065
0.783725171314
0.782920980051
0.782700046042
0.781771686027
0.779987899811
0.779061352479
0.778902102989
0.778226718812
0.777756594272
0.777499566556
0.775092857327
0.774262382168
0.773397945868
0.772880051813
0.772722934891
0.772453751538
0.771927487155
0.771268630378
0.770753188775
0.768769740912
0.766954179438
0.764697709601
0.762368732464
0.761268327553
0.760889636851
0.760108530633
0.759338780338
0.757819219254
0.756579291105
0.755105207026
0.75296245636
0.752279501568
0.751930506871
0.750405454426
0.750095379088
0.749728897337
0.747460751692
0.746924730811
0.745551303927
0.744864510513
0.742973456144
0.74184820682
0.739711160772
0.739426996131
0.737561425946
0.736519933217
0.735687858631
0.734261010927
0.734000251216
0.732174346789
0.732061267389
0.731631874892
0.730820912726
0.730610534927
0.72831184025
0.726559082894
0.726134808558
0.725477231322
0.724729233216
0.724067070959
0.723792929387
0.722429738827
0.720864967309
0.720864967309
0.719613203409
0.715188338779
0.713418467567
0.711935106819
0.709746879147
0.708912085538
0.706740278637
0.705149169909
0.704262714848
0.702534215449
0.701211596988
0.699995180397
0.698612583471
0.697787652988
0.696101964884
0.695234116476
0.689072861946
0.688343630436
0.68692350032
0.684965376698
0.6829938179
0.680181600931
0.679358003302
0.677838868733
0.676640952166
0.675567470922
0.673637390565
0.672235014074
0.67060935775
0.670030578888
0.669195731964
0.6672130305
0.665823289473
0.664370691014
0.661924475969
0.661262100455
0.65882617505
0.656895028409
0.654217163203
0.653979808423
0.652093872216
0.651618309629
0.650017124518
0.648338740459
0.646140543033
0.644216647122
0.643386491847
0.641612835328
0.639711438005
0.638697348771
0.637534193057
0.637534193057
0.634821673626
0.631980666995
0.630812713004
0.627908795626
0.626144682347
0.624339037312
0.623681460075
0.623155408949
0.621263501552
0.619565977698
0.618452457496
0.616379974934
0.613223401603
0.612334174205
0.609954175386
0.608690788992
0.606139758248
0.605174558127
0.603671151243
0.602097689512
0.601156534091
0.598251870315
0.596835098993
0.595503363806
0.592652707305
0.591357065826
0.589188244519
0.588288300968
0.585745960437
0.584663469095
0.583885295157
0.580129576943
0.578024252839
0.574454334582
0.570928827047
0.569012555066
0.567490754786
0.566194953364
0.564538854636
0.562946679624
0.561242971324
0.560546847926
0.559181311542
0.557126102777
0.554372957933
0.552486755155
0.5502328444
0.545648570337
0.542217428921
0.540191862847
0.538988668175
0.537382151646
0.536262926825
0.534782818244
0.532084853588
0.528462420852
0.527301557649
0.525906858402
0.524390016342
0.52219619068
0.520669272238
0.516792690752
0.514303664412
0.510728094851
0.508727959647
0.507732370436
0.505521804118
0.504113936266
0.501876233024
0.498776279365
0.496125764339
0.49412163057
0.491841489232
0.490270479954
0.488238462862
0.486858638275
0.485236980515
0.483245908722
0.480600885058
0.477208183174
0.47409570068
0.471688404995
0.46956068893
0.468266860133
0.46696748666
0.464086387757
0.463232081154
0.462532812219
0.459939503321
0.456933542581
0.454008192898
0.45147491578
0.450040977288
0.448193427299
0.446811123601
0.443391258136
0.440869656825
0.438222287337
0.435958513455
0.434037069997
0.430913071637
0.42821814589
0.426306565557
0.424036927115
0.419119652613
0.417034427959
0.414728909066
0.40721939195
0.402309261549
0.40141150388
0.398696478683
0.396468905138
0.394088266549
0.391631921808
0.388225998004
0.38485899356
0.380876183548
0.37814886943
0.374866208037
0.373498592399
0.372067772787
0.368835839847
0.366471728657
0.363023766614
0.360489209954
0.357428735453
0.354238787439
0.352416828262
0.350504128331
0.347101963178
0.344272365783
0.341469292199
0.338349772231
0.335950820218
0.33414189636
0.329629809713
0.327103836638
0.323579208788
0.319384474865
0.316174747285
0.310171436048
0.30472093966
0.299360570914
0.294410668127
0.289796591432
0.285101317223
0.282704684377
0.279767552258
0.276385939726
0.272227859309
0.268246808666
0.264965773355
0.263318418155
0.26051177252
0.256981520022
0.249121781982
0.246404091075
0.243267164024
0.236101576757
0.229954557116
0.225491866067
0.220250881124
0.215254341748
0.211156133169
0.205213120281
0.19991622208
0.196536795429
0.190322306679
0.182791410572
0.176977644613
0.168839819751
0.162237776815
0.156788213427
0.151399188302
0.147288210974
0.138737707613
0.133893020383
0.127857534031
0.12059303561
0.11419057435
0.106584032069
0.0995731425922
0.096472509177
0.0907769674376
0.0828197777203
0.0728225871117
0.0659853286276
0.0555235514907
0.0472979947946
0.0370424002966
0.0288402651912
0.0202019100396
0.0113162628423
0.00585363872622