0.254887135176
0.28505734892
0.297308514151
0.305499806165
0.311772420909
0.317076512732
0.321311816515
0.324989125162
0.328130940906
0.330985016909
0.333650659385
0.336042454555
0.338180535454
0.340232983935
0.342237607605
0.343933291621
0.34553082269
0.347081046236
0.348664282531
0.350064476749
0.351473398041
0.352826192439
0.354017598298
0.355268958556
0.356479486609
0.357588774897
0.358569906265
0.359583490977
0.360589590219
0.361681987681
0.362685156722
0.363683753861
0.36459176388
0.365530311947
0.366422072585
0.367308128409
0.368185507372
0.368998268237
0.369851428867
0.370664782974
0.371480471019
0.372184282202
0.372923116026
0.373643131373
0.37433601573
0.374993456594
0.375725718221
0.376436782545
0.377178312149
0.377978254897
0.378655892187
0.379296743869
0.379945167854
0.380622155724
0.381292247314
0.38192752772
0.382547900285
0.383111958722
0.383779341316
0.384199559409
0.384666267078
0.385226515281
0.385805098641
0.386384747289
0.387032043396
0.38753644441
0.388113889781
0.388679591589
0.389235143116
0.389798865804
0.390303329548
0.390853551976
0.391412751545
0.391883254556
0.392387969948
0.39285727411
0.393389525997
0.393907023052
0.394555039434
0.395034976665
0.395518910605
0.395996464883
0.396496074145
0.397034251514
0.3975595534
0.398001340959
0.398544775939
0.399092571238
0.39955635194
0.399863117435
0.400335958704
0.400819572658
0.401121470004
0.401587692657
0.402103236642
0.402597942469
0.403047726251
0.403544044613
0.403979359883
0.404423818219
0.40490377145
0.405410039724
0.405813888173
0.406261776984
0.406694302754
0.407192210072
0.407647194144
0.408090355355
0.408599795189
0.409086696509
0.409483340557
0.409931762296
0.410386472715
0.410795720672
0.411141998838
0.41154569414
0.412062627678
0.41252354844
0.41290767226
0.413324378802
0.413768936636
0.414088733338
0.414515875246
0.414957689289
0.415410478788
0.415836735143
0.416113530794
0.416545395674
0.416928349597
0.417392791617
0.417756516779
0.418136489046
0.418543497543
0.41901811038
0.419415566036
0.419856284069
0.42025719695
0.420635454446
0.421034815706
0.421476840738
0.42184343873
0.422258486983
0.422610095758
0.423069914976
0.423447845587
0.423845961343
0.424227895442
0.424621115083
0.425057171691
0.425466120683
0.425873906542
0.426269823504
0.426642262986
0.427033033977
0.42737680198
0.427809711767
0.428118386931
0.428485968757
0.428831502054
0.429252113507
0.429656426057
0.429982202189
0.430303476642
0.43066005257
0.431043067749
0.431396536673
0.43178688613
0.432116620643
0.432462943933
0.432916217386
0.433399817361
0.433759526687
0.434125584869
0.434433262441
0.434824452984
0.435269757696
0.435624614163
0.435999823209
0.436382646837
0.436736566208
0.437133766525
0.437469343945
0.437827587656
0.438195976368
0.438539117195
0.438874921721
0.439263708934
0.439667310548
0.440153354127
0.440547775875
0.440948418099
0.44134235153
0.441758050491
0.442134568121
0.44238878046
0.442778974656
0.44317760201
0.443502188008
0.44388483044
0.444208386894
0.444455199986
0.444862689105
0.445207022928
0.445648152662
0.446062947959
0.446437978781
0.446749665833
0.447109438725
0.447525505675
0.447883736912
0.448248450557
0.448581074364
0.448944532161
0.449327599715
0.449684777602
0.450054290605
0.450394040412
0.450837086231
0.45114859862
0.451324899138
0.451673371523
0.45206806523
0.452367273542
0.452729733987
0.453124849214
0.453575207976
0.453953848343
0.45432460093
0.454758095435
0.455083900824
0.455499977929
0.4558414654
0.456219346616
0.456551055656
0.457029693069
0.457384554422
0.457718786657
0.458050867839
0.458454041197
0.458773348914
0.459213356009
0.459518013285
0.459934766206
0.46031481283
0.460620669186
0.460936379219
0.461259682108
0.461592312644
0.461975338954
0.462391628261
0.462725101226
0.463120532344
0.463439487857
0.463782335452
0.464068432283
0.464296597937
0.464554104003
0.464693067183
0.464987486677
0.465415050581
0.465779014232
0.466275017029
0.466597027635
0.466934590968
0.467069811514
0.467491569176
0.467862165356
0.468379132235
0.468770371938
0.469013782576
0.469406433201
0.469800666607
0.470128548773
0.47036516147
0.47077141598
0.471080424837
0.471506628839
0.471856301507
0.472192359846
0.472554548957
0.472780618343
0.473118166655
0.473392142748
0.473758131288
0.474096267083
0.474477294041
0.47484381724
0.475228736516
0.475568224578
0.475800555058
0.47619767062
0.476328662124
0.476665698031
0.476988467952
0.47735809986
0.477797985942
0.478159933108
0.478524652675
0.478827658913
0.479232835513
0.4796282266
0.479843066632
0.48022780199
0.480556597041
0.480842292251
0.481243573255
0.481630215987
0.48206234787
0.482334169389
0.482735166605
0.48320400308
0.483516939841
0.48389047378
0.48430396724
0.484681418257
0.485042118907
0.485417022326
0.485774633365
0.486195103794
0.486531298055
0.486749241877
0.487139525229
0.487636125915
0.488075149136
0.488461017143
0.488824763948
0.489238784529
0.489397443527
0.489717780212
0.490097425746
0.490436405981
0.490855085469
0.490850594698
0.491202203304
0.491658713041
0.492076074106
0.492399104965
0.492889471023
0.493387047261
0.493747463608
0.494144094372
0.494476486397
0.49465016295
0.494778809172
0.495104859959
0.495460924611
0.495863095435
0.496275546701
0.496713863335
0.497131140142
0.497555113416
0.497805270866
0.498255532174
0.498659765398
0.499041588348
0.499513479308
0.499908323637
0.500376512295
0.50066762517
0.501000030597
0.501411304137
0.501614763936
0.501942749685
0.502329294551
0.502623768427
0.502847374018
0.503199874498
0.503568733404
0.503978295393
0.50442380093
0.504787852212
0.505197067808
0.505596434932
0.50586656954
0.506279278483
0.506546873987
0.506971078764
0.507227395821
0.507604007045
0.508117529046
0.508422939472
0.508718668203
0.508964706166
0.509468015979
0.509827489803
0.510254627904
0.510456098504
0.510903947796
0.511257558109
0.511593415943
0.511949357351
0.512398333719
0.512685359586
0.513100151986
0.513399346849
0.513827297407
0.514178850711
0.514629742562
0.515112862337
0.515603606766
0.515885124796
0.516346769668
0.51667537757
0.517174209424
0.517784142855
0.518138805239
0.518696248759
0.519044745233
0.519358051126
0.519792160673
0.520325762388
0.520763327821
0.521164273017
0.5214057513
0.521794011432
0.522090434627
0.522620821314
0.523081751419
0.523499229992
0.523943506388
0.524240458525
0.524470898332
0.52504166411
0.525568139039
0.52591867195
0.526286007954
0.526808918568
0.527323567762
0.527607318616
0.527976507471
0.528477503846
0.528995704477
0.529191301214
0.529622956069
0.530185811845
0.530691621627
0.530977433339
0.531581855086
0.532044961276
0.532368972182
0.53288756283
0.53326524316
0.533732223976
0.534092208779
0.534711800898
0.534989092595
0.53543508817
0.535908947192
0.536288705413
0.536682889785
0.537158340686
0.537641268887
0.538127149735
0.538689855937
0.539134317417
0.539647185488
0.5400465719
0.540449628234
0.540995127476
0.541529498398
0.542090726966
0.542490568457
0.542783334324
0.543426116008
0.544019304787
0.544305710816
0.54477969541
0.545216041798
0.545754594901
0.54633816405
0.546869037929
0.547361154112
0.547623650194
0.548100400919
0.548628954213
0.549147012536
0.549442852561
0.55004523469
0.550571624026
0.551161062527
0.551725056144
0.552423026158
0.552814120908
0.55323314826
0.553716600722
0.55423264187
0.554805773235
0.555299122592
0.55581489061
0.556506449478
0.556918097222
0.557517774185
0.557987711133
0.558567626782
0.559060226002
0.559754091743
0.560333108452
0.560822764067
0.561494776131
0.562047373397
0.562693190125
0.563248340882
0.563514625114
0.5638405595
0.564402534529
0.565647727341
0.56616407686
0.566810987021
0.567443574098
0.56795934337
0.568568300354
0.569018334791
0.569746747479
0.570455510105
0.571063908689
0.571647215664
0.572010122101
0.572639334498
0.573219955778
0.573658069079
0.57426974128
0.574711789068
0.575041589583
0.575873065532
0.576558532338
0.577202648508
0.577705763279
0.578142667557
0.578680836338
0.57947049533
0.579830944961
0.580420365905
0.581180511655
0.581771740448
0.582439037269
0.583169695749
0.583755725234
0.58411326439
0.584752127245
0.585568319534
0.586239743615
0.586771061435
0.587145263699
0.587970684555
0.588710721139
0.589465165837
0.590213781674
0.590660077705
0.591471905815
0.592035003483
0.593082435948
0.593671210864
0.594452930912
0.594999453184
0.595645937847
0.5963387456
0.596959490233
0.597464700848
0.598329215228
0.598844903214
0.599539773177
0.600295400956
0.601343300099
0.601910390944
0.60261845031
0.603349357409
0.604059432827
0.604731519284
0.605340138958
0.605861712505
0.606757829139
0.607598576821
0.608224489197
0.609008658611
0.609515705228
0.61054428772
0.611599277364
0.612456414928
0.613080489621
0.613790476657
0.61435358812
0.615336150049
0.615775629953
0.616624880682
0.61700543816
0.61794520126
0.618692898626
0.619293008648
0.620347751478
0.62116004076
0.621851792026
0.622535383515
0.623427493352
0.624256054774
0.625130053916
0.626052405413
0.626593613526
0.626690858424
0.62751533836
0.628471034811
0.629196904629
0.629745570812
0.630290702368
0.631323641807
0.632010175889
0.632704420224
0.633414080173
0.634374931706
0.634993707947
0.635795586814
0.63661213446
0.637745637334
0.638567267305
0.639401208439
0.640276860212
0.64135036492
0.642555081036
0.643425085911
0.644277301329
0.645319466358
0.646306762752
0.646962053995
0.647730183307
0.648031539165
0.648276263557
0.649365978047
0.650639233406
0.651730138305
0.652788813204
0.653698167207
0.65432027111
0.655278570478
0.65630378252
0.657007136762
0.658012913327
0.659155414257
0.660197735485
0.661033049124
0.661855099488
0.663023644272
0.663458367852
0.664677279912
0.665330385379
0.666185783605
0.667401242514
0.667831719614
0.668306814094
0.668945853657
0.669858299546
0.671257864189
0.672426823843
0.673119375258
0.674290699923
0.67524402535
0.676464967325
0.677760222903
0.678845827198
0.680003109251
0.680886044497
0.681885756644
0.682844211435
0.683889503013
0.684996448589
0.685743526437
0.686634352442
0.687774391653
0.689008467386
0.690158489964
0.691668779877
0.692799480186
0.693757132682
0.694873311254
0.695269668122
0.695371247306
0.696590826815
0.697688902737
0.69865640699
0.699995536893
0.700850647904
0.701634605356
0.702263012947
0.703724702561
0.704559258776
0.705926375659
0.707422682187
0.708725233379
0.709658230505
0.710417653706
0.711600613353
0.712769522426
0.713906231232
0.715191587011
0.715910269453
0.716826644598
0.717900803239
0.718546363754
0.719893595111
0.721267936944
0.722056451861
0.723090070765
0.724255597113
0.725552433105
0.726897507307
0.727969519229
0.729168074434
0.730373945778
0.731429923064
0.732469561401
0.733822699357
0.734976658573
0.735865014163
0.737084091795
0.738276780197
0.73939855593
0.741176169291
0.742931886129
0.744491549826
0.745695327056
0.74714644848
0.748588927489
0.749909972527
0.750811659799
0.751890355821
0.75286279351
0.754286224851
0.755881702763
0.757125123334
0.757843248895
0.759772426764
0.760282366497
0.761565837267
0.762713315408
0.764579041111
0.76631369708
0.767808158748
0.768974046764
0.770685090771
0.772317322071
0.774108215269
0.775470292885
0.776975883811
0.777764568047
0.779102763008
0.780405251153
0.782332204304
0.783941038712
0.785360049045
0.787363539941
0.78966608641
0.791026812461
0.792287491506
0.79339070913
0.794014053159
0.795814052797
0.797598459535
0.799177880201
0.800794840994
0.801790737023
0.803170669653
0.805040201604
0.806680943104
0.808135808889
0.8103387766
0.812451473116
0.813397349338
0.81490168238
0.816826996709
0.818458386305
0.820391688784
0.821980462364
0.823552722313
0.825271566206
0.826507282141
0.827924652912
0.82690926036
0.828335879823
0.830117741379
0.831543382479
0.833862519921
0.83547959838
0.837810862417
0.840545847182
0.843230011569
0.845130137129
0.847130296703
0.84900590066
0.851207899931
0.852625323447
0.854708493985
0.856246240311
0.858631997092
0.86112202949
0.862986767292
0.864345233168
0.866754267004
0.868753620708
0.870706781659
0.873547222255
0.876163769022
0.878369728745
0.881022047638
0.883719638194
0.88570260354
0.887951606518
0.888015041507
0.890708383167
0.892833397555
0.894302976151
0.896708924401
0.899213141716
0.901673661807
0.903453400971
0.905165924473
0.907395307383
0.908586843943
0.910978964384
0.914080272962
0.916969358018
0.920204818321
0.922858636439
0.925689468053
0.928332310025
0.930815074882
0.933995650634
0.9370163706
0.93967729324
0.940849491089
0.942584997605
0.945313711372
0.949108970519
0.951129844147
0.953814398021
0.955825959084
0.958871173705
0.961613006962
0.964099199623
0.965799341276
0.969003934607
0.971820730766
0.973983096067
0.977433821925
0.978817779796
0.982368574873
0.984880940309
0.9858222446
0.987814240572
0.991312645556
0.995435377264
0.998645398486
1.00069319636
1.00412570978
1.0073358463
1.01181355757
1.01619928339
1.01967475545
1.0227353905
1.02602627362
1.02970787888
1.03287861355
1.03719841896
1.04117171364
1.04388590801
1.04717103608
1.05150437204
1.05441773392
1.05805440789
1.06190451735
1.06483560206
1.0692265542
1.07097801484
1.07520477057
1.07964807593
1.08459154829
1.08767412442
1.09054196478
1.09494170104
1.09945778354
1.10396981991
1.10291226672
1.10729002993
1.10910876113
1.11262011746
1.11881654487
1.12492135627
1.12939413285
1.13602910938
1.14157189084
1.14846831322
1.1528500533
1.16029116159
1.1673348497
1.17329512101
1.17572919143
1.18268913845
1.18607730336
1.19033901681
1.19647092456
1.20181661049
1.20879530036
1.21481332766
1.22125484514
1.22866524163
1.23333112055
1.24255644745
1.2473876862
1.25501974634
1.26101672248
1.26909366795
1.27446796785
1.28438119941
1.2919038676
1.30000131916
1.30483804954
1.31752417936
1.32473641297
1.33413449706
1.34419260727
1.35340279566
1.36543960396
1.376273913
1.38491471814
1.39900342296
1.4062498875
1.41413805139
1.42377849044
1.43241451424
1.4450323024
1.45339536659
1.46134318011
1.47419683372
1.48587952343
1.49721690564
1.50964352329
1.52166788235
1.5286509617
1.53429919731
1.54622452992
1.55669244894
1.56734975709
1.57614367997
1.58970739593
1.60071711839
1.61300532579
1.62406618763
1.64301694092
1.65626567322
1.66207439635
1.68329158914
1.70686239921
1.71991850208
1.73696481317
1.75585869242
1.77170385562
1.79103530848
1.80928561225
1.83228520818
1.85310815184
1.87296985725
1.88877802292
1.9113334256
1.93632209059
1.96379689751
1.98843466211
2.01147941679
2.04345009196
2.06642373889
2.10972112644
2.11210410164
2.133420778
2.15615167975
2.20860281653
2.22678195804
2.24031781093
2.2524486371
2.26430891582
2.29714573103
2.3329483671
2.37404491256
2.39405447842
2.43785881112
2.4676352497
2.49881657656
2.54470393807
2.56404974664
2.57015716857
2.61791160189
2.63621141252
2.66323013297
2.72841130057
2.74521082634
2.77506238397
2.7575429542
2.81135409777
2.78203449805
3.11375711475
2.94987933773
2.73417795918
2.61450834428
2.12451366744
1.39570588123