0.254887126113
0.292880515397
0.304939262448
0.312380547215
0.317838612722
0.322084661371
0.325590095896
0.328630702737
0.331322569408
0.333742949308
0.335832551002
0.337910700585
0.339765301212
0.341520846207
0.343044873146
0.344523731945
0.345963509158
0.347322611401
0.34863770274
0.349905919858
0.351100646209
0.352226801195
0.353293165092
0.354308407656
0.355284328366
0.356189596494
0.356921282901
0.357892461149
0.358704845841
0.359487600288
0.360273710995
0.361035073529
0.361762353919
0.362453877951
0.363162062272
0.363838209958
0.36448105006
0.365136309639
0.365741889997
0.366420736069
0.36704646651
0.367659618508
0.368158279239
0.368716327674
0.369312237267
0.369792713147
0.370313623656
0.370853797949
0.371369637788
0.371861950684
0.372316861328
0.372780369843
0.37323274898
0.373717018087
0.374123979924
0.374622997604
0.375078674567
0.375535960391
0.375963080236
0.376363613183
0.376863278706
0.381252960244
0.382611902837
0.383878123274
0.385226178645
0.386299983689
0.38731047665
0.388270257221
0.389140388381
0.389988447553
0.390677907045
0.391269721835
0.391944528387
0.392560460831
0.393165917339
0.39376815874
0.394327975626
0.394883628372
0.395508252548
0.396030730454
0.396562971675
0.397131045434
0.397605288193
0.398138306897
0.398684260102
0.399214609601
0.399743281946
0.40030320869
0.400826038983
0.401283674693
0.401542967932
0.402033137121
0.402533484363
0.403018128505
0.403455000645
0.403985363941
0.404344480667
0.404829020396
0.405250389153
0.405792564109
0.406214328081
0.406694754098
0.407216185009
0.40770308922
0.408096204104
0.408528878465
0.408958723538
0.409462680985
0.409989303353
0.410487847142
0.410861819948
0.411346604827
0.411781525883
0.412256821873
0.412684051111
0.41312008697
0.413582677787
0.414106971298
0.414582779444
0.414972803685
0.415433181844
0.415885190094
0.416268341159
0.416811506793
0.41717246062
0.41761721428
0.418075994453
0.418523425071
0.418967270837
0.419407775884
0.419819475142
0.420231137686
0.420697114376
0.421206634819
0.421665783257
0.422101518924
0.422513225236
0.422902615816
0.423314750127
0.423647633356
0.42403179849
0.42442521174
0.424768271544
0.425150664295
0.425633783906
0.426066993122
0.426369926766
0.426781224021
0.427199155787
0.427546819184
0.427977841531
0.428417090498
0.428749014433
0.429152240524
0.429550407119
0.429916174684
0.430322938206
0.430756265134
0.431198270977
0.431649208077
0.432060670269
0.43253399308
0.432947679495
0.433266304718
0.433683245785
0.434070988546
0.434387627632
0.434748900583
0.435200079678
0.435416254591
0.435825257562
0.436248716476
0.436645100276
0.437005007207
0.437388525277
0.437727418258
0.438114397599
0.43850836954
0.438888341767
0.439328571668
0.439642632441
0.439985806828
0.440377787927
0.440785050725
0.441207291122
0.44158740381
0.442031682819
0.442482503922
0.442848704154
0.443195496432
0.44357405134
0.443993992718
0.444401024904
0.444720570497
0.445089265791
0.445525366938
0.44593573694
0.446335975196
0.446724515751
0.44693962918
0.447407130023
0.447789672721
0.448035583683
0.448229396115
0.448652432581
0.449023219077
0.449281205143
0.449649268739
0.449988132838
0.450387272259
0.450635268755
0.451010407728
0.451384570613
0.451760660193
0.452142515585
0.452479630262
0.452847255502
0.453278044828
0.453640119805
0.454022913446
0.4544006586
0.454786391402
0.455070642395
0.455375398949
0.455734887831
0.456126919357
0.45650980501
0.456926866083
0.457233468475
0.457580338351
0.458008420904
0.458367099169
0.458820693771
0.459124632485
0.459476979558
0.459927262758
0.460264555643
0.460674726571
0.460976691121
0.461338493038
0.46166977135
0.462064444906
0.462417297226
0.462681838776
0.462992610468
0.463424909737
0.463779722157
0.464189725342
0.464586199787
0.464967035132
0.465249540244
0.465609341072
0.465989697502
0.466361761198
0.46680148351
0.467273876521
0.467298411328
0.467623819999
0.467945556272
0.468219891024
0.468606451444
0.468979419504
0.469358064294
0.469650701421
0.470017276326
0.47038153728
0.470850397828
0.471263265059
0.471628877291
0.472065956125
0.472265135566
0.472666497401
0.472918950953
0.473279825869
0.473627243137
0.474012486552
0.474302541098
0.474741703483
0.474922943241
0.47532189363
0.475772672257
0.476062371796
0.476330323532
0.476774544019
0.477170616115
0.477573594245
0.477941498258
0.478346326597
0.478689364064
0.479085758302
0.47930187952
0.479261780785
0.47950094804
0.479698157114
0.480071369282
0.48050569388
0.480965872447
0.481342037767
0.481799343117
0.482162770494
0.482603625149
0.482934803217
0.483346801066
0.483655077848
0.484086385108
0.484450683284
0.484915785993
0.485403176546
0.485706790619
0.486013379929
0.48609288665
0.486543846318
0.486832326552
0.487315465679
0.487785201169
0.48820332822
0.488523270789
0.488887851307
0.489271631
0.48962654153
0.489933939024
0.490288020361
0.490589389238
0.490995002661
0.491368135866
0.491651778977
0.492132673125
0.492555701704
0.492863097967
0.493267690469
0.493736732585
0.494110499504
0.494581569847
0.495023477106
0.495414320589
0.495931007462
0.496106278091
0.496566075184
0.496983192135
0.497394874567
0.497838559034
0.498246908965
0.498483766085
0.498911837365
0.499348165864
0.499881650317
0.500171105923
0.5006565388
0.501094912696
0.501442457217
0.501878750276
0.50227950692
0.502685580205
0.503004535452
0.503211830301
0.503530522399
0.50402370944
0.504422568457
0.504515575496
0.504917509756
0.50527066497
0.505780803815
0.5062089062
0.506636198483
0.506974920984
0.507240442475
0.507730422776
0.508170507124
0.508670047289
0.509063224289
0.50960082281
0.509861152468
0.510287516259
0.510774360757
0.511119867592
0.511501244781
0.511918739773
0.51234192168
0.512709011134
0.51322145668
0.513660787952
0.51409203017
0.514497222906
0.514941742447
0.515383815007
0.515705122091
0.516186168409
0.516538507123
0.517022932287
0.517397971663
0.517804970757
0.51836339013
0.518821399054
0.519286222054
0.519804196521
0.520187103103
0.520633207888
0.521033416581
0.521546472628
0.521960947585
0.522351389265
0.52295913735
0.523406561949
0.523928823978
0.524340198283
0.524752356518
0.525041930548
0.525331696049
0.525796357388
0.526135768152
0.526568436644
0.526786572714
0.527184010799
0.527686471176
0.528009776874
0.528409503495
0.528969445123
0.529214687377
0.529724125497
0.530127052768
0.530388248128
0.530920259687
0.531208446394
0.531869286423
0.532142524997
0.532502669837
0.533076608587
0.533612453588
0.534061270887
0.534566182799
0.535052168394
0.535494937585
0.536021999597
0.536565592882
0.536875166887
0.53735724242
0.537769423295
0.537923257373
0.53859909054
0.539139173523
0.539432497873
0.539992788707
0.540266135884
0.540850878258
0.541242823434
0.541666704427
0.541995519764
0.542474145454
0.54303744633
0.54344691929
0.543826699049
0.544277141997
0.544822610524
0.545333304646
0.545789523551
0.546495131124
0.546917301735
0.547413455201
0.547807998843
0.548368956893
0.548792584092
0.549395611881
0.549790143951
0.550262283872
0.55080646979
0.551055511723
0.551639693103
0.552341220474
0.552732084596
0.553346325766
0.553779183862
0.554276601716
0.554795337913
0.55547974421
0.556220893096
0.556764776962
0.557286736987
0.557690313049
0.558260367683
0.55870629029
0.559291639644
0.559938746944
0.560582091876
0.561137797425
0.561623174274
0.562155291705
0.562440827598
0.563056517442
0.563494949966
0.563906521349
0.564413960751
0.565136148222
0.565801698385
0.56646573908
0.566772788754
0.567222618875
0.567823807022
0.568494352785
0.569164737951
0.569866313181
0.570572403054
0.571108618699
0.571729980102
0.571963809535
0.57238492413
0.572747185102
0.573438667392
0.574010488048
0.574797043205
0.575451179
0.575970242936
0.576574539403
0.57713200727
0.577827342204
0.578328045819
0.579002299782
0.579554612578
0.580379706164
0.580780874764
0.581375048636
0.582037562042
0.582891887672
0.583276087428
0.583570069317
0.583894214744
0.584399967626
0.584956481296
0.585522181461
0.585905955034
0.586443931448
0.586828886126
0.587616998192
0.588131878451
0.588620377628
0.589100495487
0.589759194643
0.59033460427
0.590800747113
0.591379141431
0.591968056385
0.592375541769
0.593171203537
0.593530500437
0.594223326055
0.594774837888
0.595281846992
0.595854753285
0.596766754069
0.597579340561
0.598242795351
0.598919575068
0.599556732164
0.600219428881
0.600542922994
0.601197295626
0.601834282812
0.60268512265
0.603527378225
0.604489362977
0.605117625629
0.605745224509
0.606407601856
0.607110228208
0.607574575313
0.608335672759
0.609278663731
0.609711396637
0.610595107901
0.611412888203
0.612249605247
0.612374466374
0.613061203466
0.613786362946
0.614492061349
0.615008468513
0.615520522619
0.616044278702
0.616807606243
0.617410146717
0.618305608984
0.619311620904
0.620186760616
0.620906211325
0.6217324863
0.622084786642
0.622997579254
0.623954152832
0.624662940642
0.625090834036
0.625993693229
0.626690801693
0.627579143392
0.628248429615
0.628814490993
0.629770881635
0.630491211444
0.631448320222
0.632263834452
0.633164904517
0.63420793204
0.634847566124
0.635381134476
0.636432088035
0.637289158745
0.63805333958
0.639240271551
0.640296866648
0.641211719684
0.641963797983
0.643009388349
0.64346690274
0.644236573441
0.645238844702
0.646124843443
0.647030097591
0.648135573781
0.648895754382
0.649856863216
0.650728173644
0.651518325377
0.651944261421
0.652989772349
0.653892367282
0.654872490302
0.65513878983
0.656139752557
0.656680423115
0.65720757286
0.657938728176
0.658883576483
0.659775226679
0.660779083307
0.661590880702
0.662647842643
0.663534433893
0.664283712304
0.664855159662
0.665789149393
0.666710491496
0.667970811083
0.669329366081
0.670223375193
0.671274847715
0.672472966959
0.673011237075
0.674127760343
0.674847420299
0.675914242798
0.676920510849
0.678056643864
0.679185148102
0.680322216692
0.681280621488
0.682198646922
0.682852889325
0.683855475888
0.684922591216
0.685768861303
0.686942312568
0.688303937044
0.689406293371
0.690372535789
0.691164062292
0.692102682825
0.693551604785
0.694413919278
0.695908188161
0.697226516512
0.698241511696
0.699529397784
0.70065385852
0.701618012448
0.703033768285
0.70393662622
0.704892669636
0.706020218778
0.706144766571
0.707196748565
0.70834194195
0.709493069624
0.710698416711
0.710929547409
0.711969479733
0.712960582428
0.714502971164
0.715276346994
0.716421921433
0.717434845401
0.718437226234
0.719666619549
0.72060567451
0.721618744898
0.723069026984
0.724391236578
0.725395708939
0.726823284001
0.728227213911
0.728938683085
0.729888932249
0.730538562786
0.731429858185
0.732530448424
0.734144407905
0.735663595149
0.737182648585
0.738225194187
0.738401793306
0.738504923372
0.739957387261
0.74080760914
0.741322650003
0.742712855581
0.745060039563
0.746658688248
0.748261076224
0.749173079117
0.750384602582
0.75171080155
0.753755004378
0.754954515159
0.75623445822
0.75756065291
0.758192536974
0.758845893984
0.760288244533
0.761793177357
0.763698470685
0.765258223629
0.766876297119
0.768221086031
0.769577444031
0.771121022565
0.7730029427
0.774125665674
0.77507248406
0.776853042847
0.77879091967
0.780110361506
0.781228933741
0.78309782192
0.784583350915
0.786131028719
0.787563171703
0.789541168359
0.791092339059
0.792712280285
0.794290002042
0.795930557557
0.79805557662
0.799224384456
0.801045242481
0.803108162519
0.804987831678
0.806895280938
0.80918305757
0.811006938451
0.812729914257
0.814847276629
0.817000537815
0.819440150969
0.821845211061
0.823264863331
0.825050375651
0.826753241111
0.828900814751
0.831098854376
0.832930454906
0.834499222566
0.835897257793
0.836719477131
0.838125403949
0.839856534684
0.842221000083
0.84364611477
0.846267805285
0.848273704865
0.849565793852
0.851706274353
0.853683492618
0.855525505413
0.85817003203
0.859581472384
0.860694003164
0.862440295062
0.864858242957
0.866642793096
0.868856667279
0.869637787615
0.871185483193
0.873771824483
0.876199782189
0.877678900998
0.879368475252
0.880446559385
0.883175025718
0.88611400637
0.88812837424
0.890107066308
0.892172724615
0.894951234171
0.896872638637
0.89854104925
0.900138340078
0.901730701308
0.904148177924
0.906155146168
0.909442396297
0.912127704803
0.913998966252
0.917051137923
0.919345098027
0.922879312908
0.925509542643
0.927570422764
0.928914213548
0.928075340884
0.93019286144
0.931633595448
0.933833630293
0.936303344476
0.93855789239
0.940019815074
0.943137856351
0.945218417557
0.947177311479
0.949398167705
0.952571012594
0.955509533134
0.957901975807
0.961243751681
0.963782254674
0.96827539925
0.971038915169
0.974819782973
0.976389718352
0.978751793534
0.981143922852
0.985844462896
0.988821357771
0.992277289626
0.994951155484
0.999114274202
1.00230160062
1.00617522047
1.01029515831
1.01330862489
1.01486961465
1.0185759628
1.02094167524
1.02495065368
1.02808113222
1.02921738825
1.03354189873
1.03532751709
1.03941154329
1.04347237685
1.04131112987
1.044100978
1.04873722324
1.05320476126
1.05601816437
1.06016752182
1.06508511942
1.0678673174
1.07140630755
1.07498610558
1.07890033886
1.08199351302
1.08744029098
1.09395530773
1.09786204381
1.10290849361
1.10608233667
1.10980778289
1.11514686725
1.11756872805
1.1195166076
1.12366368498
1.12943865342
1.13582500184
1.14149724499
1.14711307979
1.15368757932
1.16122529887
1.16627273545
1.17138549889
1.17634750005
1.17846512094
1.18375924436
1.19193685647
1.19727172105
1.20311304622
1.20886730603
1.21385785063
1.22190883322
1.2292181199
1.23654665334
1.24320468992
1.24915333006
1.25530182191
1.25831376882
1.26684652546
1.27262331523
1.27683773644
1.28427383541
1.28973501667
1.2965514063
1.30349720951
1.31107468126
1.31775230206
1.32586018115
1.33516657986
1.34190816896
1.34793747245
1.35750156035
1.36898736759
1.38194651977
1.39020252038
1.39546126077
1.39962403703
1.40845056413
1.41747540412
1.4295653066
1.43630555579
1.44784569411
1.45600614302
1.46287276851
1.46712503999
1.47874926398
1.49150081662
1.50117061174
1.51241234361
1.51684559989
1.52475848928
1.53154391653
1.54135952512
1.55476501505
1.57121790156
1.58553602208
1.59380588855
1.60027743431
1.61398061084
1.62878281507
1.6516164216
1.66107685684
1.67608336424
1.68658752924
1.69322458487
1.70457829871
1.72243607575
1.7397878841
1.76142087773
1.77826171357
1.78533895835
1.80217927522
1.81579234831
1.83539660862
1.85214528614
1.87266723938
1.88457339565
1.90247271874
1.93156957972
1.95307175468
1.93977475868
1.96922814867
1.98664522309
2.01307630199
2.04129906585
2.05151188199
2.08083931079
2.10202625793
2.12098441488
2.1472945177
2.18119182276
2.20174403693
2.23031094852
2.25406906601
2.29652318995
2.32324797786
2.35927503788
2.36773341468
2.42076089723
2.4706298033
2.48535180699
2.51535045537
2.53685196997
2.60080696432
2.61651196803
2.67771482684
2.70142166388
2.76221376486
2.71041818375
2.71307616044
2.61763796324
2.62304185502
2.51116788486
2.42119065459
2.22422737791
1.97757087563
1.35824053958