0.254887144133
0.287990373766
0.298856217906
0.306434420271
0.312181315632
0.316778767657
0.320737807058
0.324218858468
0.327323401481
0.330075574165
0.332551949836
0.33492041869
0.337166629863
0.339154541526
0.341013237619
0.342835407805
0.34454083053
0.346188317604
0.347869680622
0.349378762923
0.350875900562
0.352276434304
0.353584512401
0.354799954226
0.356047243886
0.357201787173
0.358363113093
0.359516655192
0.360629286778
0.361839603695
0.362850521552
0.363836131735
0.364889996888
0.36585458444
0.36680164519
0.367802893881
0.368681664881
0.369638111909
0.370565967198
0.371501010878
0.372432480935
0.373338279746
0.374207249513
0.375011181945
0.375839584684
0.376635212753
0.377271609989
0.378087642702
0.378955030548
0.379681239784
0.380523279507
0.381278358415
0.381884585446
0.382717008644
0.383535077584
0.384292297238
0.385049995855
0.385696912352
0.386407876155
0.387091096238
0.38772942828
0.388425540552
0.388936100602
0.389524398928
0.390141333511
0.390829883408
0.391451797922
0.392060341691
0.392647624277
0.393267734908
0.393759809062
0.3943413705
0.395009439048
0.395459600426
0.396074790538
0.39668865582
0.397256075502
0.397800157009
0.398283134472
0.398897901463
0.399493189759
0.400135899391
0.400782624233
0.401405015834
0.401831363283
0.402434958416
0.403027458813
0.40364066796
0.404216553208
0.404763785811
0.405278605505
0.405801576496
0.406466988359
0.406930819949
0.407354952728
0.407920098069
0.408465179382
0.408986605899
0.409525091603
0.410054662095
0.410576106774
0.411160976882
0.411619982316
0.412123625059
0.412612364524
0.41317564824
0.413718240767
0.41421809087
0.414758386587
0.415233173954
0.415687344442
0.416220146359
0.41682941209
0.417332969003
0.417794184418
0.41829587872
0.418844558951
0.419347986231
0.419831254933
0.420334052957
0.420873607955
0.421337454932
0.421854334836
0.422380257274
0.422901385882
0.423416621784
0.423923663011
0.424363950637
0.424771635517
0.425285712453
0.425671424289
0.426211878856
0.42666036974
0.427159394788
0.42765548312
0.428066978531
0.4285816665
0.429078390683
0.429580242575
0.429939129181
0.430437496468
0.430935387328
0.43142445978
0.431971907237
0.432465348894
0.432842630081
0.433334837903
0.433864947658
0.434301727837
0.434750857684
0.435159543028
0.435628045819
0.436069691497
0.436595868532
0.437117481157
0.437673826465
0.438103638506
0.438536868873
0.438992012329
0.439451710709
0.43991276185
0.440299397378
0.440773369441
0.441214034906
0.441738233768
0.442206180874
0.442515003529
0.442936729102
0.44340239736
0.443611184856
0.444070779786
0.444450402578
0.44491391949
0.445349790847
0.445795951449
0.446265818048
0.446684900421
0.447155184603
0.447548606729
0.447837870138
0.448364558052
0.448801221819
0.44926835512
0.449714013947
0.4501400671
0.450654253253
0.451172115918
0.451638849787
0.452098580201
0.452518178598
0.453003911649
0.45347528251
0.453954245608
0.454372036977
0.454773119023
0.4551556737
0.455633693352
0.456114691956
0.456635626329
0.457089977409
0.457577929906
0.458100229869
0.458598576211
0.458987914131
0.459257706225
0.459645841815
0.460158593078
0.460522816742
0.460958587723
0.461432414577
0.461889624461
0.462313670948
0.462828609454
0.463212499194
0.463706626904
0.464180551887
0.464593916866
0.465124158705
0.46556818425
0.466040792887
0.466531136806
0.466921959286
0.467357764742
0.467759972575
0.468175564183
0.468637950663
0.468965671387
0.469301872883
0.469545643298
0.470003836034
0.470481278076
0.47090545645
0.471361843011
0.471718843474
0.47218645512
0.472599391763
0.473042096845
0.473433372828
0.47386688977
0.474237724032
0.474684934195
0.475059603863
0.475551378805
0.47585987243
0.476258980236
0.476330223947
0.476615385209
0.476883264728
0.47736845095
0.47786731566
0.478360976983
0.478843700179
0.479158559155
0.479524431455
0.479979441607
0.48044560929
0.480874853684
0.481373716719
0.481828398083
0.482136613284
0.482536212974
0.482932317691
0.483340169925
0.48376956563
0.484180534759
0.484752693367
0.485158376689
0.485565607676
0.48602016068
0.486414018159
0.486822445867
0.487096282346
0.487464122368
0.487957047315
0.48844959545
0.488799465569
0.489281127578
0.489731289029
0.490199860581
0.490669245774
0.491060222504
0.491484518289
0.492025140819
0.492430616789
0.492956822397
0.493377065312
0.493717669763
0.494333954817
0.49482572736
0.495069924537
0.495533132512
0.495865808007
0.496423895346
0.496783643745
0.49715786068
0.497529944294
0.498011679303
0.498480200861
0.498963840707
0.49950340687
0.499862134102
0.500349305337
0.500733413378
0.501142195115
0.501582650994
0.501931253008
0.502416956904
0.50283228509
0.503315584941
0.503584342081
0.503963540467
0.504318367207
0.50467808034
0.505196621319
0.505771762278
0.506206997317
0.506645326472
0.507096662533
0.507562713455
0.508119144916
0.508471552532
0.509002081212
0.509417630885
0.50978540142
0.510157650232
0.510708717657
0.510967349534
0.511489708119
0.511927874954
0.512406801183
0.512910990107
0.513334640647
0.513741817681
0.513878309618
0.514322432675
0.514621025293
0.514901448805
0.515332410198
0.515754908408
0.516245947025
0.516475780557
0.51685432403
0.517281084374
0.517726138807
0.518078735115
0.518523513502
0.518987052387
0.519558157917
0.51983359326
0.520213419537
0.520559726776
0.520990824355
0.52147794876
0.521963789835
0.522221028152
0.522642185223
0.523021464308
0.523268584531
0.523751444293
0.524292872911
0.52483885994
0.525265571885
0.525771540207
0.526068755526
0.526483644414
0.52704271669
0.527542926373
0.528040860717
0.528470459025
0.529061575134
0.529400000849
0.529785499147
0.530200651259
0.53055616253
0.531068071307
0.531664656053
0.531923229808
0.532409832503
0.532686617648
0.533147777559
0.533588035574
0.533993937628
0.534550049319
0.535130379706
0.53561044253
0.536077898245
0.536549525346
0.536944513971
0.537480100761
0.537971697009
0.538468624459
0.538769338063
0.539336176604
0.539661978894
0.540128706823
0.540518887879
0.540925785339
0.541565648777
0.541916240708
0.542368901631
0.542896878042
0.543439330299
0.543783370452
0.54427851635
0.54490537643
0.545503849295
0.546026103252
0.546663706843
0.547079141348
0.547718987473
0.548232401895
0.548768194256
0.549098005824
0.54955682433
0.55018803015
0.550683196052
0.551106122572
0.551587800523
0.552300527645
0.552652606916
0.553173215802
0.553844637375
0.554493909632
0.555004452377
0.555535041721
0.556030537383
0.556585897476
0.557145666071
0.557493154271
0.557899744692
0.558616807584
0.558998062378
0.559529248425
0.559957112992
0.560621823007
0.561246868415
0.561839046265
0.562421963123
0.563040170228
0.563209138708
0.563728977048
0.564453509123
0.565075339559
0.565789422171
0.566267775652
0.566931547776
0.567502801975
0.568149064692
0.568847055922
0.569349494354
0.569802190652
0.570451957853
0.57086071016
0.571163656711
0.57154826158
0.572231071786
0.572904386382
0.573487939459
0.573929629397
0.574747616086
0.575304479138
0.575972538763
0.57675052296
0.577329367319
0.578120896697
0.578790426791
0.579569657493
0.579975529848
0.580594392596
0.581238589981
0.581754912705
0.582173118538
0.583022516347
0.583738157938
0.584153959259
0.584898414637
0.585388919755
0.585933452772
0.586758122346
0.587515505775
0.587613558309
0.588341809231
0.589062235151
0.58951487904
0.590196704729
0.591014436938
0.591504212125
0.592215970168
0.592968685875
0.593793288837
0.594700126282
0.595261339949
0.595915370078
0.596412169828
0.597286680211
0.598101180687
0.598817479953
0.599471421985
0.599882006165
0.600422177703
0.601138787444
0.601839720883
0.60241217939
0.603158209869
0.603874575217
0.60446888599
0.604811814959
0.605550017382
0.60632422925
0.606854972518
0.60764343397
0.608330875724
0.60894079457
0.609851350012
0.610307871757
0.611117076318
0.611793272012
0.612414582959
0.613332706785
0.613771350799
0.614767766207
0.615491403046
0.616065502728
0.616742595118
0.617594415845
0.618596422181
0.619238842363
0.619594645947
0.620161648364
0.620937263603
0.621345187087
0.622107253584
0.62258451889
0.623441122886
0.624002507078
0.624647507653
0.625313687644
0.626095553178
0.626563414759
0.627496568795
0.628142003728
0.628813977276
0.629164129261
0.63006538412
0.630920131686
0.631746375968
0.63243265594
0.633401390561
0.634192712022
0.634945372384
0.635890502404
0.636706993021
0.63761815127
0.638654582229
0.639339185192
0.640400192764
0.641127621755
0.64183336592
0.642334552618
0.643108233656
0.644178726399
0.645116181199
0.646300510948
0.647052599181
0.648086526514
0.648904324782
0.64991756891
0.650191623293
0.651088322522
0.652032581575
0.652668333676
0.653294754458
0.653950550692
0.654960695018
0.655635135362
0.656515940945
0.657057980924
0.657953809763
0.658697034422
0.659621847848
0.660447086996
0.661283557045
0.662392722755
0.663151204348
0.664439675968
0.665443880656
0.666493659432
0.66684746703
0.667454766162
0.668020040829
0.669014814705
0.670045793402
0.6710478927
0.671654588408
0.67265488996
0.673681703563
0.674292760546
0.674885932518
0.675839376484
0.676673649603
0.677811872966
0.678827487983
0.67986315204
0.680983632044
0.681443272899
0.682622237105
0.683039091452
0.684100792329
0.684955584111
0.685532522097
0.686158957555
0.686872600744
0.688014168039
0.689091650517
0.690051778666
0.690875594005
0.691892217164
0.692757737043
0.693714963746
0.694713712649
0.695892724005
0.696778388642
0.698087987623
0.698800921923
0.699821536109
0.700560924979
0.70134771147
0.702362811629
0.703415887121
0.704656237758
0.705631631948
0.706806971625
0.707868957236
0.7087886867
0.709217850272
0.710281216432
0.711519404806
0.712976980069
0.714067305913
0.714952887577
0.716032615785
0.716916401364
0.717927868383
0.718831417327
0.720091626038
0.721071811419
0.721764606996
0.722771992429
0.72442949829
0.72557909132
0.727137807525
0.728164157362
0.729707071902
0.730709536859
0.732349669596
0.733824625328
0.734818330054
0.735489462673
0.736254472785
0.737670661027
0.738801404099
0.740176507095
0.741280855172
0.742415842578
0.743154676776
0.744026798599
0.744246321037
0.744240744124
0.745547877023
0.74644670878
0.747674882727
0.749169547861
0.750507913128
0.751887848902
0.752805209688
0.753659884299
0.754979506132
0.755576223756
0.756821353865
0.758032852216
0.759401208275
0.760396324941
0.761663516674
0.762678656382
0.763696536512
0.764716967343
0.765893980284
0.767102781922
0.768204413646
0.769152446058
0.770666558105
0.7722824405
0.77306254628
0.774213456207
0.775729261257
0.777134099368
0.778944060952
0.779874214201
0.781328499424
0.782870985771
0.783824743945
0.784778056672
0.786389860664
0.786669959358
0.788188886033
0.78962257889
0.791411160433
0.793305241548
0.794431572988
0.796215073288
0.797618864784
0.799601576303
0.801380717852
0.802502236591
0.804724267513
0.806126070236
0.80738919205
0.808643206263
0.8101037785
0.811388538971
0.813068960878
0.814935385093
0.816399902968
0.818560625598
0.82016099778
0.822479133234
0.823420042562
0.824624747965
0.8264788117
0.827810636059
0.828498623317
0.830521489411
0.829374679918
0.831179291778
0.83242888774
0.834260439081
0.836207949482
0.837576968488
0.839324539845
0.840319093673
0.841907732515
0.844087109724
0.845581162291
0.846866456135
0.848755014514
0.850546788351
0.85221798937
0.854188912876
0.856101045989
0.857434860976
0.858844950842
0.860484793794
0.862958266124
0.865203571663
0.86629989611
0.869132745711
0.868597778015
0.869917945878
0.871340298466
0.87292832706
0.874278925631
0.876028204211
0.878111329716
0.879896965869
0.881744686938
0.883645561329
0.8860748004
0.888515532614
0.891224214556
0.89290491716
0.895024201816
0.896643993139
0.898520565015
0.900598815412
0.902829167661
0.905298514983
0.907464202905
0.909495302867
0.911146913719
0.91293585755
0.915101559179
0.917170809108
0.919232778953
0.921854380718
0.924182222764
0.926547764426
0.927525175891
0.929009332474
0.9314132159
0.933123881326
0.935274252841
0.939490621612
0.941721867511
0.944101737829
0.947002991139
0.949623882123
0.95196550042
0.955102278522
0.957618624538
0.960923545953
0.962832400872
0.964753088265
0.968968575257
0.972368058881
0.974830518743
0.977589138274
0.980360383653
0.983172558159
0.985292911999
0.989265389993
0.99136625679
0.993328444407
0.996127331243
0.998004131404
1.00188836635
1.00576502397
1.0095826072
1.01269563524
1.01556151069
1.01597750098
1.01863819073
1.02036222368
1.02471698964
1.02860311948
1.03054886106
1.03157528403
1.03519360942
1.03726403274
1.04029090219
1.04375155588
1.04845396144
1.05223549934
1.05513575688
1.05849648618
1.06379461652
1.06881165578
1.0712125586
1.07345304856
1.07748405167
1.081443724
1.08346387777
1.08755440739
1.09083260937
1.09563972251
1.09943869715
1.10182496077
1.10341153965
1.10681866649
1.10894718794
1.11182049716
1.11362853259
1.11724992653
1.12220863478
1.1255784355
1.12870275779
1.1328721841
1.13507992591
1.13902931755
1.14278095802
1.14711309394
1.14832818101
1.15153239136
1.15657526036
1.16088421877
1.16475804172
1.16885734394
1.1743201579
1.17907357348
1.18578798817
1.19011107573
1.1927714061
1.19637100721
1.20001738618
1.2061075552
1.21062908177
1.21719777538
1.22396102898
1.23091988788
1.23385211796
1.23655662159
1.2407483434
1.24693012055
1.25207343922
1.25547182902
1.26155888891
1.26778959342
1.27386072692
1.28178582201
1.28819760857
1.29292171007
1.2952391116
1.30054054789
1.30547445079
1.3112279798
1.3149670076
1.32218544574
1.32649429455
1.32914524295
1.33747519822
1.34343417759
1.35224924871
1.3602600141
1.36701517344
1.37530618732
1.38338959944
1.3867428094
1.39516678453
1.40256668896
1.41407687088
1.4207111426
1.42886900651
1.43864951853
1.44831247007
1.45248462286
1.46334461579
1.47103783359
1.48556330662
1.49693150428
1.50540860077
1.51682159765
1.52533208996
1.53720628027
1.54473750267
1.55670818816
1.56833406234
1.57769795593
1.58663666715
1.59805643275
1.61084055539
1.62444211375
1.63618231008
1.64087135917
1.65850661315
1.66072795496
1.67602018734
1.69320569063
1.701479817
1.70448720272
1.71608832937
1.7270431117
1.74992903949
1.7732300883
1.78040209914
1.80448824228
1.81279539754
1.83335243572
1.83779094941
1.85293480205
1.87486575416
1.88643070644
1.91039975498
1.90758456473
1.93511878699
1.95487954265
1.97122975419
1.97653877049
1.99843139767
2.02129477976
2.03812921621
2.05577978374
2.07514875856
2.1037676657
2.11868148589
2.14738611568
2.16991243413
2.21717493353
2.23311056539
2.26188203454
2.29035555077
2.31280073648
2.33301800478
2.32385720922
2.33560645914
2.39145968226
2.39412570643
2.43626774512
2.49111920498
2.5264093053
2.5772375969
2.61435423641
2.66366172014
2.71172402172
2.74442454751
2.7933026708
2.78559938948
2.83874415489
2.88424237738
2.91913779879
2.91290540494
2.87469344896
2.85116529144
2.83903557323
2.87613967564
2.8291602974
2.68834698857
2.58597851009
2.40637817919
2.5864959797
2.10168607562
0.621673746171