0.254887135176
0.290495388402
0.301669251024
0.309019377242
0.314719496065
0.319566470214
0.323608420499
0.327191518487
0.330377736916
0.333255905682
0.335888400561
0.338341701748
0.340536994942
0.342629589204
0.344533335129
0.346354504375
0.348095818135
0.349771085164
0.351385631184
0.352957471955
0.354460554848
0.355800099049
0.357214451625
0.358513625573
0.359775629423
0.361021914882
0.362295844226
0.36338518179
0.364552627145
0.365695284423
0.366770342007
0.367876098499
0.369000093917
0.370047915751
0.371052774032
0.372083109476
0.373135518936
0.374067301495
0.374910530929
0.375877379725
0.376744331049
0.377639621223
0.378493755505
0.379342987678
0.380270176125
0.381060697426
0.381899607836
0.382694141123
0.383520246703
0.384463263608
0.385185161533
0.385976640632
0.386688794347
0.387469364457
0.388239554492
0.389010171359
0.389821080578
0.390488553326
0.391122721284
0.391777594987
0.392452946415
0.393160129842
0.393825375089
0.39454999835
0.395143921305
0.39570542233
0.396445949321
0.397205051643
0.397671532273
0.398295864933
0.398994176019
0.399612319917
0.400220163577
0.400845357969
0.401408021923
0.401974750864
0.402547361836
0.403109354763
0.403679826598
0.404288662539
0.404876301447
0.405459747595
0.40581863564
0.406386451704
0.40697118934
0.407595957014
0.408262865338
0.408811516037
0.409375986732
0.409906053508
0.410459158455
0.411005515379
0.411582337537
0.412004148548
0.412506579488
0.413122524578
0.413614697696
0.414174433051
0.414649314808
0.41527086938
0.415867203145
0.416388826953
0.416730114599
0.417112198913
0.417701263045
0.418242614326
0.418729519171
0.419222700833
0.419730397582
0.420186848559
0.420559161617
0.42107012911
0.421597557267
0.422091513701
0.422499732038
0.42302383343
0.423507464782
0.424074143766
0.424558452617
0.425114767422
0.425563507425
0.426018086238
0.426398447143
0.426908263094
0.427430542966
0.427781671436
0.42822182351
0.428651781826
0.429124827098
0.429577733651
0.430093533916
0.430570052858
0.431021911475
0.431462643105
0.43190214447
0.432399106475
0.432838159078
0.433247858592
0.433738733085
0.434230464257
0.434714370652
0.435112528897
0.435510831145
0.435980049028
0.436415888907
0.436935518426
0.437357584901
0.437756186963
0.438208215375
0.438709728198
0.439127307188
0.439600245211
0.440056339213
0.440415542999
0.440884441807
0.441276138016
0.441639295819
0.442064064079
0.442603517797
0.443031183539
0.443421993318
0.443906849729
0.444333014843
0.444806069332
0.44527929046
0.445616176654
0.446052584669
0.446489116034
0.446725936267
0.447168214587
0.447654158282
0.447958123343
0.448446494959
0.448808574428
0.449197084857
0.449771442842
0.450130409703
0.450516021366
0.450919386289
0.451274420851
0.45143618008
0.451829948567
0.452195774242
0.452566351422
0.453071806778
0.453496929044
0.453895995616
0.454328064414
0.45469517989
0.455149718127
0.455583353741
0.45604291291
0.456491049781
0.456906920653
0.457359034047
0.457834315791
0.458227272071
0.458680281284
0.459191718116
0.459432873095
0.459825878271
0.460181060204
0.460634121807
0.461123544379
0.461434118504
0.461900554651
0.462137482686
0.462507722775
0.462983046228
0.463386611602
0.463873678699
0.464369186239
0.464553710841
0.464999073025
0.465330637379
0.46579145765
0.466241195
0.466407017382
0.466811566703
0.467318301117
0.467705783077
0.468177863912
0.468631787283
0.469123555571
0.469529715927
0.470006242392
0.470456260223
0.470885462076
0.471304836449
0.471715225808
0.47200093675
0.472394446172
0.472812796741
0.473221769776
0.473568542815
0.474021849342
0.474494790788
0.474877059663
0.475204796592
0.475637434904
0.47598011092
0.47640731462
0.476712146177
0.477008368785
0.477498064422
0.477945913083
0.478284371698
0.478786160235
0.479181289271
0.479550199732
0.479825268597
0.480235670088
0.480663238193
0.480955934122
0.481317038418
0.481753191701
0.482222892749
0.482480994243
0.482904076548
0.483293646974
0.483669184393
0.484115610157
0.484523152322
0.484848086364
0.485189900655
0.485569653913
0.486083071582
0.486159368691
0.486545432614
0.486907647774
0.487190206356
0.487710183279
0.488129511806
0.488574905774
0.489011782876
0.489361966493
0.489749409959
0.490138102806
0.49047943935
0.490911005401
0.49131184432
0.491747129006
0.491793753264
0.492114745871
0.492471263301
0.492815590024
0.493262326735
0.493809309543
0.494110222932
0.494514742667
0.494954040898
0.495380398416
0.495880077097
0.496116407226
0.496539044753
0.496924097003
0.497294898955
0.497693337199
0.498097848964
0.498352963059
0.498731389113
0.499119968619
0.499611739736
0.500015525119
0.500506255935
0.500856453289
0.501015172629
0.501298036691
0.501692233739
0.50212015611
0.502633505098
0.503107373593
0.503547381371
0.503856303191
0.504244894989
0.504757156688
0.505260582605
0.505691420755
0.506084205223
0.506439950846
0.506880334383
0.507278574553
0.507780312984
0.508187143506
0.508570199985
0.509173011005
0.509678002986
0.510067322385
0.510482165047
0.510984887432
0.511340828813
0.511809245444
0.51230706061
0.51287977001
0.51339170032
0.513773950701
0.514106062334
0.514446686812
0.514828567849
0.515324760831
0.515476534481
0.515812574809
0.516295021549
0.516767083795
0.517046195784
0.517415894275
0.518014100613
0.518467062831
0.519020521932
0.519528154602
0.519746494612
0.520221698308
0.520721029543
0.521266829231
0.5217427653
0.522280948546
0.522592650949
0.522979957671
0.523470191308
0.523968929358
0.52441931229
0.52487642366
0.52534476325
0.525771520517
0.526244128288
0.526566401741
0.526573760985
0.52682153134
0.527296724049
0.527714780032
0.528102552555
0.528606578752
0.52918239589
0.52947610844
0.529944076589
0.530518282983
0.531000160028
0.53148226176
0.531896006358
0.532395000477
0.53284785728
0.533419119001
0.533834359593
0.534290059886
0.53479821428
0.535295573978
0.535718093675
0.536227789677
0.536582561647
0.53691205614
0.537498811046
0.538180336411
0.53856632466
0.539148538669
0.539648455334
0.540145902255
0.540602972624
0.541053487808
0.541696198604
0.542030672562
0.542600804228
0.543028121271
0.543346533928
0.543821912191
0.544152911712
0.544493368099
0.544966697828
0.545528661153
0.546071725904
0.546604904665
0.547067232229
0.547556526767
0.548050044756
0.548443446586
0.549069942926
0.549478980536
0.549902399736
0.550401993973
0.550832117562
0.551417597589
0.551905769683
0.552282951283
0.552980110627
0.553603069825
0.554139707913
0.554511176395
0.554899761766
0.55544676945
0.556038302985
0.556218561036
0.556770503644
0.557274675961
0.557735913487
0.558347697561
0.558744763168
0.559339297931
0.5596505033
0.560037653057
0.560362370875
0.560981932448
0.561701288808
0.561927466874
0.562506010083
0.562730378899
0.563229785401
0.563693220393
0.564252624807
0.564730867509
0.565257637887
0.565820521492
0.566398567384
0.567018572348
0.567286571974
0.567567349589
0.567913126474
0.568506522242
0.569170227955
0.569799454967
0.570489149901
0.570791568569
0.57151355258
0.572096161088
0.572681129563
0.573285599465
0.573903397165
0.574645070938
0.575242347239
0.57594479486
0.576476901171
0.577117588272
0.577600008384
0.578277453621
0.578880767582
0.579310296146
0.579874442826
0.580502160631
0.581371578665
0.581964964468
0.582676944424
0.58294835913
0.583621824297
0.584353546738
0.584794695089
0.585328648211
0.585571699553
0.586539385439
0.587014022315
0.587711785808
0.588435254895
0.588822256069
0.589553943043
0.59035444511
0.591038190533
0.591679888459
0.592404718091
0.593129460127
0.59337422695
0.59408212844
0.594715963755
0.595556590828
0.596426113819
0.596836476817
0.597347743603
0.597923205566
0.598667410756
0.599581568659
0.600350700143
0.60099016468
0.601643049282
0.602229500532
0.602943319734
0.603561633017
0.604140721071
0.604886492773
0.605657267182
0.606442309805
0.606815800573
0.607142774986
0.607727840889
0.608582044178
0.609116948416
0.609802658495
0.610487308729
0.611153185064
0.611786866206
0.612605672506
0.613231282872
0.614064309717
0.614808351655
0.615224721242
0.615761388842
0.616517107014
0.617363316411
0.618028808408
0.61851395731
0.619111583011
0.619938115197
0.620552442824
0.621179787348
0.621753833361
0.622209125006
0.623075226997
0.623943011065
0.624260129193
0.624717245929
0.625551469332
0.62645575388
0.626952026591
0.627861620924
0.628778440979
0.6294190657
0.630215021279
0.630665382416
0.631375068566
0.632453687018
0.633261135427
0.634120938037
0.635071850414
0.635708194852
0.636556444343
0.637037212306
0.637947233378
0.638615663604
0.63925064423
0.639694415443
0.640648277195
0.641613639458
0.642351849708
0.642764705612
0.643259276047
0.644012199566
0.644531648348
0.645162579082
0.646045900589
0.646571561576
0.647256964193
0.648171586044
0.648876708263
0.64979280573
0.649990782652
0.650620696389
0.651457457853
0.652280143799
0.653278098488
0.65421647476
0.655173981204
0.655319248582
0.6558758493
0.656636918201
0.657422400426
0.658067511879
0.658802229141
0.659487149962
0.659950732597
0.661025772798
0.661891752173
0.662805079126
0.663438674829
0.66404490944
0.664857043468
0.665809707478
0.666488099224
0.667365029479
0.668361304101
0.669178012594
0.670136275165
0.670300913862
0.670927726927
0.671837193647
0.67275966013
0.673589094222
0.674569534371
0.675331880322
0.676656531651
0.677552662642
0.678371864225
0.678654235453
0.679469903869
0.679530789207
0.680369832991
0.681261219113
0.682159979889
0.683340522479
0.684365719415
0.685183669035
0.68575874968
0.686378004966
0.68683545577
0.687407614544
0.688457431426
0.689353487592
0.690433110627
0.691651909428
0.692404688835
0.693532422525
0.694382182922
0.69526292215
0.69606080178
0.696486498975
0.697241741327
0.698309563354
0.698948731725
0.700300116969
0.701046800123
0.702330165005
0.703351544105
0.704150252431
0.705223299513
0.706342383709
0.707857411049
0.708927417151
0.709199910312
0.710184914327
0.710790045685
0.711313541987
0.712489433589
0.713827796708
0.714496473685
0.715047950178
0.716441212947
0.717661629403
0.718852043636
0.720314663517
0.721437088765
0.722362185527
0.723546657173
0.724550868066
0.724428949313
0.726018932319
0.727590853835
0.729052565861
0.730223166103
0.731427495729
0.732528010087
0.733611390945
0.73463176408
0.735609299246
0.73694686008
0.737789578639
0.739063898108
0.740525080543
0.740439718837
0.741412126305
0.74196856663
0.74354164347
0.744513516634
0.745944744575
0.747373397769
0.748853522077
0.750547185098
0.752015249727
0.753586750871
0.754803024056
0.755913933092
0.757442519492
0.758223313508
0.759486624817
0.761269493689
0.762891496595
0.763828560932
0.76532285572
0.766385597562
0.768308743098
0.769491230518
0.771291042916
0.773001145629
0.774107266587
0.775642269097
0.777165873788
0.77852762489
0.78002512057
0.781997927247
0.783340890876
0.784248965584
0.786002990398
0.78728221185
0.788712296565
0.790225607965
0.792086567183
0.793625778821
0.794373949204
0.795980695943
0.797625430478
0.799047405486
0.800186887394
0.801015088282
0.801861181044
0.803389101352
0.805307967578
0.807164280569
0.806516012178
0.807881457572
0.810177565659
0.811719234936
0.813087426127
0.814243225751
0.816678007594
0.818666740875
0.82051005261
0.822275821006
0.823589522242
0.825565744517
0.827556108732
0.828170580853
0.829322005911
0.830826741978
0.829091339031
0.830721800859
0.832470047312
0.834291928485
0.83646132343
0.838189203121
0.840727814471
0.84243439666
0.843817318864
0.845687503228
0.847821000228
0.849368720911
0.851662016265
0.853480700473
0.855111632424
0.85667116729
0.859194571608
0.860164219907
0.86173621703
0.862443198935
0.86436493261
0.865848485786
0.866909775302
0.868431705733
0.870670202404
0.872709262398
0.874081889118
0.875941602884
0.877689920177
0.879195326205
0.881008190672
0.882673311875
0.88492662727
0.88742904564
0.888805505041
0.889702336915
0.891648706976
0.892242567833
0.894661502768
0.895672331759
0.897356417844
0.899136106439
0.900018786535
0.902262668731
0.904844079276
0.906566780183
0.908622280742
0.910655057189
0.913173813441
0.915376004069
0.917298335223
0.920402548049
0.92149378918
0.923353295692
0.925808911202
0.928660640771
0.931019955075
0.933010723608
0.935648385817
0.937003149168
0.937943391079
0.941256668952
0.943461435488
0.944624830652
0.946680226946
0.948659291767
0.951503417427
0.95379419057
0.955779110576
0.958649316404
0.961403681225
0.964447637221
0.966283068276
0.968090217758
0.970009281939
0.973259134941
0.976553616228
0.978961731781
0.981070699208
0.983323089792
0.987065895575
0.989231800592
0.991585044962
0.994574012923
0.997344240985
0.998983750477
1.00050985712
1.00271924368
1.00476510442
1.00668614767
1.00829325903
1.01099409347
1.01442368078
1.01594490288
1.01811225998
1.01964538207
1.02218360704
1.02426629894
1.02666106537
1.03030831979
1.03308333838
1.03636112737
1.03915026228
1.04296981308
1.04556527504
1.04933639693
1.05176669327
1.05479757497
1.05812162664
1.06021168961
1.06378404909
1.06693753266
1.07039274794
1.07245513931
1.07501906252
1.07630118657
1.07942017637
1.08409382173
1.08610677344
1.089326153
1.09177438002
1.09683932432
1.10070756032
1.1036460641
1.1073638658
1.11308702704
1.11723874863
1.12115979755
1.1246663317
1.12857864837
1.13421852044
1.13871177788
1.14219903393
1.14590554092
1.15044656421
1.15342397098
1.15800329761
1.16291570095
1.16823568227
1.17077898607
1.17564084516
1.18245046548
1.18813283511
1.19286008834
1.19699264332
1.20175646458
1.20847243061
1.21428760839
1.21862332259
1.22457829517
1.23110285495
1.23758983792
1.2434379694
1.24790105287
1.25330250751
1.26019064668
1.26568201977
1.27117193602
1.27641268657
1.28300166185
1.28785510461
1.29678766882
1.30344770069
1.30999444578
1.31581825891
1.32083448094
1.32750464975
1.33140026285
1.33869170058
1.34910037542
1.35837361666
1.36473286004
1.37269479272
1.38179786353
1.38611165951
1.38881819434
1.39945154499
1.40533455369
1.41606604202
1.42190212057
1.42754634282
1.43437141018
1.44348268803
1.45720646403
1.46633270518
1.47779305155
1.49209002862
1.4994155723
1.50498561355
1.51753553227
1.52260369518
1.52707109623
1.53981549823
1.54767984303
1.55845509725
1.57320971033
1.58310761145
1.59144251383
1.60577405878
1.61909719556
1.63466077782
1.65694334178
1.67611378198
1.68804856004
1.70363752295
1.72180785923
1.74077379034
1.76036082818
1.78701527904
1.80159413487
1.81327840566
1.82819369197
1.85440006795
1.87265155311
1.88534087982
1.90416324599
1.93289158044
1.95943937442
1.9802134205
1.99408077724
2.03055029956
2.06209867527
2.10184003138
2.11952875356
2.14549059534
2.16681210151
2.19521733717
2.20168593711
2.22891374282
2.25815939103
2.27187613113
2.3084888578
2.34913234678
2.37990915868
2.41734014038
2.43128820342
2.48008518544
2.50164123525
2.53842050144
2.58224940388
2.66152578219
2.67293795817
2.71120303186
2.76310214405
2.81797059104
2.89384220928
2.87812990172
2.9133180197
2.81566644066
2.72099189953
2.58091720188
2.7868181669
2.47326539058
1.69800525097