0.254887126113
0.289091688765
0.300935614455
0.309116240013
0.315361289504
0.320510095516
0.324825499459
0.328728156654
0.332080509389
0.335064075061
0.3379231285
0.340499809411
0.342835363526
0.345060612369
0.347022217345
0.349063308165
0.350995518501
0.352614349079
0.354249650324
0.35584317069
0.357249427839
0.358743487219
0.360147878568
0.361419798963
0.362632515067
0.363836784053
0.365054902895
0.36612189099
0.367274940767
0.36848474065
0.369471809862
0.370264535668
0.371286125186
0.372261603556
0.373124865117
0.374027124196
0.374791379297
0.375769563023
0.376666356006
0.377460976483
0.378348184484
0.379206990323
0.379954810664
0.380764489454
0.381585858304
0.382246160266
0.382885764923
0.383618630656
0.384327471663
0.385053401374
0.38571535882
0.38637816161
0.387085867337
0.387714419539
0.388355764254
0.389006123059
0.389686741677
0.390297621015
0.390959931295
0.391557543965
0.392211140331
0.392761118096
0.393417565207
0.393972523213
0.394537438158
0.395166948021
0.395752524678
0.396219282201
0.396756649402
0.397278513102
0.397844325595
0.398465573916
0.398977507438
0.399546383832
0.400140690045
0.400661846438
0.401187424109
0.401695036456
0.402186934032
0.402668437501
0.403146106345
0.403620342372
0.40413992108
0.404606713035
0.405105710104
0.405574936714
0.406154282557
0.406572392156
0.407056043926
0.407487710705
0.40793063283
0.40845829477
0.408989552923
0.409388496059
0.409957739991
0.410488076905
0.410993034716
0.411501835623
0.411958226171
0.412451893753
0.412895009132
0.413289756169
0.413692203313
0.414190847691
0.414475045689
0.41499319412
0.415425599861
0.415909667496
0.416384513643
0.416848040478
0.417263295683
0.417722532768
0.418266083735
0.418787288617
0.419255138787
0.419711438506
0.420245743961
0.420722547327
0.421183907207
0.421706067953
0.422167273934
0.422646170132
0.423040025269
0.423544566555
0.423937699752
0.424290601822
0.424703917037
0.425197289955
0.425553312836
0.426047858743
0.426405726959
0.426933209758
0.427462927433
0.427886531089
0.428332325617
0.428831341273
0.429346558277
0.429835241457
0.430346184188
0.430780943735
0.431187783352
0.431654052564
0.432133765198
0.432670919154
0.433087686736
0.433555531198
0.433995222794
0.434462005026
0.434929091239
0.435466973868
0.435865938459
0.436360285212
0.436836586919
0.437274452162
0.437705011116
0.43817338254
0.438670589308
0.439121770714
0.439535508718
0.439996573671
0.440417443303
0.440844244296
0.441296622851
0.441684261614
0.442130206976
0.442595732933
0.44306239558
0.443520038233
0.444054148407
0.444520244095
0.444970894841
0.445415462685
0.445827340017
0.446278557052
0.446739560811
0.447177570806
0.447526206208
0.447837618096
0.448310455255
0.448824143033
0.449147579278
0.449466523588
0.449921324323
0.450264734608
0.450628559928
0.451062141239
0.451465212319
0.451914525359
0.452297758771
0.452563389882
0.452950406443
0.453319287128
0.453798575463
0.454359014821
0.454688915195
0.455148807656
0.455605706008
0.45607063106
0.456519418512
0.456694431195
0.457083177182
0.457553027299
0.458008513684
0.458433208804
0.458826364846
0.45923118525
0.459658883572
0.460049754551
0.460425412567
0.460927853275
0.461313020137
0.461653217219
0.462098593623
0.462566307232
0.463067321835
0.463494047717
0.463936543188
0.46433826755
0.464692723453
0.465061096928
0.465378084198
0.465782088429
0.466160795067
0.466483310552
0.466856856587
0.467387332053
0.467729613533
0.468131368055
0.468589534643
0.46890374298
0.4694039338
0.469812781782
0.470347150644
0.470798657811
0.471313723558
0.471778210461
0.47232051624
0.472707030081
0.473148422096
0.473547068331
0.474014020542
0.474299062662
0.474713290811
0.475108983322
0.475536772657
0.475996386862
0.476432685138
0.476665208804
0.477108851133
0.477518511394
0.477853208353
0.478301544353
0.478599246519
0.478980989596
0.479455701526
0.479874411777
0.480339849755
0.480401548979
0.48077142307
0.481227549522
0.481555197505
0.481901175421
0.482246316851
0.482609129801
0.482977760849
0.483122728044
0.483537585201
0.484003364778
0.484467435718
0.484948608174
0.485228703451
0.48556404513
0.485992103353
0.486406531326
0.486528347592
0.486542481527
0.486984956892
0.487399045601
0.487819345136
0.488279797691
0.488589089094
0.489087305048
0.489487006797
0.489844431062
0.490216140658
0.49065167494
0.49106724559
0.491506213525
0.491919473136
0.49226449028
0.492616069194
0.493057256434
0.493512164609
0.493906213336
0.494321353075
0.494622922372
0.495029417327
0.495510702337
0.495922851414
0.496293423253
0.496683545679
0.497071296194
0.497438406136
0.497907760612
0.498281856097
0.498688490774
0.498987100487
0.499422348552
0.499786387649
0.500185458632
0.500393050017
0.500771309276
0.501223085227
0.50165242395
0.501993248078
0.502312266507
0.502709527589
0.503062038819
0.503543475617
0.503958392375
0.504376292502
0.504329458911
0.504822982253
0.50531081276
0.50578096665
0.506217165406
0.506599490481
0.507005688512
0.507430111601
0.507873716524
0.508241034753
0.508426861724
0.508845570122
0.5090510702
0.508902548879
0.509246254694
0.509811025713
0.510354029917
0.510675251586
0.511072907773
0.511552794071
0.511931433134
0.512316723746
0.51279425086
0.513298828137
0.513741536199
0.514142052068
0.514524049655
0.514936079675
0.51533222866
0.515766968894
0.516178144558
0.51648674174
0.516909025325
0.517267022591
0.517627497736
0.51813030237
0.518589238998
0.519019667433
0.519403054242
0.519811194161
0.520129770945
0.520338721368
0.520891564777
0.521279883258
0.521677982432
0.522118599634
0.522449781946
0.522619728277
0.523248737459
0.523685145243
0.524046317673
0.524395510306
0.52475298662
0.52524685413
0.525673472169
0.525847774382
0.52635840498
0.526843031385
0.526955438192
0.527221019196
0.527725216673
0.528284304772
0.528822041396
0.529329405793
0.529851573829
0.530361974943
0.530816226623
0.531295363794
0.531809381846
0.532184778054
0.532613440495
0.533099211209
0.53355628639
0.534109746893
0.534590241944
0.534703676229
0.53524098813
0.535630982158
0.536089439836
0.536416310752
0.536906616963
0.537276762873
0.537782675461
0.538256725724
0.538798057818
0.539330485757
0.539885775053
0.540223807412
0.54067205983
0.541343393246
0.541802309548
0.542269705445
0.542573092542
0.543060755926
0.5436631799
0.544228516881
0.544773528281
0.545268734672
0.545737529647
0.545929713408
0.546310657001
0.546597166808
0.546699621933
0.547187731932
0.547680485435
0.548185610508
0.548736133962
0.54919663195
0.549696294788
0.550298838131
0.550767408283
0.551323943743
0.551810183219
0.552309494997
0.552844770265
0.553256838818
0.55379699961
0.554338676399
0.554848557535
0.55533977415
0.555935229709
0.556476249656
0.557077768821
0.557601728171
0.557901378998
0.558390815102
0.559076826148
0.559560329026
0.55996268111
0.560122077657
0.56030798586
0.56075477016
0.561196724484
0.56169747904
0.562231102988
0.562691640508
0.563122310321
0.563742996629
0.564357846486
0.565032228378
0.565358031418
0.565779492652
0.566293814497
0.56686192349
0.567456560553
0.568005161911
0.568478802429
0.569069615733
0.569387628846
0.570029235272
0.570514080878
0.571008297873
0.571301814864
0.57201242867
0.572542710265
0.573092023696
0.573607237142
0.574253409538
0.574954140571
0.575529291708
0.576243941892
0.576842271925
0.577343734776
0.577881694532
0.578473673375
0.578982392567
0.57974770097
0.580405055086
0.580952923895
0.581358353585
0.582109873263
0.582544224505
0.583273147145
0.583712026948
0.584154049257
0.584706141418
0.585373672531
0.586083564775
0.586833074037
0.587462576568
0.588277189384
0.58889813487
0.589526857263
0.590151309178
0.59081441323
0.591221910077
0.591843196587
0.592621429485
0.593330681339
0.594132649447
0.594637672721
0.595403753697
0.596259575261
0.596900794237
0.597703975228
0.598289179512
0.598930332202
0.599688888545
0.600331478288
0.600918501727
0.601432246582
0.601997360841
0.60262142589
0.603013698037
0.603738268163
0.60431809059
0.60468662738
0.605303578712
0.605639824657
0.606434309205
0.607132420929
0.607791042036
0.608158480804
0.609049455456
0.609288444496
0.609826905724
0.610431847915
0.611099843204
0.611866557971
0.61274486776
0.613415986812
0.614031450482
0.614362871634
0.614725720071
0.615169850571
0.61577873988
0.616517702865
0.617170928098
0.617949922507
0.618696298755
0.619315029026
0.619901035394
0.620447334474
0.621468672481
0.622349940856
0.622884205954
0.623573629057
0.624311307609
0.625000908457
0.625837614316
0.626591219058
0.627189690657
0.628129031776
0.628942515821
0.629642676837
0.63065793364
0.631266089415
0.63208304069
0.632941068021
0.633641978286
0.634539153054
0.635068652131
0.63618852777
0.636871614607
0.637551553099
0.63813028999
0.638960699526
0.639485431291
0.640386207871
0.641263970211
0.641364404359
0.642220400287
0.643175946371
0.644071208652
0.644705856601
0.645602465473
0.646661542724
0.647393607637
0.64770090024
0.648703789531
0.649282053535
0.650027003211
0.651209792571
0.652172311093
0.652872782522
0.653926890672
0.654869123439
0.655884748431
0.656637508594
0.657557077271
0.658516878179
0.659241218955
0.660200615796
0.661138992325
0.661375492848
0.662285880352
0.663235071346
0.664227807615
0.665429029701
0.666457243609
0.667541312638
0.667997560592
0.66906371558
0.669888239194
0.670851849439
0.671733551222
0.672505952773
0.673109253088
0.674005341125
0.674920430546
0.675915326229
0.676369529409
0.677301553675
0.67788934773
0.678806746573
0.67923995522
0.679668382646
0.680665403852
0.681559097059
0.682682572697
0.683578487881
0.684867223714
0.685881133915
0.686554782931
0.687749565567
0.688853998881
0.689905056438
0.690549943499
0.691563412501
0.692250139965
0.69338041006
0.694808111995
0.695802770077
0.696811918868
0.697159157223
0.698505167963
0.699353725142
0.699907922233
0.700836943185
0.702145527813
0.702749460957
0.70378730772
0.704873718382
0.706290465658
0.707374089448
0.708194190166
0.70952433536
0.710500373554
0.711399561634
0.712242813507
0.713436304923
0.714604199828
0.716023007421
0.716669005186
0.717139964575
0.718068216542
0.719392486563
0.720474671998
0.720674738533
0.722018900945
0.72288599869
0.724141735557
0.725676800262
0.726988468217
0.728025258434
0.729523554003
0.730644057437
0.731765613554
0.733136202524
0.734349312421
0.735684678939
0.736533993534
0.738009533409
0.73959085036
0.740923996305
0.742335598422
0.743927171393
0.744493319154
0.745764648437
0.746937693148
0.747874130854
0.748943748197
0.750299462451
0.751125951347
0.752155889981
0.753006048517
0.754260188798
0.755078720418
0.756796270115
0.757734125386
0.759173082323
0.760851643152
0.76040924369
0.761728539802
0.76257895585
0.763567786413
0.763246358419
0.764497996707
0.765298737817
0.766441507251
0.767506209499
0.768862563127
0.770186999132
0.77172817677
0.772822530488
0.774393635784
0.775796443494
0.776874599763
0.777887296133
0.779164719916
0.780684199931
0.782376868298
0.783998827281
0.78522549702
0.78641774172
0.787418459243
0.788784651298
0.7907755931
0.793145158735
0.794173659622
0.794939670118
0.796159472161
0.798093587184
0.799949969032
0.801499412929
0.802897038022
0.804371721292
0.805797923365
0.807350019317
0.808696203231
0.808794367324
0.810465903017
0.811815148994
0.813625163868
0.815475308789
0.817233797306
0.818561609623
0.819267047828
0.821014315586
0.822616425667
0.823788402049
0.825545255176
0.827500696745
0.829104580457
0.830462655181
0.831069446698
0.8331115756
0.834446533613
0.835475403675
0.83689766538
0.838962762049
0.84088197165
0.84208151179
0.842810537547
0.844131116874
0.845094925433
0.846162897538
0.848047604394
0.849583873207
0.852133910457
0.853298074685
0.854710802178
0.856880479135
0.85857136897
0.861136534624
0.863952067345
0.86605633182
0.868193123688
0.87005848731
0.871633230684
0.873391435617
0.875420693956
0.877685174585
0.87919213889
0.881788882459
0.884040429942
0.885972928054
0.888063575451
0.89076816251
0.892565685815
0.894558240746
0.895431037143
0.898020639235
0.900869290503
0.902652588165
0.905505571461
0.908008318381
0.910494141636
0.91206192582
0.914558370017
0.916310492403
0.918826942142
0.920789141954
0.923380208896
0.926302845402
0.927692770466
0.930853300524
0.93251243178
0.934606821769
0.937787805621
0.936743121211
0.939117704608
0.941615771366
0.943516699572
0.946589307079
0.949396462232
0.951960920717
0.954475187888
0.956167457077
0.959565989397
0.963560164881
0.965662463907
0.968144532513
0.970348327875
0.971564566116
0.97417172004
0.975866788377
0.978233733848
0.980626791999
0.984200739726
0.987043950696
0.989449666796
0.993052831785
0.995362584349
0.999338268124
1.00159558302
1.00441475185
1.00783382007
1.01076269328
1.01305355909
1.01648133065
1.02034381265
1.02243384481
1.02561947139
1.02825559975
1.0322963328
1.03496057396
1.03821413491
1.04167665184
1.04490879759
1.04887153236
1.05255667329
1.0552292392
1.05887711408
1.06208447632
1.06513185092
1.06945883791
1.07273400712
1.07638845874
1.08058788217
1.08459174887
1.08937494288
1.09273053939
1.09768612811
1.1022448287
1.10632813917
1.10655767246
1.10982123059
1.11461952088
1.11819111512
1.11974448947
1.12431160573
1.12697985075
1.13200856642
1.1350895308
1.13811675705
1.1410129178
1.14587407717
1.1498705978
1.15579670936
1.15837016961
1.16350947457
1.16644206595
1.17356642988
1.17837948233
1.18162849675
1.18215861257
1.18805927689
1.19179462144
1.19885608708
1.20146604774
1.20514680571
1.21066392323
1.2143221573
1.22184563505
1.22669732119
1.23249783833
1.23701349136
1.24354939984
1.25056067886
1.2508881624
1.25746458867
1.26420321239
1.27355469353
1.28102654738
1.28393828579
1.29170393234
1.29661654816
1.30489123268
1.31389807417
1.32342445244
1.32973350045
1.33494464846
1.33511122445
1.34402708901
1.35151703747
1.35849987233
1.36497084142
1.37484136594
1.38663010981
1.38802743354
1.3964150216
1.40056820089
1.41180805915
1.42234680003
1.43224648286
1.44370611481
1.44975687421
1.45435834968
1.46718498347
1.47823306526
1.49189718693
1.50713929144
1.52086920222
1.53433975978
1.53880352706
1.5515215131
1.55663737083
1.57061517902
1.57924043524
1.59738641668
1.60811467272
1.62316988788
1.64040477032
1.6600250091
1.66925259751
1.68286442721
1.69555180807
1.72355255032
1.73960044082
1.75847594838
1.78760386893
1.79505243544
1.81488487749
1.83934496167
1.85176354072
1.8748068623
1.89769117452
1.92430980092
1.95476817037
1.97741727417
1.99277532979
2.01177209506
2.02303039248
2.04724433653
2.0785803916
2.10518797887
2.13578068212
2.16833751875
2.1783059158
2.2130110795
2.2490190256
2.2925663955
2.32514962909
2.31711246342
2.34865350741
2.38209914175
2.39355232875
2.45576639898
2.53197092216
2.56420576392
2.61310401761
2.66898856132
2.65749202149
2.6218712582
2.69211175925
2.7117247871
2.77806802885
2.7949884615
2.77396785298
2.74831376465
3.00434633032
2.84221331392
2.77078496391
2.68393824076
2.75116755553
2.32751490764
1.41946606449
0.942087455157