0.256076144947
0.289248268465
0.300867228203
0.308400088524
0.314056981638
0.318777693367
0.322681086398
0.326068553221
0.329201755097
0.331941541666
0.334451308743
0.33673441156
0.338828482195
0.340775458636
0.342603066955
0.344401662274
0.346097797995
0.347710517511
0.349223688824
0.350655344737
0.352037511979
0.353423872989
0.354601658423
0.355707663549
0.356820593922
0.358011445478
0.359144412223
0.360281284284
0.361340916879
0.362274708362
0.363242950977
0.364130700538
0.365070915341
0.365964954159
0.366904068602
0.367786115455
0.368533045087
0.369388111715
0.370241784292
0.371099752858
0.371835663215
0.372631916244
0.373341954384
0.37406372783
0.374839723152
0.375523298431
0.376246440651
0.376889262886
0.377605417427
0.378162726148
0.378726658839
0.379361637432
0.379999565056
0.380662460722
0.381318996337
0.381765046825
0.382387728651
0.382948970499
0.38362764477
0.384169118782
0.384774599051
0.385417743902
0.386017860152
0.386667111267
0.387203206508
0.38776026171
0.388311457307
0.388787279704
0.389316206886
0.389884818742
0.390441379663
0.390881149259
0.391380231117
0.391869285572
0.392400392256
0.392906484799
0.39334089195
0.393720586775
0.394277598094
0.394712093634
0.395278098457
0.395806241302
0.396312027942
0.396855082635
0.397342304514
0.397842139439
0.398286402698
0.398802916807
0.399284119544
0.399781275504
0.400248046911
0.400711146846
0.401236908215
0.401714392036
0.402168426845
0.402641383793
0.403103350783
0.403616152517
0.404190332018
0.404769084194
0.405230077803
0.405721268293
0.406196373382
0.406630614397
0.407148827854
0.407622954779
0.408032099651
0.408483413719
0.408979669398
0.409442941933
0.40987150674
0.410382956907
0.410844858804
0.411248048446
0.4117297657
0.412140751663
0.412508047493
0.412985094925
0.413418223788
0.41388881558
0.414325154332
0.414800741064
0.415268735604
0.415752650209
0.416253356439
0.41663751165
0.417131733154
0.417630908991
0.418149991974
0.418605288124
0.419005203761
0.419444328777
0.419839154282
0.420313575065
0.420763058605
0.421209497077
0.421677424074
0.422136816709
0.422617616421
0.423152438261
0.42361398242
0.423951779708
0.424440327041
0.424966030339
0.42545406169
0.425915121316
0.426366932541
0.426894901989
0.427296839168
0.427800918221
0.428248154566
0.428713508327
0.429167234966
0.429586092964
0.429978938766
0.430406037412
0.430818644596
0.43130285269
0.431647889846
0.432104714209
0.432510697404
0.432929183096
0.433471999532
0.433891841256
0.434342579023
0.434815464724
0.435271548545
0.435747820784
0.436016055896
0.436469890509
0.437008893387
0.437493197589
0.437902253412
0.438305896016
0.438793837836
0.439329991833
0.439685677436
0.440056135071
0.440573944827
0.441025614384
0.441490566483
0.441960511354
0.442465119779
0.44284490581
0.443336005442
0.443819363282
0.444247664347
0.44462832274
0.44492973561
0.445310675984
0.445744762685
0.446179463067
0.446733430736
0.447079457672
0.447594700972
0.448096656393
0.448490505505
0.448941638761
0.44952547308
0.450029356569
0.450475938454
0.451036205015
0.451401604405
0.451738374849
0.452184502927
0.452520465888
0.452726619122
0.453216708883
0.453555927162
0.453979118093
0.454336394001
0.454762478449
0.455272351526
0.455628403748
0.456098262253
0.456597931596
0.457080375751
0.45755839682
0.45798759815
0.458441039484
0.458824479694
0.459231578428
0.459680162893
0.460146643466
0.46058166986
0.460978469139
0.461275821567
0.461856218194
0.462263926258
0.462629225276
0.46307597241
0.463551723907
0.463970205988
0.464419288671
0.464886644909
0.465371536345
0.465793889464
0.466243802269
0.466692765882
0.467058001054
0.467503190324
0.468005888844
0.468446846367
0.468802995898
0.469240364655
0.469645079146
0.470044660713
0.470468125443
0.470917410529
0.471476192358
0.471824936376
0.472304866203
0.472688031768
0.473098684543
0.473481400846
0.473731742102
0.474107850545
0.474545406628
0.474984041782
0.475425455054
0.47588511026
0.476179924328
0.476623368665
0.476856116756
0.477220381682
0.477589650099
0.477959211053
0.478174821489
0.47869262998
0.479072524702
0.479433976967
0.47972200909
0.480147204591
0.480501427967
0.480816782315
0.481295517624
0.481646504161
0.482099704623
0.482530617379
0.482912293841
0.483295256181
0.483477603062
0.483844558356
0.484355464693
0.484755137962
0.485150018559
0.485669527672
0.486019252625
0.486397183047
0.486559689108
0.486861640582
0.487252303889
0.487602870381
0.487926271132
0.488002324803
0.48826068591
0.488645558093
0.489013343898
0.489491357275
0.489853872171
0.49033144722
0.490821127851
0.491232911802
0.491639113394
0.492050810533
0.492399124435
0.492894872813
0.49330411885
0.493621805192
0.494032334708
0.494248197708
0.494672732474
0.49504528132
0.495522455766
0.495840888654
0.496256462053
0.496755360269
0.497239667645
0.497587446911
0.498123777167
0.498457637553
0.498884359904
0.499371805992
0.499580427853
0.499951561768
0.500358154874
0.500689715019
0.501037775544
0.501458626535
0.50197353539
0.502354315137
0.502897939995
0.503354158807
0.503690159421
0.504061492831
0.504464356862
0.504950542948
0.505311991663
0.505707652935
0.506171142539
0.506564056833
0.507035633697
0.507572548431
0.507997127633
0.508390217991
0.508708808
0.509186457129
0.509529844006
0.510027996689
0.510202272744
0.510564818549
0.510957001463
0.511350475369
0.511725451275
0.512259763076
0.512802908573
0.513255845609
0.513715013562
0.514156411433
0.514554050701
0.515015815781
0.515220406835
0.515586833113
0.516030411141
0.516445694711
0.51691220733
0.517412580152
0.517749956582
0.518080027844
0.51846431117
0.519022195647
0.519406292413
0.519817872845
0.520418898559
0.520898190685
0.521440119958
0.521672212811
0.522085730784
0.522591549824
0.523094627351
0.523500707581
0.523898319073
0.524512604342
0.525062862249
0.525575568655
0.526027718213
0.526520996981
0.526961668339
0.527390899205
0.527789461264
0.528296776209
0.528814853736
0.529118986853
0.529546015503
0.53012283974
0.530596971591
0.530996879952
0.531567957549
0.532076380591
0.532473533615
0.532909815308
0.533435333589
0.533994958826
0.53456888155
0.535036569804
0.535467420548
0.53604076711
0.536471145408
0.536769372323
0.537282356815
0.537780211281
0.538272500423
0.538537640185
0.538979103012
0.539158208568
0.539612761341
0.540111862372
0.540759490617
0.541113848942
0.541702486257
0.542223629489
0.54273232631
0.543204708898
0.543761799595
0.54418049961
0.544502885097
0.545009961509
0.545356861537
0.545759900419
0.54630789076
0.546661741619
0.547016627357
0.547461743748
0.548064407052
0.548476626779
0.548997044224
0.549573675787
0.549931065379
0.550497340184
0.551013211674
0.551509502756
0.551963231273
0.552500492822
0.552814840094
0.553227156842
0.553749360633
0.554172030685
0.554616003264
0.555094285467
0.555432626757
0.555914103701
0.556421176966
0.557065999512
0.557682220282
0.558244792075
0.558735920491
0.559109173439
0.559673322095
0.560239747722
0.560882025487
0.561435560935
0.561984514047
0.562543533024
0.563013485877
0.563576047183
0.563895242114
0.564346118972
0.564895769218
0.565479409433
0.565777059561
0.566206735596
0.566683357582
0.567019899766
0.567688927719
0.567886847474
0.568086158548
0.568707472035
0.569148062314
0.569703148998
0.570136213408
0.570725099876
0.571275148546
0.571852283126
0.57236232251
0.573087226752
0.573785199448
0.574355625176
0.575087091586
0.575812260846
0.576506922968
0.577118245783
0.577504268976
0.578198063281
0.578793212811
0.579285029446
0.579879598648
0.580670157698
0.58141949378
0.581727795445
0.582397464635
0.582231698232
0.582444631327
0.583235859784
0.583979425832
0.584458113203
0.585171367308
0.585840323894
0.586219134554
0.586657123923
0.587408357286
0.587904334023
0.588703761295
0.58882313452
0.589579111981
0.59025371005
0.590502234316
0.591205837182
0.591740839791
0.592156305565
0.592594304875
0.59329111834
0.59397074531
0.594743104854
0.595463861995
0.596273480561
0.596852585897
0.597562467176
0.598500483121
0.599271950089
0.600139735806
0.600734716924
0.601255764433
0.601834200788
0.602689659601
0.60370985938
0.604377794851
0.604862417017
0.605509566187
0.60620095788
0.606992493203
0.607898356978
0.608838069522
0.609278631718
0.610235947939
0.611036195808
0.61161754754
0.612267128267
0.612765427686
0.613576945703
0.614261590209
0.615305118214
0.616198400636
0.616799830335
0.6175194909
0.617973539421
0.618461919091
0.619246101956
0.620105596711
0.620991156364
0.621750710084
0.622619676144
0.623392351966
0.624114632015
0.624873339313
0.625539078709
0.62641599932
0.627188390477
0.627648147706
0.628425084842
0.629260292629
0.630267125582
0.630802243427
0.631674090128
0.63239461045
0.632741311486
0.633365032575
0.633954599293
0.634751987649
0.635576160231
0.636101167572
0.636816181419
0.637648328373
0.638225869237
0.63932871928
0.640236197012
0.641290057226
0.641886561045
0.642744540956
0.643044919706
0.643775631127
0.644388514766
0.645240233379
0.646266150368
0.646589581712
0.647511767336
0.648284177155
0.649246126332
0.650030999259
0.650526244365
0.651604074232
0.65272964489
0.653062281427
0.653849647813
0.654659333608
0.655720338509
0.656465788352
0.657360952091
0.658110566248
0.658890258504
0.659993166169
0.660791202092
0.66147007553
0.662073468833
0.663041666019
0.664058402271
0.665032379248
0.666031041823
0.666962705515
0.667765670206
0.668448007095
0.669405375014
0.670286194686
0.670605404257
0.671583685667
0.672694192514
0.673325171496
0.674479190171
0.674886831949
0.675652559271
0.676901002366
0.677667956236
0.678829197127
0.679723098086
0.680895637419
0.681537794081
0.682651550714
0.683604127153
0.684809178635
0.685165300519
0.686438068685
0.687448683094
0.688523303262
0.689719865089
0.69038078707
0.691501441407
0.692733233269
0.69365884782
0.694804808292
0.695953871385
0.696986611515
0.697991650232
0.699187501009
0.699996824384
0.700723670377
0.701844778303
0.702870699146
0.703295561593
0.704517489422
0.704797557088
0.705619079679
0.706260764265
0.707045130066
0.70792059249
0.708872087734
0.709906733614
0.71126426561
0.712185316292
0.713596091525
0.71460346045
0.715678892517
0.716107606336
0.71773603492
0.718399072116
0.719355184658
0.720947072961
0.722244763799
0.72336097436
0.724433064212
0.725492713801
0.726824632319
0.728099018085
0.729134897212
0.730432681604
0.730850532189
0.73143442263
0.733374937498
0.734798714346
0.735924612386
0.737865332722
0.739454796243
0.740721941974
0.741783566969
0.742895280591
0.74442308637
0.746028661092
0.746598281131
0.748097587761
0.74908878718
0.750377263998
0.751585298306
0.752613819495
0.7541029134
0.755554236465
0.75703739815
0.75828169703
0.759788431888
0.760360691588
0.761571795362
0.762882868988
0.764512793401
0.765789767621
0.767644466631
0.769116390904
0.77072823067
0.772237110051
0.773286532311
0.774262906198
0.775514629944
0.77665018275
0.778020829877
0.779588034706
0.781269859345
0.782466984763
0.783794140459
0.784258337071
0.785860663849
0.787529336804
0.78840651044
0.789174568554
0.790795627351
0.792528128938
0.794694612918
0.796246176882
0.798208878659
0.799303864439
0.800898209243
0.802157375508
0.803850699801
0.805142329809
0.806461254676
0.807922278241
0.809761185951
0.811785571065
0.812868559878
0.81406202495
0.815706437386
0.817253807686
0.818361896406
0.820385472704
0.822119667554
0.823838438551
0.825792732575
0.827404051093
0.829604558601
0.831075733565
0.832845140792
0.834746981746
0.836252320286
0.83769554783
0.839702013105
0.842201192939
0.84362315828
0.845076907406
0.846336094237
0.847936957755
0.849544163153
0.851533319799
0.853668979586
0.856286575639
0.857545065688
0.860246652706
0.861991603133
0.86412180864
0.865010683901
0.866653732058
0.867604854092
0.870096100167
0.871584202195
0.873987165869
0.875649111496
0.878381493133
0.880516922193
0.883366452866
0.885694892081
0.887765749603
0.890170900864
0.89223012269
0.894751684907
0.897107819488
0.896314644368
0.898150428966
0.900767839078
0.90324833227
0.906077431134
0.90831852402
0.909597225361
0.912331727118
0.915996153772
0.918441921212
0.920401778029
0.922515410561
0.925625938407
0.926879369355
0.930086591403
0.933297551896
0.935936639992
0.938195049896
0.941578903198
0.945078995535
0.94757157056
0.949666018315
0.951522017061
0.953478877634
0.956926763594
0.958449627172
0.961133628113
0.963765527273
0.966733413969
0.9695507606
0.972898267167
0.975992318235
0.978406367276
0.980018491937
0.98268644171
0.985079718931
0.988735782785
0.992245783723
0.994464787348
0.996857825545
0.998774411836
1.00141571697
0.999575236779
1.00314800846
1.00603319464
1.00840092137
1.01133545052
1.01438175971
1.0167903593
1.01919396475
1.02344781001
1.02717597175
1.02930577171
1.03280362051
1.036996576
1.03995465755
1.04240131814
1.04567238707
1.04937321873
1.05265426578
1.0550473214
1.05272432617
1.05546633223
1.05985174735
1.0639258428
1.06582669114
1.06975628853
1.07347737631
1.0756988759
1.08002300086
1.08534234096
1.08919191002
1.09337864565
1.09606789452
1.10111830465
1.10580760557
1.11057076226
1.11467547285
1.11870095785
1.12135128085
1.12742352839
1.13154854805
1.1376911667
1.14428056865
1.14714847325
1.15246742212
1.16136108233
1.16733040168
1.17381486682
1.17962683936
1.18445181016
1.18842003494
1.19229562002
1.19506728804
1.20122142196
1.20749583148
1.21535569707
1.22161930217
1.22719525636
1.23278805235
1.23688634522
1.24067343652
1.24556551221
1.25570772591
1.26056578048
1.26861773753
1.27360713319
1.27762496475
1.28251609644
1.28973706103
1.29307865302
1.29626749724
1.30333071513
1.3091882334
1.31483451572
1.3221461131
1.33065237673
1.33657930861
1.34514279259
1.35532970071
1.36304728806
1.36930630966
1.37345379358
1.38627961254
1.39752337138
1.40735643877
1.41580244236
1.42550524234
1.43363823546
1.44229036194
1.45360346939
1.46577069121
1.47815599935
1.48449494429
1.49270841429
1.50173158836
1.51406340776
1.52574303256
1.52851693164
1.54284122792
1.54982941931
1.55982168342
1.57356793244
1.58521156413
1.58910153042
1.60319818296
1.61072022371
1.62345498506
1.63761315898
1.65306658918
1.65907842292
1.67697039775
1.69124092653
1.70887500337
1.72033665514
1.73195745484
1.74345568221
1.75961524045
1.77597702555
1.79004320146
1.80288310239
1.82361307492
1.84000824923
1.85880736563
1.87701248682
1.90082003293
1.93326664769
1.95026145455
1.9629406836
1.98906386196
2.01100824924
2.03591638813
2.06222432448
2.09278446672
2.08778132866
2.12387295292
2.14224000616
2.17812956498
2.20542987872
2.23629344234
2.27346759691
2.29618892089
2.33212224032
2.33954322937
2.38356275456
2.43673808478
2.47017688581
2.52671088066
2.57528573192
2.63531363738
2.69361778147
2.72372691533
2.73541943007
2.79608620555
2.91244967188
2.96650332596
2.99095369222
3.10528383657
3.14351503149
3.22294111518
3.27339308869
3.26019962451
3.27829437983
3.2689415051
3.35991779191
3.28381839526
3.1589839865
3.54032468105
3.24420546768
2.85893278387
1.17633549292