0.254887162258
0.289962165033
0.300885693098
0.308666180035
0.31476165053
0.319530820981
0.323634137663
0.327089374665
0.330218386892
0.33307159287
0.335625177793
0.338066626484
0.340269684463
0.342217944949
0.344111541746
0.345884631529
0.347469324776
0.349041204543
0.350647049883
0.352124270019
0.353544205636
0.35495525396
0.356255408816
0.357560961164
0.358778328396
0.360002872533
0.361120907813
0.362142331543
0.363146185109
0.364221870471
0.36520124022
0.366125778131
0.367093348781
0.368133809296
0.36901986005
0.369965086549
0.370944388647
0.37179511642
0.372638854869
0.373490457688
0.374370276319
0.375125605656
0.376014440141
0.376849738883
0.377700492621
0.378567084585
0.379367423284
0.380116860967
0.380897774813
0.381740027291
0.382471911793
0.383179403456
0.383942248387
0.384670628535
0.385199922537
0.385868159731
0.386557743273
0.387240077093
0.38795509018
0.388564048967
0.389005482875
0.389706835278
0.39031232508
0.390962358714
0.391619593148
0.392240718676
0.392797727546
0.393433328133
0.394004516447
0.394566016815
0.395271445041
0.39580533964
0.396331330829
0.396977342474
0.397503040035
0.39810432977
0.39870908754
0.399223033994
0.399853785461
0.400449396637
0.400982055481
0.401492087619
0.402084582203
0.4026371252
0.403124131131
0.403730610898
0.404199636692
0.404718905199
0.405170401056
0.405683193967
0.406164547152
0.406661457827
0.407204312006
0.407572566566
0.408137577819
0.408635911492
0.409116077627
0.40958417241
0.410120822838
0.410632887203
0.411065813511
0.411524872526
0.412011794178
0.412522312748
0.4130221381
0.413531418742
0.414019870348
0.414488410699
0.415028261763
0.415476277903
0.415935967396
0.416364683231
0.41688424553
0.417382360624
0.417799931547
0.418084352766
0.418508216637
0.41900007516
0.419462172087
0.419935743161
0.420380715097
0.420820644895
0.421189033366
0.421590738175
0.42195444632
0.422445092906
0.422913105779
0.423316999241
0.423797713968
0.424240906109
0.424651496561
0.425088008806
0.425465472477
0.425967858706
0.426355818967
0.426768319262
0.42716548246
0.427561190507
0.427990351668
0.428489026832
0.428934945406
0.429350382353
0.429654242084
0.429972965097
0.43035844967
0.430794683143
0.431199892916
0.431567022858
0.431998178806
0.432380425648
0.432760356126
0.433136096369
0.433497500284
0.433879713056
0.434257375713
0.434649902216
0.435067301536
0.435437543467
0.4357525827
0.436164414027
0.436486791661
0.436939332241
0.437368247496
0.437759810005
0.438070761626
0.438505466685
0.438887364179
0.439250638244
0.439679962897
0.440149957867
0.440427332563
0.440823109571
0.441198608061
0.441642388194
0.442060044602
0.44241954596
0.442766248183
0.443147437109
0.44345113718
0.443780042114
0.443905412116
0.444290259813
0.444672091016
0.445050512626
0.445417002565
0.445837221556
0.446158680068
0.446605291129
0.446994638847
0.447351837574
0.447746908741
0.448149289631
0.448573294504
0.448898914546
0.44920528729
0.449526605305
0.449811158116
0.450115477294
0.450531229661
0.450978767068
0.451355249939
0.451709440907
0.45205757803
0.452431568608
0.452761712144
0.453146213961
0.453473612206
0.45344511206
0.453808743112
0.454168948922
0.45450064545
0.454834846605
0.455184851908
0.455576193202
0.455785211832
0.45624505542
0.456655591797
0.456898830874
0.457260915916
0.457548516791
0.457927131584
0.458228147908
0.458643567423
0.458999147653
0.459393556492
0.459775054748
0.460130477498
0.460526559673
0.460985790127
0.461271986272
0.461648569216
0.461917553053
0.46230169864
0.462523039187
0.462749864545
0.463014180012
0.463424261664
0.463883764585
0.464276221028
0.464682157679
0.464963842301
0.465378546586
0.46563897341
0.465977662525
0.46632324028
0.466675868217
0.467012435545
0.467414135436
0.467852822634
0.46826332003
0.468595319186
0.46899540035
0.469440019123
0.469721479143
0.470081258024
0.470448061841
0.470885808602
0.471276867835
0.471696811684
0.471924927387
0.472404899619
0.472779579112
0.473085982006
0.473436735569
0.473833657445
0.474188345364
0.47457801159
0.474940570852
0.475318758488
0.475807736232
0.47626013821
0.47666755351
0.477027942091
0.477356120349
0.477781919578
0.478118814426
0.478490201289
0.478890384339
0.479156629339
0.479490344089
0.479910906678
0.480280208306
0.48066438449
0.480973745429
0.481280798085
0.481679327114
0.482071570573
0.482490787127
0.482960871081
0.483291881173
0.483557698831
0.484041528351
0.48414847049
0.484421861746
0.484823089185
0.485218276739
0.485479040719
0.485884294709
0.486326417746
0.486471027324
0.486897947523
0.486943489845
0.487230938354
0.487676677914
0.488132259642
0.488575610923
0.489049155132
0.489412366317
0.489804367083
0.490134487447
0.490444369157
0.490833353959
0.491224889597
0.491519305156
0.491922697065
0.492186876408
0.492559503455
0.492951620245
0.493239802586
0.493625941441
0.494000969203
0.494407083305
0.494681572498
0.495022333393
0.495314331376
0.495637181748
0.495894949859
0.496325363116
0.496714208774
0.497159140208
0.497623061321
0.497857752603
0.498156441284
0.49852087047
0.498928559075
0.499199328497
0.499708292343
0.500138069334
0.500577682859
0.500948953106
0.501367010742
0.501866088713
0.502400904099
0.502831216472
0.503070431404
0.503416767618
0.503793540845
0.504227289233
0.504631099003
0.505074804775
0.50549078456
0.505954877092
0.506346944111
0.506616446598
0.507099110945
0.507481780076
0.507880489505
0.508324280982
0.508766267355
0.509077015434
0.509578795142
0.50987419133
0.510435685256
0.510786646184
0.510870853016
0.511239291699
0.511709103899
0.512024562679
0.512392509876
0.51268463854
0.513010752732
0.513256264107
0.513524339302
0.513806432861
0.514198772553
0.514613656612
0.515100746414
0.515329242074
0.515627432261
0.515935161789
0.516351702778
0.516356059607
0.516634995993
0.517072864694
0.517520249585
0.517761607507
0.518169989912
0.518407299367
0.51885839166
0.519113683242
0.519636485484
0.520082057782
0.520509415402
0.520859258935
0.521281034894
0.521745160145
0.521902506151
0.522406934271
0.522686241933
0.523153762012
0.523456561957
0.523848506273
0.524150076727
0.52461964218
0.52518425852
0.525689318899
0.52618618082
0.526617786852
0.526928791997
0.527371516586
0.527901534993
0.528132376545
0.528574490006
0.528926076166
0.529339934458
0.529629072374
0.530066804233
0.53044586488
0.530802595537
0.531202988127
0.531619266226
0.532020500647
0.532553164127
0.532962813421
0.533285675009
0.533756968653
0.534237575785
0.534495794408
0.534731284961
0.534973776802
0.535457610115
0.535855743694
0.536345327679
0.536938861252
0.537306087282
0.537665765274
0.53825975372
0.538726131661
0.539048984533
0.539484269849
0.539871144721
0.540287225688
0.540778828978
0.541114290002
0.541581990105
0.542044830968
0.542542613317
0.543062314438
0.543601275063
0.544057063574
0.544424412269
0.544996247006
0.545538572337
0.546063831528
0.546525461993
0.547023948298
0.547482421887
0.547760352246
0.548441150893
0.548829429085
0.549221332594
0.549742962186
0.54997388676
0.550568772386
0.55094207297
0.551247165962
0.551369059074
0.551808499837
0.552306924027
0.552874401319
0.55344688476
0.554003466843
0.55467634182
0.555205116879
0.555742963566
0.556231842639
0.556848668703
0.557400715163
0.557754236909
0.558265926012
0.558871542702
0.559153465958
0.559391216873
0.56008093704
0.560544884346
0.560992094138
0.561469719968
0.561665656896
0.562121202345
0.562748409145
0.563267731699
0.563955445469
0.564529170802
0.564992811188
0.565443336347
0.566089744844
0.566380380073
0.567067973166
0.567616021251
0.568034574109
0.568462996617
0.569207633265
0.56976917545
0.570353422418
0.570861617463
0.57145855965
0.572047807109
0.572624500979
0.572898604709
0.573530072066
0.57410490852
0.574579751023
0.574877411037
0.575571607308
0.576214766617
0.576807141061
0.577446108198
0.578031982659
0.578914850173
0.579731160955
0.580048700149
0.580633235583
0.581041752539
0.581669691696
0.582209708314
0.582803022205
0.583411980754
0.584068387205
0.584693844627
0.585359031008
0.585870846401
0.586392371736
0.586883641958
0.587278247955
0.587853713646
0.588425473076
0.589109714393
0.589780090589
0.590261866994
0.590767654595
0.591376415783
0.592135881722
0.592685680989
0.593423680032
0.593947195346
0.594421199005
0.595066723686
0.595647570518
0.596420697695
0.596869836311
0.597505784783
0.597999813563
0.598503646792
0.599194766511
0.600054060381
0.600818392404
0.601463596081
0.602225577743
0.602639904734
0.603148567543
0.603928820903
0.604416210813
0.604807207842
0.60540455068
0.606266826844
0.607067522337
0.607885214937
0.608523157862
0.609206228488
0.609363335841
0.610215277655
0.61105902482
0.611628738274
0.612257094813
0.613092884545
0.614004664599
0.614767154861
0.615589819418
0.616372129566
0.617151563925
0.618012170755
0.618796677783
0.619013933391
0.61921424734
0.619857543206
0.620608594382
0.621219623688
0.621993869147
0.622888986804
0.623602428584
0.624378638759
0.625215731935
0.625695922773
0.626620204048
0.627453558532
0.628039381959
0.629010597355
0.629739696841
0.630502378382
0.630764679081
0.631617744352
0.632342757302
0.632692218753
0.63370621187
0.634750797813
0.635518152286
0.636315816079
0.637034561201
0.637557212077
0.63823915392
0.638426803947
0.638953513455
0.639738143162
0.640284646967
0.641026083573
0.641746314076
0.64267524973
0.643529970625
0.644330143359
0.645031268035
0.645835904677
0.646436451012
0.647290154335
0.648288977258
0.649153537728
0.650044985906
0.651436399648
0.6523768359
0.652951441251
0.654148397356
0.654883519672
0.655884916589
0.656684013412
0.657700642088
0.658426267785
0.659235530443
0.660211577436
0.661123824568
0.661813714657
0.662473837354
0.663116324004
0.664133928033
0.664897764553
0.665983778207
0.666789708859
0.667754331784
0.668216550926
0.669129008458
0.669915100277
0.670700128407
0.671672472425
0.672282815749
0.6733186585
0.673351724579
0.674002578391
0.675102844864
0.676056244862
0.677126630228
0.677944145665
0.67905749104
0.679733751008
0.680205013072
0.681810629537
0.682938912892
0.684031569356
0.684700197296
0.685678776716
0.686476192722
0.687440425462
0.688321349094
0.689362381391
0.690373313577
0.691080816406
0.692091776804
0.692994765192
0.693874846175
0.694818730418
0.695504386187
0.696127064989
0.697457901528
0.698846677081
0.699967232093
0.701123324575
0.702197362364
0.703359235252
0.704494880616
0.705517885953
0.70615622702
0.706917981133
0.707698859415
0.70907535043
0.710202108413
0.711417193072
0.712319872741
0.713185304219
0.713759660777
0.714491705107
0.715878709089
0.717383343069
0.718381879609
0.719555303628
0.720311332832
0.721443958473
0.722412969038
0.723517301627
0.724453661202
0.725423940854
0.726383650013
0.727419847454
0.728316140342
0.729952936603
0.731226223491
0.732168401982
0.732429188863
0.733239031335
0.734536316662
0.735842296528
0.737442267728
0.73866870729
0.739710861413
0.741094057196
0.742636130925
0.743441448332
0.744562777563
0.745900976559
0.746437857357
0.747288075978
0.747881166089
0.748899267975
0.750783542014
0.751640599477
0.753145399391
0.754022131788
0.755482612955
0.756538989841
0.758012776991
0.759809671725
0.761079716333
0.762466656228
0.764160244327
0.765200793222
0.766788885911
0.768284660966
0.76967129612
0.771498831416
0.772823387494
0.774354330952
0.775489688772
0.776791825296
0.778382777474
0.779720077466
0.780704429539
0.781829719387
0.783621780237
0.784972066905
0.786283161523
0.78795957054
0.789754253403
0.791085667068
0.793154290735
0.795187602065
0.796198250619
0.797970455539
0.79975223698
0.801360771667
0.802538018942
0.803861251513
0.805127410191
0.807146944935
0.809099025071
0.810177888967
0.810974772729
0.812583250088
0.814955217741
0.816911467318
0.819574659438
0.821244323584
0.823171485353
0.825250119472
0.827129680647
0.828682037402
0.829920078148
0.832071915596
0.833393279699
0.834846204244
0.836667160385
0.838507150551
0.840971656571
0.841726652641
0.843236860631
0.844640131477
0.846129119105
0.848509169071
0.850285370615
0.852910576422
0.854570208937
0.856662719062
0.858702138232
0.861785616466
0.863659376299
0.865540217074
0.86760352191
0.869384771707
0.871782650845
0.873950480901
0.875468412436
0.878524132031
0.881218448807
0.881816118369
0.884779401873
0.887519890049
0.889873444328
0.892084846168
0.894774599115
0.896723329148
0.89882791713
0.901202500302
0.903510833525
0.90557454846
0.907370682709
0.910061393987
0.912798413608
0.915602512935
0.918889010998
0.917997074732
0.920284334056
0.922484361246
0.924795144115
0.926721244411
0.929045519258
0.93130523787
0.933811058587
0.932760693793
0.933964114506
0.936437410423
0.938843633993
0.941775359561
0.944589405237
0.946714463618
0.94914428116
0.950060805523
0.95246311599
0.955172930079
0.958411644939
0.961734441053
0.964392992987
0.968371699451
0.971246645543
0.973997999925
0.976245764902
0.979537464723
0.982186489006
0.985606684741
0.988386593141
0.992962029433
0.996588010651
1.0000140636
1.0037888818
1.0083153607
1.0120204919
1.01642922877
1.01851458432
1.02253603056
1.02528001723
1.0272479015
1.03020977061
1.03505890674
1.03923381513
1.04233818837
1.04585781175
1.04973029484
1.05407969723
1.05772097214
1.06192558729
1.06800637667
1.07151495818
1.07364316612
1.078917725
1.08329524348
1.0877544086
1.08939474935
1.09438111184
1.09837440119
1.1027158122
1.1071874761
1.1142135612
1.11974968382
1.12500110945
1.13135439943
1.13536882874
1.14065563262
1.14565474503
1.15181781604
1.15861277418
1.16405750882
1.16746046417
1.17266029138
1.17578815376
1.18267787799
1.18841712146
1.19106213467
1.19737217698
1.20252851157
1.20951594247
1.21796161346
1.2236287177
1.22949919976
1.23380210702
1.24116316942
1.25152061354
1.25903720447
1.26638792314
1.27300813021
1.27877926432
1.2801771831
1.28980969513
1.30025962116
1.30376424598
1.3113342004
1.3211459977
1.33187952192
1.33648787369
1.34517416637
1.35420268168
1.36439101455
1.36947413943
1.37722143481
1.38697896346
1.39371651121
1.40171807713
1.40703528412
1.41847509093
1.42632244869
1.42390886189
1.43419452305
1.4446008464
1.45552434733
1.46308987378
1.47507346096
1.48984071249
1.50435051457
1.51534139365
1.52630581169
1.54332998928
1.54724767861
1.56708949074
1.57798707653
1.59090506886
1.60387066142
1.61485908194
1.63467444476
1.64933510357
1.66327646338
1.68414610597
1.69050348462
1.70324015473
1.72106866252
1.74267819879
1.75402511909
1.77059761196
1.79549006849
1.81725573213
1.82662355088
1.8526573802
1.88280736511
1.91546418093
1.9387335748
1.966773996
1.98809297422
2.01179710771
2.01988063628
2.04582947257
2.09500241314
2.11871194568
2.14144786961
2.17210767245
2.20040408997
2.23960667532
2.29282331713
2.32952190245
2.38897106951
2.39503940817
2.42988126733
2.48285724375
2.54177658639
2.62669795588
2.67092599167
2.71857807096
2.79368260665
2.82893026014
2.85150406378
2.88084040511
2.86947030748
2.92213510424
2.89032654305
2.67657491091
2.94833668012
2.61037167812
2.05436435062
0.378379855348