0.254887117051
0.282486712308
0.295059853149
0.303447109336
0.309352391528
0.31386376576
0.317598989195
0.32072100969
0.323538798302
0.326056774353
0.328230978482
0.330348918309
0.332383971167
0.33425470877
0.335990430837
0.337640158844
0.339221291756
0.340782292525
0.34226346003
0.343723247695
0.345112124699
0.346435108482
0.347747269439
0.349069549349
0.350329534398
0.351512332853
0.352704974828
0.353750931468
0.354931358754
0.356031935636
0.357068846953
0.358234641459
0.35932039649
0.360361223748
0.361338109116
0.362318729937
0.363166542207
0.364062980683
0.364999722735
0.365946536277
0.366934814778
0.367837902034
0.368770938418
0.369660207449
0.370557049795
0.371428467198
0.37227656233
0.373109875315
0.373970154209
0.374782208145
0.375605613308
0.37650260823
0.37723540567
0.378052813134
0.378759366518
0.379544575749
0.380314419514
0.380960034081
0.381618256701
0.382338265622
0.382997992068
0.383754769682
0.384502215615
0.385249402092
0.385951326288
0.386666411801
0.387331655317
0.38806079378
0.38879245266
0.389413769384
0.389990711487
0.390656194015
0.391360023806
0.392107733393
0.392744127532
0.393395408341
0.394010981655
0.394595116139
0.395220624418
0.395872057932
0.396461798797
0.397005689568
0.397639322351
0.39817829923
0.398761203222
0.399276784329
0.399851200323
0.40047132527
0.401108685974
0.401663802114
0.402288452857
0.40293003877
0.403459059725
0.404023370412
0.404546683599
0.405067027865
0.405649721568
0.406127514872
0.406702391621
0.407123119739
0.407643310816
0.408008734916
0.408557285404
0.409098907655
0.409579018797
0.410097259216
0.410570164212
0.411095444362
0.411617599947
0.412116330488
0.412577280744
0.413026081293
0.413458891507
0.413947735905
0.414439259344
0.414866010032
0.415300295934
0.415884693625
0.416318552836
0.416782224402
0.417234900019
0.417695311354
0.418142921479
0.418630725271
0.419023071644
0.419508431843
0.419991583114
0.420374874192
0.420872900775
0.421224566631
0.421655737749
0.421981326663
0.422427619854
0.422809306018
0.423273851283
0.423679025179
0.424106865471
0.424606908324
0.425063048212
0.425474682592
0.425939946082
0.4263641649
0.426823002317
0.427120098245
0.427530883872
0.427897842407
0.428360707715
0.428756643257
0.429188881633
0.42964956337
0.43001948592
0.430484985448
0.430900510199
0.431067862182
0.431505436834
0.431892098232
0.432318859407
0.432714483966
0.433013279562
0.433409536467
0.433916739137
0.434367707899
0.434745774684
0.435076159084
0.435380486415
0.435782351057
0.436184210565
0.436554305834
0.436960125516
0.437416535637
0.437759938248
0.437998669013
0.438405067005
0.438824844261
0.439233470433
0.439574399382
0.439971666135
0.440318310817
0.440740485546
0.441111729505
0.441570857421
0.441980113214
0.442359938753
0.442665493864
0.443043592181
0.443200868277
0.443558017643
0.443954854148
0.444342496133
0.4447082647
0.445167114871
0.445555024365
0.445901161261
0.446260079043
0.446661484079
0.447128340816
0.447514143933
0.447973858664
0.448385790801
0.448790915619
0.449188067754
0.44956579128
0.450007022499
0.45038947742
0.450779944609
0.451120946403
0.451511419846
0.451881792561
0.452141547758
0.452515309741
0.452974004382
0.45324626732
0.453609140708
0.454025485391
0.454489104805
0.454808299001
0.455112974068
0.455491727585
0.45586387337
0.456296237414
0.456677098521
0.45699526027
0.45741888367
0.45770285236
0.458120906402
0.458282772123
0.458725936786
0.459119352472
0.459492511309
0.459940109042
0.460239238804
0.460649873944
0.461080234983
0.461551822831
0.461834411691
0.462235448658
0.462674220026
0.46307423957
0.463426808333
0.463664778249
0.464059609221
0.464245264961
0.464663339056
0.465060362716
0.465468201761
0.465792055817
0.466162743804
0.466536567225
0.46698309077
0.467373528137
0.467832242324
0.468204229868
0.468594521665
0.469022430121
0.469416188937
0.469804121803
0.470182042678
0.470448388395
0.470828704519
0.471194293089
0.471484460702
0.471844667085
0.471973068125
0.47239362167
0.472794131003
0.473215750318
0.473575770961
0.473947741131
0.474356891149
0.474715596909
0.475090286854
0.475342199448
0.475685067728
0.476028819472
0.476397063307
0.476910841593
0.477248876837
0.477724479428
0.478111331748
0.47853058427
0.47896367735
0.479330222656
0.479767493864
0.480087925589
0.480526295643
0.480762330094
0.48109609359
0.481448126771
0.481815719776
0.482232172366
0.482636333346
0.482973632874
0.483357125991
0.483701776223
0.484029045886
0.484449940045
0.48476345208
0.484985051766
0.485365857715
0.485800828351
0.486151467944
0.486587461532
0.486915364562
0.487185765687
0.487593139415
0.487961865876
0.48838626636
0.488816968437
0.489164471844
0.48956395995
0.489922727623
0.490321590368
0.490691114287
0.491080227482
0.49135838549
0.491748154174
0.49222631877
0.49258275102
0.492870609234
0.493224284631
0.493609187302
0.494034508932
0.494371674589
0.494839437915
0.495157267034
0.495509843782
0.495990283796
0.496412553148
0.496773984046
0.497125373351
0.497477798407
0.497891793443
0.498177087244
0.498667041042
0.499132028323
0.499570064894
0.500043309606
0.500532900899
0.5006357293
0.501077457088
0.501442371724
0.501929855848
0.502363912106
0.502800668357
0.50323916355
0.503723190053
0.504080654683
0.504289486184
0.504586069626
0.505018425098
0.505420962164
0.505930845354
0.506347261482
0.506603095283
0.506951374204
0.507440835625
0.507897753348
0.508289819915
0.508661205495
0.508919908612
0.509389341943
0.509879893974
0.510187879866
0.510552481476
0.510689970184
0.511020771706
0.511354745061
0.511830732508
0.512169637337
0.512505236559
0.513042601549
0.513543289611
0.513678855151
0.514082135755
0.514151181828
0.514544809759
0.514938289886
0.515380419691
0.515641758543
0.516169667433
0.516670474727
0.517195284736
0.517672147981
0.517917574785
0.51841460634
0.518977720808
0.519304466425
0.519721211881
0.520255093219
0.520715385496
0.52119680377
0.521691416538
0.522133365867
0.52259502477
0.522941918231
0.523396189707
0.523820245738
0.524323191824
0.524602440849
0.525044056285
0.525537688456
0.525899307985
0.52610475202
0.526651823836
0.527001434149
0.52728606092
0.527712438925
0.528179182485
0.528563535132
0.528880419666
0.529370026873
0.52997632974
0.530260999446
0.530824817436
0.531120042022
0.531543728694
0.531911086668
0.532439833817
0.532841971503
0.533291176643
0.533777677816
0.534301028149
0.534576276439
0.53504261141
0.535373832141
0.535943032113
0.536386617786
0.536808052143
0.537106228802
0.537607708154
0.537966119759
0.538466949605
0.539054547189
0.539655259484
0.540196525918
0.540768847193
0.541308590091
0.541767177698
0.542187292133
0.542470523005
0.54307736029
0.543615839394
0.544063503956
0.544558636443
0.54521242403
0.545674259866
0.546145004996
0.546712429947
0.547171836025
0.54769655665
0.548206351404
0.548353454717
0.548900837029
0.549331969223
0.549692636399
0.550244525849
0.550570523364
0.550900419779
0.551421691035
0.552025323903
0.552492543001
0.553079200889
0.553768923738
0.554059244939
0.554452502345
0.554964625348
0.555504928671
0.556101553221
0.556613194194
0.557326275114
0.557766063007
0.55824924014
0.558657572038
0.55920415848
0.559731396742
0.560379365997
0.561004690993
0.561592415189
0.562233633858
0.562659211371
0.563296288199
0.563939448925
0.564410820103
0.565040790539
0.56548369444
0.565766828275
0.566539294469
0.567158080693
0.567755455481
0.568364091221
0.568817942146
0.569400957062
0.569965678534
0.570392771284
0.570870873123
0.571626302177
0.57216894586
0.572611654697
0.573153936048
0.573785249837
0.574336985878
0.575057727794
0.575778138186
0.576379961942
0.576762062594
0.577486221634
0.578183248377
0.578736821227
0.579432320616
0.580125468515
0.580682263074
0.581363367604
0.581733081392
0.582485629524
0.583054081759
0.5837147338
0.584226167153
0.584871129755
0.585602970272
0.586294163723
0.586991901268
0.587638261233
0.58814737465
0.588774865968
0.589149929338
0.589772672629
0.590866620352
0.591426728937
0.591857691037
0.592140713214
0.592452442565
0.5930458163
0.593605666
0.594151519281
0.594696768177
0.595364851311
0.595524165888
0.596077541529
0.596781999763
0.597335084665
0.598112855474
0.598612903237
0.599426116009
0.599963006993
0.600391194681
0.601435417428
0.602199322312
0.602530954444
0.603318593205
0.603974825758
0.604665802829
0.605177616263
0.605620164875
0.606439464719
0.607366023426
0.608078711987
0.608341208249
0.609120165529
0.609395156813
0.610029035475
0.610778143282
0.611724703841
0.61260089519
0.613490010882
0.614187071335
0.615000237976
0.615681344451
0.616369297973
0.61685392682
0.617471265828
0.61832761511
0.618876401229
0.619567936522
0.620451769133
0.621298189164
0.622268810426
0.62307554164
0.623847213175
0.624372673718
0.624896207975
0.625717270212
0.62639697191
0.627059090963
0.627758215923
0.628680161539
0.629354359107
0.630217359583
0.63099007345
0.63173478286
0.632598421736
0.633352549765
0.634145976982
0.635069934051
0.635594510183
0.636467798051
0.63717834572
0.637935258814
0.638562956762
0.639424113888
0.640200560586
0.640777709376
0.641513348154
0.642647135723
0.643195815356
0.644157879645
0.644999943751
0.645913994898
0.646720458163
0.647649861336
0.648489622596
0.649206916666
0.650281024268
0.651201841232
0.65173110983
0.652376719297
0.653558471277
0.654283406759
0.655133198052
0.655872090037
0.656653297429
0.657432389093
0.658302106241
0.659183279428
0.660214509137
0.660951201639
0.661348214548
0.662493416154
0.66344011575
0.664619962127
0.665892414983
0.667145095779
0.668081630518
0.669011815393
0.66982400201
0.67070401102
0.671544531387
0.672588991268
0.673648145121
0.67484682459
0.675846173757
0.676705714501
0.677828267502
0.678842942363
0.679783999278
0.680657983779
0.681161958453
0.682035322252
0.683061074181
0.68441455165
0.685376005153
0.686076449477
0.686817819237
0.688002048054
0.688654684658
0.689528935708
0.690844071966
0.692166786926
0.693446399127
0.69394289551
0.695189756066
0.696612833024
0.697815205144
0.698824132859
0.699359720559
0.700070026989
0.701557308131
0.701718948501
0.703310489436
0.704276254045
0.70493469001
0.706124193648
0.70722802513
0.708711729038
0.709807527008
0.710749512023
0.711399337577
0.712629123163
0.713224487259
0.71472383961
0.715894597126
0.717166565265
0.717518273252
0.718782254074
0.720166313479
0.721236059967
0.722741507562
0.72419955533
0.725047934222
0.726218304755
0.727221016369
0.728456706131
0.729563536367
0.730762560486
0.731890377631
0.732798339684
0.734199399869
0.735275898895
0.736674363991
0.738342798577
0.739871675433
0.741540551491
0.74325793959
0.744208969816
0.745877185503
0.747429629728
0.748759329344
0.74939353376
0.750597785372
0.751805944541
0.753155468857
0.754626386472
0.756121594555
0.757448465913
0.759061865907
0.760890215676
0.762199150582
0.763542622274
0.764479029609
0.7655132226
0.76643595262
0.768011646862
0.769408536346
0.770156867551
0.772047952084
0.773249324953
0.774508904435
0.776076014407
0.777502910653
0.779552656952
0.78088607955
0.78197709632
0.783203365228
0.78460342093
0.786405622949
0.78780353116
0.78944983469
0.790553678465
0.79241604969
0.793625427641
0.795357041447
0.797232756088
0.798649494387
0.799506264873
0.801087810386
0.803724215564
0.805079424618
0.806180389864
0.808103960571
0.808762718094
0.809579243363
0.809920037369
0.811847798357
0.814373806213
0.815574457934
0.81730061101
0.818676277013
0.820407795814
0.822556761682
0.823551986334
0.825468430515
0.826954646853
0.828411812243
0.830190963419
0.832114347555
0.834178720849
0.835378053944
0.837933348254
0.83983633119
0.842336073299
0.844522385876
0.84658960662
0.848293866365
0.850186240325
0.852312928361
0.854425447314
0.856053007494
0.857926111869
0.859070453414
0.860320001658
0.862020653141
0.86390088166
0.865761063173
0.868443591302
0.871100418552
0.873972037008
0.876128022457
0.878441988977
0.880641693422
0.883208502232
0.885090547113
0.887195796553
0.890195569352
0.891866688785
0.893122130268
0.895275271882
0.898134651984
0.900719534212
0.902797072566
0.906445003883
0.908127266734
0.911015080287
0.913318267085
0.915311565991
0.917602584488
0.92024145582
0.922761041253
0.925612452403
0.928172587722
0.930342402322
0.932725423493
0.935061620515
0.938313855003
0.940161574059
0.942166232253
0.945270815165
0.947443761239
0.950367963168
0.953710006711
0.956224159779
0.958895137418
0.961076272093
0.964291357048
0.967899354229
0.97030252132
0.973124028134
0.971762866404
0.974914562819
0.977121744041
0.981272403214
0.98424390607
0.98423475915
0.988356320406
0.991675748047
0.993244280384
0.996558349369
0.999010468078
1.00187275779
1.00317658735
1.00684671775
1.00995056312
1.01443586745
1.01930967364
1.02319795386
1.02457331843
1.02781984046
1.02929923103
1.03056414756
1.03179021717
1.0351402849
1.03873808206
1.0415217898
1.04346975228
1.0487526574
1.05251862426
1.05706301523
1.06114972714
1.06195294046
1.06489412338
1.06773370413
1.07323350435
1.07740702293
1.08155727851
1.08660445517
1.09001776254
1.09210192147
1.09268446701
1.09915471516
1.10309315448
1.10817249163
1.11265891949
1.11257077015
1.11746467219
1.12198165045
1.12453083075
1.12927438189
1.13392282636
1.13840710952
1.14149903751
1.14803322102
1.15115456531
1.1576375202
1.16354967231
1.16915194417
1.1748926642
1.17959904294
1.18670016252
1.19134088518
1.19696223641
1.20522940061
1.21341837941
1.21713153492
1.22063178318
1.2242705927
1.23181486145
1.23841894704
1.24266825902
1.25282058649
1.25677934563
1.26347374956
1.26698954581
1.27260261618
1.28085502511
1.28956401524
1.29485319861
1.29966221998
1.30619310261
1.31719698108
1.32553793237
1.33368820156
1.33628417282
1.34401781308
1.35367617771
1.36050014558
1.37233680103
1.37695230776
1.37898730448
1.38639234434
1.39477826954
1.40444990612
1.41203088783
1.42408669127
1.43072438899
1.43895449996
1.44992350595
1.46180957018
1.46977082301
1.47689495881
1.48697707198
1.50212485242
1.51421326745
1.5236224644
1.53647776737
1.55376876928
1.5667562462
1.58227312219
1.59852097387
1.61339017588
1.62286923694
1.63233277088
1.64458750097
1.65617256552
1.66772716704
1.68390521779
1.69805979956
1.70747236426
1.71867783586
1.73530267505
1.75033942059
1.76868830941
1.78499058648
1.80017386138
1.81594958151
1.82924532194
1.84925367507
1.86115138605
1.87617706744
1.88891468557
1.91713387559
1.94258128095
1.96074597901
1.98943038549
2.01183808727
2.01844045145
2.0394152843
2.06500134071
2.09455832036
2.1159484554
2.15224430145
2.17606174608
2.20329702801
2.23116343074
2.24004421638
2.25146099851
2.27477083082
2.24608691572
2.29187851972
2.32661693081
2.32991295038
2.36086284149
2.39838970722
2.4301466903
2.4676106373
2.49794988163
2.55291715339
2.57913707313
2.62242795287
2.67387345553
2.72070207954
2.76663306088
2.88664758306
2.9908593048
2.89515647271
2.88987720823
2.72230217321
2.65356654993
2.93280989543
2.58877285576
2.41536341219
1.42618863574
0.887090886691