0.254887135176
0.29410067273
0.303826266635
0.310346615197
0.315438742412
0.319838921236
0.323598387079
0.327045816854
0.329996315971
0.332740547702
0.33537164257
0.337641361902
0.339849094763
0.341917646314
0.343953779071
0.345789474891
0.347652295321
0.349323640968
0.350933505793
0.352388870742
0.353898713599
0.355389051724
0.356615081351
0.357971277103
0.359228948693
0.360494816883
0.361746121609
0.362938814175
0.363997520397
0.365044263172
0.366087165097
0.367039890895
0.368161177354
0.369095256834
0.370084396482
0.371001018664
0.371792070031
0.372668729644
0.373643306935
0.374533546995
0.375415321855
0.376236670785
0.377134026182
0.377948774992
0.378680144119
0.379421431958
0.380313564091
0.38110357744
0.381915305714
0.382681427888
0.383473032934
0.384254891596
0.384963724647
0.385746997224
0.386482368192
0.387314655483
0.388082294489
0.388837960741
0.389595950671
0.390329658013
0.39092099
0.391539641814
0.392253062204
0.392923710872
0.393558676883
0.394203570151
0.394808645546
0.395451183349
0.396046146575
0.396683601676
0.397361324914
0.398093486876
0.398675912389
0.399306524428
0.399903025995
0.400492000155
0.401215155654
0.401797954578
0.402381333592
0.403013371255
0.403651852388
0.404305424097
0.404962016648
0.405485583867
0.406058196064
0.406590956452
0.407190484477
0.407797720127
0.408354085338
0.408966887517
0.409514249798
0.409989941977
0.410489157933
0.41102435503
0.411589431399
0.412161847248
0.412823149015
0.413359620021
0.413891699505
0.414319353527
0.414797912276
0.415333856564
0.415912103449
0.416459440801
0.416907833013
0.417315857884
0.417857836861
0.418287676375
0.418830581253
0.419312019458
0.419802906696
0.420264083586
0.42065376878
0.421175958121
0.421677368216
0.422070588496
0.422580478884
0.423124858596
0.42363619457
0.424091153683
0.424666690485
0.425193295642
0.42555130606
0.425998830241
0.42645031063
0.426812432113
0.427159830227
0.427577267422
0.428010635834
0.42844213248
0.428950383664
0.429466287326
0.429920239709
0.430355386626
0.430844999859
0.431247306899
0.431675971758
0.432166968717
0.432733907648
0.433233983095
0.433717368003
0.434185830314
0.434677798962
0.435118864858
0.435519573355
0.435933991227
0.436283496967
0.436751234001
0.437145755255
0.437639156601
0.43804615907
0.438517764842
0.439003564783
0.439233665675
0.439656158191
0.440121696137
0.440484127735
0.440946800077
0.441386375952
0.441853620349
0.442359268283
0.442817736397
0.443285019623
0.443782741928
0.444232735514
0.444630734132
0.44484548105
0.445214532526
0.445653862594
0.446034502502
0.446442409818
0.44680681487
0.447147001888
0.447551286939
0.447941481384
0.448361336624
0.448783528891
0.449212779739
0.449631841321
0.449972470297
0.450277639119
0.450758439765
0.451186001935
0.451625441032
0.451998002356
0.452375166497
0.452671284954
0.453063976326
0.453390127124
0.453827521782
0.454286014236
0.45464922257
0.45500045079
0.455364583555
0.455720470382
0.456098727898
0.456538977621
0.456893832788
0.457343050652
0.457747949758
0.458173662002
0.458602096986
0.458982420045
0.459410913026
0.459728398823
0.460171905895
0.460656997878
0.461092862888
0.461543598103
0.461876575497
0.462334248922
0.462730512349
0.463089647834
0.463443600547
0.463898412145
0.464121533486
0.464292014103
0.464791552867
0.465164810694
0.465549993572
0.465993438501
0.466448358444
0.466857043235
0.46725363403
0.467664690486
0.468006134492
0.468474919397
0.468911314361
0.469300754254
0.469675524428
0.470052049014
0.470441144403
0.470698270165
0.470977315109
0.471340762098
0.471697018863
0.472151949014
0.472657320921
0.473107585334
0.473549268677
0.473899254735
0.474118093132
0.474543340729
0.474835420952
0.475267463958
0.475672401788
0.475992322597
0.476440944489
0.476861598903
0.477273333907
0.477670703102
0.478018454097
0.478432794696
0.47886042102
0.479322061619
0.479674759733
0.480101770462
0.480463238005
0.480768738899
0.481093693709
0.48149744642
0.48182120626
0.482252745838
0.482657992235
0.483038901812
0.483340131203
0.483635708281
0.484063561838
0.484382831282
0.484379385362
0.484891751653
0.485351392956
0.485807459902
0.486250901417
0.486369561426
0.486772791956
0.487168440761
0.487562833357
0.4880108861
0.488308939727
0.488745991459
0.489211782757
0.489526019515
0.489918829463
0.490286398739
0.490725053806
0.491172937373
0.491420943953
0.491948611924
0.492254199317
0.492603075839
0.492978117374
0.493412086693
0.493834296127
0.494149295274
0.494580778327
0.495056469791
0.495472447761
0.495858923746
0.496149082804
0.496539314184
0.497065485866
0.497509258167
0.49796838814
0.498367218475
0.498727605843
0.499143826222
0.499611574835
0.500068142986
0.500401003187
0.500859561635
0.50125066583
0.50171294935
0.502139463131
0.50253828665
0.503033727675
0.503421525634
0.503790897511
0.504158653767
0.504592952867
0.504936778266
0.505223830056
0.505617540357
0.505819221655
0.506263083471
0.506731638157
0.507031775002
0.507364294086
0.507838860509
0.5082717539
0.508613270817
0.509003931742
0.509297038033
0.509842314705
0.510053933804
0.510435371216
0.510914926152
0.511222871021
0.511637686123
0.512047407415
0.5125333998
0.512978835462
0.513416967663
0.513891596566
0.514296473281
0.514782464403
0.515161019967
0.5154978375
0.515943683478
0.516303494586
0.516782678841
0.517129785355
0.517561787722
0.518041307302
0.518414132992
0.518568066779
0.519148340491
0.519424656323
0.519811494772
0.519998521808
0.520288447031
0.520787018237
0.521295580892
0.521680069578
0.522191354851
0.522686137052
0.52324294225
0.523748625132
0.524189961129
0.524610901707
0.524839454826
0.525252961033
0.525733659019
0.526124774908
0.526506267347
0.527113641703
0.527570947772
0.528079947465
0.528602317254
0.529065356573
0.529402101833
0.529876681443
0.530126079952
0.530406154008
0.530855356674
0.531260527382
0.531726541448
0.532149622495
0.532570660437
0.53323272555
0.533603544528
0.534078102747
0.53459021837
0.535232205112
0.53566923278
0.536133603067
0.536611495895
0.53711950915
0.53766847261
0.538173421678
0.538672613356
0.539139303049
0.5395734614
0.539970213892
0.540459306232
0.541045391868
0.54166696457
0.542163308123
0.542710008393
0.543064721294
0.543590755898
0.543969550259
0.544295511269
0.544832190735
0.545311134496
0.545889189297
0.546435324282
0.547082661526
0.547500028559
0.547916767592
0.548429444535
0.548955171648
0.549486950372
0.549961903763
0.550546531835
0.550969610865
0.551457276667
0.552001048904
0.55245098884
0.552876613916
0.55332874266
0.553702745629
0.554077993145
0.554760789991
0.555376922029
0.555928914007
0.55653895782
0.557310039806
0.557766341129
0.558225687936
0.558735362369
0.55909926461
0.559523196589
0.560044064951
0.560590340191
0.561091508411
0.561639775615
0.562007662523
0.562543780493
0.563205034722
0.563850960565
0.564373357145
0.564989285093
0.565563487297
0.566050171585
0.566784529874
0.567247089219
0.567980784913
0.568168625286
0.568804784656
0.569606373485
0.570268024192
0.570627019328
0.571019700892
0.571639727112
0.572134084132
0.572473602784
0.573104783589
0.573641108978
0.574179414475
0.574571720852
0.574612447819
0.574917577774
0.575597105361
0.57631720767
0.576578398188
0.577082785053
0.577769997155
0.578342555261
0.578782258689
0.57954636383
0.580057812803
0.580685233234
0.581120868401
0.581772291878
0.582408889606
0.582580813253
0.58283368788
0.583255909663
0.583875762707
0.584349684171
0.585167142137
0.585882815579
0.586524624781
0.586959367601
0.587534636953
0.5880630547
0.588710792286
0.58920079257
0.589832255876
0.59045232179
0.590994339984
0.591446295048
0.591707732156
0.592342349634
0.592846638291
0.59341974907
0.593660701194
0.594272983453
0.594756028722
0.595120790575
0.595727574097
0.596471580606
0.597118501058
0.597549117635
0.598232675834
0.59885412638
0.599189071408
0.599767641608
0.600121359606
0.600704010072
0.601275766884
0.601907149676
0.60236402488
0.602933510132
0.603611960749
0.604151114888
0.604702615473
0.605367648171
0.605923262577
0.606524401976
0.606521932856
0.607086139516
0.607262650372
0.607998234451
0.608702910283
0.609161715503
0.60964372907
0.610387521932
0.611008007082
0.611915818029
0.612574722268
0.613292622878
0.613777357127
0.614460894209
0.61498272905
0.615920051848
0.616482290914
0.617400203848
0.618001656668
0.618659726717
0.61940399862
0.620095033687
0.620726857476
0.621443694625
0.622088008829
0.622683709644
0.623469109761
0.624112194965
0.624675782276
0.625468305855
0.625879273569
0.626453208293
0.627056268579
0.627495012273
0.628273354188
0.628820065081
0.62944719878
0.63033712042
0.631049677764
0.631725914773
0.63257173213
0.633389230271
0.634014034192
0.634624571696
0.635232813403
0.636081283808
0.636872401581
0.637695326025
0.638172224751
0.638933684244
0.639507381957
0.64042595368
0.641280649453
0.641781044122
0.642040325472
0.642852765222
0.643597974036
0.644123807352
0.64486493216
0.645346297391
0.645864835168
0.646405656614
0.646917711751
0.647797946168
0.648578600192
0.648783287658
0.661563859715
0.662761053787
0.663787324236
0.664659831771
0.6650972562
0.666320005032
0.667401494906
0.668376777827
0.669218420449
0.670192850017
0.670896467321
0.671813014804
0.672617208301
0.673657349889
0.674576312864
0.67556221975
0.676444851288
0.677276555623
0.678248441657
0.679086702562
0.680183335383
0.680757760509
0.681791544595
0.682686762186
0.683292055497
0.683247556142
0.684301136155
0.685379221943
0.686222700853
0.687364882879
0.688234409179
0.689292714193
0.690188408622
0.691135688634
0.69163577425
0.692473784723
0.693387134096
0.694713429535
0.695724824511
0.696581161472
0.697470051646
0.698312010831
0.69921767094
0.699662382186
0.7004241908
0.70122934073
0.701902592654
0.70281235994
0.704178907494
0.705154979124
0.705273187886
0.70594991965
0.707252938155
0.707816284988
0.708488414876
0.709485800661
0.710383071624
0.711253923362
0.712188563251
0.713545882794
0.714614812382
0.715657228541
0.716729590068
0.717829983841
0.718512660181
0.719636552427
0.720721745645
0.721959355165
0.722667620469
0.723704268949
0.724812169418
0.725945302591
0.726847061894
0.728127522315
0.728950113457
0.730217639735
0.731447018932
0.732953906612
0.734025410712
0.735018759191
0.736187394799
0.737372076197
0.738624845133
0.739672550951
0.740209748673
0.741319912843
0.742257135301
0.743760186463
0.745950618739
0.747133869584
0.748591706499
0.750265959748
0.751426883035
0.752007964231
0.752900667077
0.752996700404
0.754448132018
0.753029290858
0.753924839692
0.752619088324
0.752952796422
0.753955051806
0.755091300862
0.756759277933
0.757679885152
0.759412651831
0.760902791926
0.761993831479
0.76368760321
0.765184198335
0.765769967318
0.767304459236
0.768693556434
0.769894808485
0.770805464324
0.771502475259
0.77331232127
0.774602715434
0.775843225654
0.776901478166
0.777803330764
0.779737174158
0.780911661451
0.78185745654
0.783018990258
0.784386041196
0.785764762588
0.7864574183
0.788595462808
0.79051865604
0.792460788365
0.793950726471
0.795677308821
0.796536288518
0.798304622078
0.799426772444
0.800620230457
0.801730819312
0.803315062533
0.805055319231
0.806725422704
0.808939619159
0.810232171672
0.811886272164
0.812562689989
0.813996066081
0.815055574303
0.816539518273
0.818456639111
0.819760605577
0.821021667327
0.823705746074
0.825404517987
0.827058057162
0.828980571654
0.830621273999
0.832563851682
0.833816512518
0.835819936574
0.837496603508
0.839209176807
0.84053889069
0.842931042401
0.8454282629
0.847103618874
0.849004354494
0.850296776576
0.852188380434
0.85438458626
0.857251624714
0.858796455916
0.860994678567
0.862013060371
0.864222210351
0.865980717749
0.867882764178
0.869330107667
0.870924961154
0.873041615527
0.874942657579
0.87711671161
0.878513824405
0.879427668866
0.880490483763
0.881775315882
0.883712951678
0.884906039932
0.886954939693
0.889984113952
0.891729081503
0.89365442277
0.895849692305
0.897911637327
0.900804376114
0.90224065248
0.904114947091
0.9060326615
0.908055855594
0.910788730462
0.912956316486
0.91631073657
0.919506072513
0.920591037952
0.923704737937
0.925341615751
0.926246197594
0.927991311555
0.927853086865
0.930004392939
0.932606286686
0.936018668984
0.938326956
0.940714552563
0.942805207654
0.946081308057
0.949243620865
0.952707726667
0.956255356914
0.958759725139
0.961334261961
0.963836432748
0.966864697498
0.969672266788
0.972588408488
0.975464417236
0.979241660917
0.98199124152
0.981519417643
0.98441453481
0.987171988966
0.98803423828
0.990425833975
0.993040600561
0.994913851484
0.998626496038
1.00206483491
1.00433404719
1.00753664518
1.01037709747
1.01062607043
1.01348545736
1.01790502854
1.0203782523
1.0247999333
1.02737017148
1.02895002106
1.03262642972
1.03616947937
1.03982393023
1.04262469014
1.04594445902
1.0497423743
1.05346705342
1.05704942648
1.06209422975
1.06594541293
1.07025088279
1.07567445088
1.0798579408
1.082075608
1.08609746332
1.09108534297
1.09143762219
1.09400300684
1.09799188168
1.10330096623
1.10677133609
1.11205063753
1.1145181396
1.12025581578
1.1245575379
1.1252674435
1.13056637955
1.13271513904
1.13783180884
1.14287811816
1.14616065153
1.14980534288
1.15368416733
1.15984513453
1.1651168015
1.16904232727
1.17427936206
1.17687489626
1.18267175223
1.18833322863
1.19292828017
1.19900001225
1.20345147251
1.20957458089
1.21308989315
1.21796853079
1.22260080609
1.22734335401
1.23419603221
1.23932908235
1.24316723752
1.24635492754
1.2542248418
1.25893602437
1.26650006296
1.27342679014
1.27701216135
1.28421107899
1.29088474456
1.29637163347
1.30451194602
1.31008241624
1.31938556115
1.32186865299
1.32461080264
1.3328197353
1.34100062683
1.34641718393
1.34791823637
1.3578621073
1.36531358473
1.37397917744
1.38460230326
1.39494597776
1.40260049941
1.40883401057
1.41560317933
1.42561508337
1.43734801093
1.44485622435
1.44790054374
1.45575827177
1.46340359936
1.47067210506
1.47772479795
1.49278398293
1.50800175284
1.51577282025
1.52635571855
1.54341484737
1.55515656102
1.57211371199
1.58289214705
1.59774033657
1.61478423306
1.6236991761
1.63408120833
1.6479537297
1.66550613024
1.67448270867
1.69016357668
1.70208024709
1.71428814041
1.72852290998
1.74541979325
1.75952027606
1.79429271649
1.81285505262
1.82043028559
1.83489062196
1.86041089072
1.87285177067
1.89391081888
1.9120095053
1.93430432463
1.95798516465
1.95537859074
1.98403045592
2.00704413825
2.04054949609
2.06218836603
2.0972997776
2.13415332106
2.16759939479
2.189046238
2.20301041847
2.2307967572
2.25280145627
2.29510795572
2.30839323823
2.34387505958
2.3740426463
2.4213722198
2.42740872996
2.44823345958
2.48251393822
2.50935851386
2.52597965452
2.5707380776
2.6105787996
2.71113533966
2.74873645903
2.72845509141
2.75572191562
2.77222239808
2.84864421813
2.89435136064
2.87216568864
2.89996217073
3.17181052143
3.13631643792
2.99744353684
2.73146510663
2.5816452455
2.45029548298
2.25743441109
1.13628042248