0.254887135176
0.2895340663
0.304762134236
0.313670063198
0.319349444095
0.323697095559
0.327464914487
0.330582624016
0.333340229667
0.335778332059
0.338011613835
0.340168875363
0.342177305624
0.344041634413
0.345763608399
0.347471781859
0.349084589082
0.350430014193
0.351817679153
0.353150177614
0.354551604964
0.355893948205
0.35706104395
0.35826353433
0.359365261254
0.360399119503
0.361574327121
0.362627489586
0.363613262968
0.364683619916
0.36565198237
0.366736719726
0.367806309449
0.368741505446
0.369606533546
0.370416264209
0.371282061248
0.372187109247
0.373081066873
0.374018776487
0.374950434434
0.375749889544
0.376516917235
0.377401951358
0.378085330026
0.378904803886
0.379713392052
0.380499977384
0.381210863219
0.381986647166
0.382777276234
0.383475745793
0.384218863989
0.384903520072
0.385640921958
0.386320357547
0.387071245423
0.387820424021
0.388461726913
0.389098495837
0.389724710788
0.390378448116
0.391128260997
0.391620753916
0.392288854761
0.39298569064
0.393655173893
0.394364713072
0.394962200414
0.395453150557
0.396005219168
0.396633769191
0.397177275503
0.397821618118
0.398376858307
0.399017258756
0.399668335196
0.400291313783
0.40097507363
0.401605749751
0.402156040058
0.402703512435
0.40330126209
0.403891427452
0.404424436376
0.40496108708
0.405435211178
0.405959459273
0.406484044363
0.406981289667
0.407520779138
0.408139881576
0.408487036955
0.409066885223
0.409607751496
0.410194293317
0.410746860967
0.411278556088
0.411779289827
0.412418926891
0.413038470062
0.413491181766
0.414036983892
0.41459045132
0.415108764601
0.41552219223
0.416105420722
0.416610657799
0.417200911342
0.417725954825
0.418185459598
0.418709435172
0.419176970296
0.419672941468
0.420209106698
0.420730978424
0.421253706451
0.421708490636
0.422260708156
0.422752789396
0.423289919742
0.423736650272
0.424254576648
0.424737190466
0.425270864141
0.42576589
0.426252902724
0.426703574021
0.427126952221
0.427352078765
0.42787943057
0.428383913007
0.428940519248
0.429333456055
0.429897417122
0.430395011913
0.430911886834
0.431308886747
0.431824034469
0.432299342226
0.432698598854
0.433257696222
0.433735325511
0.434186855215
0.434613696642
0.435067349021
0.43558333394
0.436041368665
0.436546754468
0.436993776994
0.437383090764
0.43797748093
0.43846480205
0.438887418227
0.439342354883
0.439797027917
0.440197204412
0.440598163722
0.441088329619
0.441483436388
0.441987160553
0.442453781744
0.442959855927
0.443440824755
0.443839461489
0.444316876054
0.44479080247
0.445172100256
0.445558860276
0.445998919458
0.446567513727
0.446941132136
0.447329939689
0.44769543695
0.448167076827
0.448627177956
0.448979993067
0.449518406215
0.450025235903
0.450512795111
0.451004953992
0.451508434417
0.451993410571
0.452512895107
0.453055647192
0.45347419088
0.453821683363
0.454367678513
0.45471961728
0.455258432491
0.45562911363
0.455963299315
0.456368699287
0.456906221485
0.457372801062
0.45782896336
0.458262595182
0.458806855043
0.459321148356
0.459669118916
0.46011268041
0.460474206196
0.460862873934
0.461310886847
0.461742683154
0.462273318606
0.462760821872
0.463220180024
0.463638078945
0.464092707882
0.464560984257
0.465028129272
0.465454604205
0.465852034199
0.466221351804
0.466734786902
0.467204569044
0.467666547503
0.468082290151
0.468578374182
0.468972702151
0.46931288374
0.469620520145
0.470097678148
0.470554259697
0.471027432238
0.471446620748
0.471886877037
0.472323064719
0.472843700653
0.473327914247
0.473848443725
0.474311304754
0.474793551733
0.475266657021
0.475774395123
0.47633506109
0.476751842784
0.477185394219
0.477561810424
0.477918106428
0.478340304231
0.478705144873
0.479170626542
0.479538501913
0.479892908417
0.480270871128
0.480746746853
0.48133887022
0.481216401257
0.481748130691
0.482242553308
0.482695100997
0.482993522172
0.483567016462
0.483843095974
0.484422866027
0.484745826782
0.485210242838
0.485712479864
0.486199935729
0.486264874034
0.48662011636
0.487027992513
0.487522470463
0.487976548031
0.488439138194
0.488843628922
0.48945967864
0.48991590779
0.49036224391
0.490792188925
0.491258741171
0.491664794355
0.492150735223
0.492551453006
0.492924617825
0.493423197233
0.493864748718
0.494023426541
0.494382482957
0.494897221393
0.49530109392
0.495583229162
0.496011385122
0.496422671209
0.496850288727
0.497238292486
0.497667290861
0.498117620108
0.498705271877
0.499279283865
0.499833350972
0.500151936365
0.500597171019
0.501002342344
0.501433353804
0.501962326363
0.502409530909
0.502885626226
0.503526670087
0.50404438658
0.504649938285
0.504705385999
0.505026622344
0.505595071247
0.506189665542
0.506706064484
0.506965805013
0.507246472475
0.507703418852
0.508093311988
0.50859505117
0.509137539673
0.50953466759
0.51001526333
0.510468593781
0.510836446374
0.51130585509
0.51163646994
0.512210473841
0.512748610665
0.513271495092
0.513695306034
0.51410412873
0.514567209587
0.515017187236
0.515547591683
0.516101699198
0.516551894473
0.516994647851
0.517384252526
0.517891547374
0.51835522721
0.518891153713
0.519391043429
0.519968407922
0.520155850032
0.520628130547
0.520975867696
0.52146691094
0.521902504587
0.522334740847
0.522890334669
0.52318154647
0.523625928495
0.524182480564
0.524613094787
0.524900749347
0.525413026605
0.525781305791
0.526285514716
0.526654837883
0.527191462251
0.527558438656
0.528130774747
0.528699482749
0.529220895186
0.529640136648
0.529995925709
0.530325043733
0.530936949099
0.531466019238
0.532069347917
0.532559593354
0.533145821459
0.533699472807
0.534172376696
0.53459061867
0.535021796817
0.53557258586
0.536001091705
0.536582476178
0.536944731657
0.537426987309
0.537852902906
0.538378572902
0.538843297444
0.539391320128
0.539983989235
0.540501411653
0.540902618488
0.541395659355
0.541919792707
0.542506828439
0.542751168313
0.543104651091
0.54373563635
0.544368054608
0.544811065947
0.545285020148
0.545866370585
0.546657365395
0.547023058049
0.547456855757
0.547840276317
0.548403940707
0.548940380131
0.549461683694
0.549953243153
0.550688844479
0.551233781682
0.551816088717
0.552332591131
0.552855750853
0.553478922323
0.553838837275
0.554564709223
0.555116788103
0.555631257201
0.55598084857
0.556643583072
0.557095735228
0.557603516821
0.558234020352
0.558842754793
0.559377624467
0.559817808355
0.560358054675
0.560908866333
0.561574022233
0.561981599778
0.562580945036
0.56324545377
0.563905930782
0.564641574491
0.565163175055
0.565923363484
0.566429133569
0.566944140029
0.567209321684
0.567500848195
0.567794318815
0.568380169275
0.568900177765
0.569268281805
0.569918774367
0.57039968834
0.570877803279
0.571300638204
0.57188945873
0.572694598603
0.573210701544
0.573825192744
0.574276228099
0.574835753728
0.575285195791
0.575652159141
0.576122278034
0.576572910672
0.577242752018
0.578077218254
0.578822955762
0.579492012301
0.579914280952
0.580680326116
0.581289805442
0.581972574822
0.582722061459
0.583265385497
0.5838349665
0.584392855246
0.585035341243
0.585458958493
0.586115182659
0.586604814454
0.586954767907
0.587655354542
0.588258252521
0.588806860159
0.589328808667
0.589927203158
0.590363373949
0.590853647567
0.591564303667
0.592147018742
0.592837602498
0.593143669716
0.593828881793
0.594573347807
0.595089030667
0.595739888053
0.596475470542
0.597097264293
0.597567144786
0.598289024121
0.598929259951
0.599857116783
0.600185371333
0.600614085656
0.601088127048
0.601758617182
0.602199839005
0.60294482173
0.603379389319
0.604006077569
0.604697077166
0.605536299284
0.606310791201
0.606857181066
0.607132527149
0.607754513933
0.608512368795
0.609254960642
0.609946033883
0.610494437824
0.611175222602
0.611471707227
0.612303191319
0.613050951418
0.61388746303
0.614343195137
0.615038305954
0.615505217146
0.616080831887
0.616803513376
0.617220514137
0.617479434644
0.618034915899
0.618875129656
0.619515206757
0.619848177615
0.620666217132
0.621332833824
0.621836363387
0.622413774761
0.623182335023
0.62352148988
0.624111935891
0.624771864761
0.625519712014
0.626085713737
0.626805562764
0.627627826599
0.628364178722
0.6291548316
0.629656824345
0.630506790934
0.630741935366
0.631431819963
0.632258958791
0.632957629162
0.633923960998
0.634675383429
0.635405025842
0.63623258727
0.636875417727
0.637714136807
0.638460662574
0.639325896181
0.640087692531
0.640947437745
0.641931126031
0.642820441544
0.643407052221
0.644039999102
0.644437334854
0.645186500956
0.645963538614
0.646729167889
0.647326763313
0.648048431056
0.648766700868
0.649416347659
0.649739493267
0.650657398053
0.651667959964
0.652383787211
0.653348036933
0.654266451306
0.655093817344
0.655786596959
0.656533555549
0.657648683728
0.658401591992
0.658727178091
0.659429718148
0.659779916203
0.660209177284
0.661160991478
0.662025015279
0.662943191745
0.663908434329
0.664507514269
0.665362976918
0.666115497508
0.666845003276
0.667583151854
0.66835621162
0.669283548512
0.670001337435
0.67106893425
0.671756890425
0.672604303122
0.673353173824
0.674278398412
0.674477940048
0.675333001827
0.676361730592
0.677349481532
0.678288629501
0.678886569628
0.679427201854
0.680242457538
0.680670989985
0.681886620703
0.682939692495
0.68355089301
0.68467478386
0.68553336869
0.686726975648
0.687924846615
0.689128898811
0.689970806825
0.690532288756
0.691565650963
0.692670253905
0.69358021868
0.694597292801
0.695183165887
0.695563270705
0.69640947586
0.697542461446
0.698196405196
0.699332714508
0.700114834899
0.701121469531
0.702077454305
0.702815481751
0.703762660026
0.704614142107
0.705533507519
0.706436482557
0.706892893452
0.707939932971
0.70879851878
0.709682115974
0.710623073292
0.711962695069
0.713065640751
0.714207507172
0.715128153618
0.716154561202
0.717287721908
0.718347930825
0.718995211809
0.720436969001
0.721623351121
0.722544284622
0.723551842677
0.724455688464
0.72565327008
0.726804649177
0.728067663478
0.729470330057
0.730760631243
0.731390497035
0.732054136639
0.732996762955
0.733583603678
0.734540866178
0.735851945829
0.737339512434
0.738756331269
0.739459089323
0.739158488863
0.740208223802
0.741498774952
0.742835874932
0.744715337725
0.745577149285
0.746714988953
0.748106519454
0.749287766202
0.750747398912
0.750877677306
0.751975834996
0.75296157485
0.753973872484
0.755352715571
0.756459221361
0.757887658584
0.759048354361
0.760304820076
0.761141459865
0.762130603744
0.763680074015
0.764730286049
0.765724442332
0.766547993679
0.767795478825
0.768774840241
0.770248775715
0.771701143592
0.77323607829
0.774635299161
0.77564065973
0.776423732654
0.778106154773
0.779130019238
0.780433577344
0.781862819133
0.783175031385
0.784637000019
0.785209099596
0.786278514559
0.785261758132
0.786885205386
0.788441928176
0.790222447442
0.791626005115
0.79322591796
0.794248187046
0.795094138567
0.796276449129
0.796997847055
0.798246651521
0.800009714961
0.80089994816
0.801706805067
0.803044514711
0.804191267769
0.805893216109
0.807275226312
0.809529996957
0.810176772109
0.808807948006
0.810187478315
0.81130669253
0.813129092639
0.81471577731
0.815922251149
0.816823218315
0.818648230495
0.81985665791
0.821683838495
0.823083681266
0.825127877895
0.826925946567
0.827763053505
0.829203470941
0.830415565264
0.830948518288
0.832887103224
0.834357746324
0.836065150489
0.837982103039
0.840347320954
0.842456530598
0.844215667678
0.845343575235
0.846938537446
0.848934417002
0.850255100143
0.852373283165
0.854007444581
0.856311798558
0.858335661257
0.860349591374
0.862504879682
0.86397499935
0.866426766482
0.868145802031
0.870187522738
0.871815547966
0.873798455649
0.876332942147
0.877649470169
0.880291705756
0.882508870551
0.884447741095
0.885837334357
0.887566302542
0.889418201768
0.891395414304
0.892097436914
0.894365795377
0.896766381565
0.898750108628
0.901442143662
0.903236539234
0.904638781965
0.9063999056
0.90791954929
0.910299054659
0.912707673003
0.914917840893
0.915799886125
0.918730164568
0.920980319501
0.9237787173
0.926280636842
0.927919697959
0.929429964879
0.931671648327
0.9335058523
0.936220217329
0.938548495212
0.940435082799
0.942687721543
0.944197900401
0.946708096515
0.949459420216
0.951340936959
0.95392165984
0.957012171088
0.958638518739
0.96136491073
0.964286513735
0.966158039617
0.969112616651
0.971589458285
0.974938592606
0.978237828041
0.981064188136
0.983731055138
0.985528144733
0.989498995694
0.992060425948
0.993937157991
0.99651884771
0.998846181388
1.00215905412
1.00660025951
1.00972601794
1.01174526575
1.01254888436
1.01361105099
1.01806888753
1.02113673913
1.02309298474
1.02582510722
1.02769673413
1.03083481098
1.03233723849
1.03569477734
1.03923582846
1.04131283656
1.04472178062
1.04900922735
1.05021905468
1.05301215325
1.05528770659
1.05878028955
1.05966878348
1.06339682534
1.06539349488
1.0691195407
1.07066069075
1.07440490711
1.07686627619
1.0790239669
1.08312201322
1.08693060869
1.08984760414
1.09253215613
1.09576875296
1.09986023093
1.10399946311
1.10662739908
1.11155260591
1.11742128879
1.12055400122
1.12463060399
1.12752849742
1.13240796555
1.13730585025
1.14261737406
1.14798369975
1.15150564565
1.15685441147
1.16159622437
1.16635957402
1.17149999995
1.17564569312
1.1781593053
1.18439474238
1.1916065354
1.19512632256
1.2005556803
1.205127222
1.20988657491
1.21668783679
1.22345851457
1.22734072186
1.234530478
1.24139457252
1.24577095412
1.25208770008
1.25712575868
1.26108583222
1.26958169695
1.27289243573
1.27920217359
1.28427093872
1.28948399329
1.29584085947
1.3016609137
1.30612520478
1.31480393968
1.32128989911
1.32653605595
1.33150944592
1.33887163862
1.34455723581
1.35133349219
1.35722634957
1.36078583352
1.36652360496
1.37561335528
1.38628185181
1.39376655591
1.40184746166
1.40748962522
1.41192830955
1.42006552147
1.42454241052
1.43029848807
1.44001941559
1.45017498084
1.45758741912
1.46988650112
1.4832106039
1.49309103419
1.50434859135
1.51375866629
1.52094973614
1.52529709647
1.53930654695
1.54817733693
1.55753922399
1.57254582486
1.57915704436
1.59617771625
1.60651178228
1.61861458581
1.6364844744
1.64580900082
1.6526390743
1.66206948359
1.67524223019
1.68798358785
1.7035330543
1.72075814983
1.73339118441
1.75355466266
1.76194683584
1.7815426674
1.78059796393
1.79001603691
1.81803417118
1.82299679492
1.83431490266
1.85724714478
1.8795234512
1.90287704236
1.90981206921
1.93951299361
1.96111538219
1.96871650829
1.9989762316
2.01112248975
2.01566042674
2.04629094504
2.06858448431
2.09911870536
2.1222621116
2.14699271922
2.17650080214
2.20104349852
2.23709744693
2.25496677283
2.28696614123
2.33311232376
2.37047895273
2.40858091688
2.40126636028
2.4014714143
2.43215000695
2.45473604292
2.47838287693
2.49279415732
2.54079326584
2.54829566148
2.59975798436
2.62118500737
2.64709528852
2.69020956328
2.72893136622
2.74335988393
2.70861397544
2.69708114255
2.7847356928
2.85633085129
2.7740498527
2.64177595583
2.44060770707
2.06799602808
1.87746218504
0.721812712763