0.254887135176
0.279961767694
0.29430446503
0.302228630505
0.308267372527
0.313374254418
0.317455967888
0.321054314316
0.324119430245
0.326900304375
0.329471838249
0.33181231701
0.333737943657
0.335655459282
0.337528271233
0.339137067516
0.340726846248
0.34223887773
0.343662100288
0.344973591433
0.346319078585
0.347453414215
0.348685899668
0.349826702127
0.350920023138
0.352024340087
0.353151904475
0.354052230532
0.355094563832
0.356043999708
0.356995696521
0.35792398998
0.358800543806
0.3597361941
0.360571096938
0.361302093018
0.362151744167
0.362972660734
0.36375093935
0.364455467603
0.365173601206
0.365977609901
0.366727964924
0.367352244213
0.368083997804
0.368817862799
0.369624185104
0.370336766844
0.371024957274
0.371667831867
0.372293630307
0.37288737026
0.373540777769
0.37417938398
0.374815004578
0.375526255121
0.376056555139
0.376723500343
0.377360463968
0.377893763333
0.37844682851
0.379026963751
0.379407491665
0.379895416872
0.380474604581
0.381059956806
0.381630356168
0.382159592042
0.382612508247
0.383135126658
0.383655814956
0.38422042013
0.384798083328
0.385330035393
0.38591479235
0.386430909857
0.386953780105
0.387502899739
0.3880652622
0.388580978924
0.389140805466
0.389678196129
0.390188078577
0.39069056801
0.391203996042
0.391667242009
0.392201348656
0.392655329667
0.39313385484
0.393589784416
0.394070946232
0.39453280271
0.39497260244
0.395448444825
0.395939447959
0.396398980239
0.39687469643
0.397302899079
0.397736726841
0.398177564992
0.398623388256
0.399079707433
0.399558403247
0.399974504008
0.400397806631
0.400862070305
0.401350343899
0.401783890837
0.402170001489
0.402564814671
0.403054193183
0.403517189819
0.403920000563
0.404290804388
0.404698866077
0.405176025465
0.405617744305
0.406050647805
0.406478290989
0.406912008344
0.407247742924
0.407692600476
0.408100241541
0.408534608744
0.408936634281
0.409373436438
0.409797057868
0.410151303565
0.410580396096
0.411019102632
0.411435402063
0.411641498788
0.412088780945
0.412544784051
0.413040109489
0.413527980581
0.413891662739
0.414302201832
0.414703102563
0.415156401052
0.415578391954
0.415987189675
0.416252058054
0.416697172099
0.417129894178
0.41745375068
0.417885956201
0.418248325981
0.418696437584
0.419074215863
0.419455051735
0.419786928132
0.420158424072
0.420544941054
0.420941545882
0.421292962694
0.421620510602
0.422032562667
0.42242525712
0.422812119495
0.423243653022
0.423559533389
0.423975764751
0.424410328057
0.424796401197
0.425152005174
0.42547384315
0.425894071483
0.426281836134
0.42664568815
0.426975828674
0.427281405814
0.427636798074
0.428007426391
0.42840388238
0.428824655985
0.428967011835
0.429289928384
0.429673568346
0.43000892178
0.430379279975
0.430782139918
0.431118175177
0.431430636455
0.43175579291
0.432086038842
0.432429708951
0.432789252562
0.433132333452
0.43349793971
0.433900843307
0.434260377748
0.434605676913
0.435054263714
0.435394334923
0.435793140308
0.436100009701
0.436498371429
0.436800155703
0.437151194946
0.437513931959
0.437851985524
0.438254635959
0.438633914326
0.438992464865
0.439312663197
0.439682040119
0.440130333016
0.440513242116
0.440857538808
0.441162008479
0.441454906161
0.441801851568
0.442167970335
0.442504808282
0.442891749019
0.443312448626
0.443742971121
0.444067015026
0.444447802181
0.444810094564
0.445157329343
0.445540542313
0.445905077615
0.446229996245
0.446651724145
0.446935168601
0.447327286094
0.44768682611
0.448068197806
0.448262759472
0.448590823879
0.449030327912
0.449275249986
0.449647060055
0.449897849242
0.45019117643
0.450553840281
0.450854743248
0.451229332878
0.451589979003
0.451949474935
0.452318778691
0.45250284726
0.452863174081
0.453201320404
0.453621473048
0.454007113478
0.454355779154
0.45468742028
0.454944792379
0.455333912505
0.455707785187
0.456049455065
0.456408957306
0.45666113551
0.457022776372
0.457432459359
0.457789623298
0.458203761212
0.458527515867
0.459020963624
0.459391245008
0.459764293842
0.460093433954
0.460381498192
0.460710405863
0.460931076715
0.461128676805
0.46129125196
0.461715457254
0.462054572897
0.462347715393
0.462797278859
0.463125076067
0.46343634678
0.463812366689
0.464178605874
0.464543496214
0.464735832729
0.465160192601
0.465505730936
0.46583990172
0.466141232554
0.466495486249
0.466887303272
0.467317939103
0.467692736068
0.468007334722
0.468364200718
0.468781807082
0.469128947204
0.469519175819
0.469910889338
0.470282293039
0.470651770379
0.47109912575
0.471466960204
0.471841876934
0.472236083342
0.472592624351
0.472819521072
0.473195792208
0.473644430044
0.474017142987
0.474428825756
0.474717986219
0.475090178024
0.475447125395
0.475854581992
0.476116457104
0.476521088924
0.476817100369
0.477146861682
0.477467670153
0.477907269318
0.478278876597
0.478709153225
0.47905255108
0.479431472591
0.479854220759
0.48005606646
0.480495319234
0.480781813536
0.48115659737
0.481529018057
0.481948874919
0.482344942423
0.482742241586
0.483140142673
0.483534967326
0.483930646612
0.484358999869
0.484732007158
0.485178248105
0.485447917141
0.485863256272
0.486286212307
0.486685571669
0.487136784807
0.487433285013
0.487871505459
0.488268849509
0.488565921719
0.489003960804
0.489383864706
0.489772112858
0.490062196639
0.490521320584
0.490850103808
0.491309291865
0.491795763334
0.492054842433
0.492336156239
0.492685355992
0.493024766869
0.493444955906
0.493874821912
0.494265051526
0.494616205064
0.495010761419
0.495433375097
0.495918559814
0.496325500876
0.496678278134
0.4968954265
0.497180473801
0.497470556295
0.497676824607
0.498068547638
0.498308581838
0.49861226761
0.499033077006
0.499207214287
0.499231529842
0.499574811026
0.499898992874
0.500117926796
0.500612057123
0.501083959916
0.501328642747
0.501717059786
0.502062880372
0.502476962986
0.502846752669
0.503250215584
0.50373238224
0.504206360261
0.504739881495
0.505231615431
0.505506095566
0.506005821696
0.50634444175
0.506794455934
0.507236101996
0.507689023458
0.508147323866
0.50854386601
0.50894519387
0.509289005711
0.509562981479
0.509834331225
0.510088892715
0.510525677868
0.510967753185
0.511342190006
0.511871624289
0.512244117868
0.512654342764
0.513066095061
0.513432109386
0.513893480011
0.514342805841
0.514626816188
0.515126924243
0.515558216956
0.516034700822
0.516356958802
0.516642987993
0.51686302505
0.517279928677
0.517705873143
0.517844048339
0.518477889684
0.519002561963
0.519452121303
0.519812842255
0.520194333839
0.520423950546
0.521063860071
0.52131899577
0.521798086229
0.52228141788
0.522841680915
0.523300400581
0.523624864484
0.524010267112
0.524394711746
0.524817067946
0.525237195423
0.525695871824
0.526139076182
0.526634062616
0.527144195046
0.527604365119
0.52812211769
0.52852251915
0.528929776622
0.529292803278
0.52971236387
0.530220395438
0.530676996457
0.531136032387
0.531701473873
0.532090639312
0.532585889984
0.533065788752
0.533507695311
0.533957040825
0.534242230236
0.53483453831
0.535338466633
0.535832094483
0.536350055601
0.536826827657
0.537176843534
0.537748639544
0.53833073118
0.538610615863
0.539127203983
0.539444967247
0.539962395764
0.540616654833
0.541020877668
0.541585013534
0.542151290919
0.542504581381
0.543018467308
0.54351145667
0.544131850657
0.544424455916
0.545075719937
0.545614594524
0.54598452643
0.546506934755
0.54706405159
0.547555002396
0.548248315845
0.548480763078
0.548728315171
0.549086385918
0.549625553857
0.550213067699
0.550708073245
0.551047839902
0.551503723806
0.552048584913
0.552608420271
0.553019162394
0.553703480967
0.554000725929
0.554447662824
0.555077517686
0.555605535773
0.556036282407
0.556617148435
0.557226570935
0.557573568477
0.558084006064
0.558454076207
0.558898678575
0.559489555225
0.559717628177
0.560114858477
0.560730280157
0.561360322162
0.561994232822
0.562472910855
0.563056071587
0.563541628685
0.564099016358
0.564762504293
0.565223717461
0.565742520904
0.566317956339
0.566995900472
0.567474276673
0.567928066364
0.568668497865
0.569125073087
0.569675123551
0.570399752015
0.570795902567
0.571582795111
0.571978915021
0.572581332546
0.573193107444
0.573984329532
0.574761821707
0.575494320156
0.575792341858
0.576241616009
0.576807997264
0.577612206769
0.578284870623
0.57864688802
0.579146185371
0.579673787364
0.580395953981
0.581153569979
0.581831634177
0.582227393627
0.582744553139
0.58318322973
0.583989897732
0.584684616814
0.585368896061
0.586075704347
0.586605489449
0.587317106622
0.588034744091
0.588648884973
0.589376582869
0.589695585802
0.590470006845
0.591214401589
0.591888086994
0.592695227664
0.593408363743
0.593897009202
0.594416740106
0.595329380506
0.595477854098
0.596198006347
0.596557447922
0.596864078291
0.597487564602
0.598216172353
0.598654429731
0.599463604808
0.600135696872
0.600785596466
0.600895337641
0.601285332819
0.602030616985
0.602572117817
0.60316210869
0.603937839348
0.604523503861
0.605006132465
0.605794806669
0.606152359304
0.606922271462
0.607684092243
0.608372678687
0.609051298806
0.609966510031
0.610596764132
0.611472419493
0.612345541313
0.613037555097
0.613600617911
0.613841926111
0.614638501385
0.615096145869
0.615625579409
0.616251249942
0.616950701531
0.617653857584
0.618439231054
0.618829627307
0.619525622284
0.620200521134
0.621024275373
0.621809281192
0.622292567004
0.622949764821
0.623810795416
0.624543918809
0.625408775997
0.626269814442
0.626931045871
0.627642153438
0.628440073705
0.629442276428
0.630087740495
0.630741807302
0.631600802753
0.632630515239
0.633336175041
0.633978217595
0.635105380675
0.636004495918
0.636844790113
0.638000377986
0.63865571252
0.639691547649
0.640437407186
0.641494927266
0.642401921353
0.642719153679
0.643654307802
0.644241996466
0.645008178123
0.645550367781
0.646476756278
0.647227749658
0.648168862281
0.648925328722
0.649880518676
0.650967489574
0.651765456504
0.65242972699
0.652666098018
0.653655131171
0.654645903138
0.655785545702
0.656330962469
0.657510632907
0.657998667522
0.658753320921
0.659903788076
0.660770855689
0.661945360194
0.662834764739
0.663825641678
0.664489734592
0.665188029027
0.666326002102
0.667227049024
0.668218478241
0.668939459571
0.669833492506
0.670908665501
0.671670391627
0.672263609649
0.673251604092
0.674083401017
0.674906786373
0.676134739326
0.677449297683
0.678293650616
0.679381190721
0.680300931204
0.680786136964
0.682243057321
0.683252676641
0.68398403687
0.685063202285
0.685289365909
0.686510791444
0.68739083266
0.688197325417
0.689250015048
0.690483794714
0.691630321528
0.692766504344
0.694070125456
0.695180756094
0.696638429387
0.697939145587
0.698850794371
0.699667115052
0.701215460581
0.702045832518
0.703594379317
0.704433774636
0.705611814596
0.70684901914
0.707643898983
0.707322219373
0.708202014389
0.709478555097
0.710709922938
0.711880813155
0.713211989201
0.714475376509
0.71562463126
0.716807028978
0.718201562697
0.719434866058
0.720408021749
0.72202561964
0.723315800019
0.724049927785
0.725109803098
0.7256978773
0.726360939642
0.727515344083
0.728530715675
0.730011429807
0.730871507189
0.731747942271
0.732331366072
0.733595256885
0.735029550539
0.735823717969
0.736979013074
0.7373874522
0.73902624206
0.739955417008
0.74075043137
0.741744875471
0.742767712391
0.744196748861
0.745940361023
0.747710585414
0.74956360326
0.751412239772
0.752757260934
0.754169771194
0.755695903598
0.757590917208
0.759301468311
0.760854764672
0.762324485918
0.763092783708
0.76500893309
0.766727399185
0.768768656411
0.770674842491
0.772425933931
0.774134432237
0.775631558784
0.776661687841
0.7783686313
0.780201258068
0.78168462751
0.783758161848
0.784671051018
0.786208579053
0.787055691161
0.7887008576
0.789595906903
0.791593659941
0.793138378883
0.794368326244
0.796563065606
0.798593058545
0.800319142229
0.801527295408
0.802965422261
0.80464917333
0.806415320251
0.808372978162
0.810294503687
0.81231116933
0.813464633458
0.815676489583
0.817489432213
0.819863832386
0.821862390673
0.822661517546
0.824561520383
0.826608884805
0.828200356824
0.82979490825
0.83182164682
0.832496593694
0.833577453044
0.835109026447
0.836615351127
0.837800302229
0.840135452769
0.842847293344
0.845189116773
0.847755600537
0.849915471121
0.851730453123
0.853589323853
0.855824863087
0.858868333092
0.861039890112
0.863391182117
0.864403096133
0.867120362202
0.869363288743
0.870911003972
0.873120130083
0.875671756407
0.878571789371
0.880355721186
0.882237289457
0.884004600838
0.886963451988
0.888621431434
0.891294903128
0.894669864758
0.897278183636
0.895145075807
0.89695548663
0.900364110644
0.902625328058
0.905129592444
0.908126226098
0.910950945493
0.914761931913
0.917876334249
0.92031394177
0.923173932041
0.925043955554
0.927091946553
0.928846533772
0.931400293097
0.935041377991
0.938215122169
0.940575357231
0.943182394877
0.94637671546
0.948756219965
0.952731861614
0.956280298028
0.960115903301
0.962640900696
0.964868985323
0.968023525994
0.970823906444
0.973650880606
0.977619158901
0.980740746542
0.984069795339
0.987448044807
0.989310701845
0.992705559141
0.996414252316
0.999633207931
1.00304313721
1.00569235688
1.00903685145
1.01327189177
1.01667083642
1.02100671937
1.02613492713
1.03107521978
1.0348590905
1.03753519912
1.04137923435
1.03822506233
1.04125219895
1.04484766109
1.04843443502
1.05398947828
1.05902935403
1.06312590082
1.06775101303
1.0732872816
1.07687460451
1.08131081803
1.08477983215
1.08811564106
1.09194391548
1.09635480032
1.10033710909
1.10575503149
1.11132767139
1.1152747872
1.11896006565
1.12347286478
1.12931692682
1.13467741709
1.13947112734
1.14287503737
1.15009241454
1.15588492438
1.16174520995
1.16663362056
1.17089479596
1.1773353454
1.18540222668
1.1927176021
1.19910067931
1.20389778862
1.21123753967
1.21649597533
1.22305187457
1.22796427029
1.23451336037
1.24196782445
1.24767637146
1.25534262334
1.26391169474
1.27103890379
1.27803970482
1.28812827852
1.29307858464
1.3013747975
1.30854022606
1.31473286948
1.32517909101
1.33488296803
1.34419843117
1.35174103303
1.36211689989
1.37100041299
1.38774886434
1.39825481148
1.41033826402
1.41993993708
1.42772171284
1.44128136617
1.45443686949
1.47125829021
1.48534610112
1.49472965928
1.50696391277
1.5194641891
1.5342453547
1.54555058928
1.55418337743
1.56968374858
1.58327237229
1.60198092638
1.61603644458
1.63067299648
1.6558556519
1.66760360643
1.68315052169
1.70107512567
1.72345822387
1.74675750738
1.75356815733
1.7806907697
1.80527004537
1.83329532095
1.85188631633
1.87291402091
1.88116073895
1.90271090356
1.93579726819
1.96905366231
2.00680156194
2.03613027376
2.0374608326
2.04799623927
2.04358862533
2.08067505524
2.10798328138
2.15757974476
2.17938487998
2.21303762341
2.25640398533
2.31201426399
2.35260267729
2.38904267085
2.41046092837
2.44828686621
2.4321536603
2.46628262953
2.50452336692
2.5033572296
2.48746247152
2.51038333089
2.43858112734
2.42925045304
2.34074512472
2.25802409807
1.93657947844
1.61197130183
1.15804163559
0.592619763122