0.254887135176
0.288535091716
0.300442004831
0.30830962841
0.314133003059
0.318822863002
0.322807821796
0.325973866136
0.328764372895
0.331240812788
0.333567215702
0.335625649304
0.337480206861
0.339287851287
0.340889671945
0.34247516598
0.343920976834
0.345350767488
0.346663176358
0.347984642347
0.349220112138
0.350505231036
0.351739412371
0.352876794106
0.353960175965
0.354928922463
0.355796184271
0.356752869378
0.357694524715
0.35867140295
0.359544689978
0.360531407332
0.361414879562
0.362316933475
0.363133373539
0.363935036946
0.364760483532
0.365495818178
0.366252453471
0.366947268827
0.367661034747
0.368427527919
0.369078683749
0.369713455759
0.370423978628
0.371122091868
0.371777893893
0.372467993151
0.37305347197
0.373681660512
0.374296695072
0.374928307932
0.375580200447
0.376148805028
0.376686338512
0.377295085192
0.377877351288
0.378454181548
0.379017368028
0.37953631146
0.380074531008
0.380624749164
0.381145839375
0.381680764057
0.382230053665
0.382813715233
0.38337672063
0.383935996938
0.384423012975
0.384978521673
0.385522452649
0.386061752397
0.386512548879
0.386911067308
0.387312247565
0.387851942534
0.38834898359
0.388828023984
0.389400719212
0.389901386505
0.390355008846
0.390799403437
0.391354683752
0.391877770701
0.392389890213
0.392843209384
0.393326615865
0.393869410896
0.394356578286
0.394915758789
0.395384791587
0.395809585868
0.396301672558
0.396813767365
0.397289982313
0.397668238013
0.398158276877
0.398550868676
0.399028804706
0.399385891906
0.399875559478
0.400330417945
0.400841405717
0.401285586244
0.401807255522
0.402180702621
0.402615661571
0.403066236014
0.403491422599
0.403939592727
0.404437800306
0.404911237005
0.405405755364
0.405877046841
0.406354952467
0.40677765854
0.407248124671
0.407773690086
0.408218868961
0.40853934842
0.408890035563
0.409299171666
0.409715880815
0.410126140391
0.410569307971
0.410999655941
0.411449997956
0.411889087618
0.412366877627
0.412697622843
0.413140393337
0.413551068659
0.413938593282
0.41436100514
0.414777577768
0.415130729271
0.415591374754
0.416002195601
0.416482031374
0.416913649022
0.417312343087
0.417748399422
0.418170956513
0.418526337061
0.418932529124
0.419410523403
0.419846389965
0.420243921648
0.420605343855
0.420923305101
0.421241105493
0.421622334696
0.422112315548
0.422546102505
0.42296010604
0.423365051066
0.423792868551
0.424196864584
0.424630611451
0.424994491399
0.42538439421
0.425775904495
0.426211215466
0.42654562046
0.42693741256
0.427295419128
0.427686143075
0.428079227739
0.428468989131
0.428846902879
0.429187918679
0.42960613397
0.429966988307
0.430349440995
0.430715062887
0.431150061504
0.431511893511
0.431679583144
0.432061641189
0.432437294505
0.43283107263
0.433189272759
0.43353741573
0.433861789343
0.434191180404
0.434564676113
0.434933357131
0.435310735114
0.435659133934
0.435884345238
0.43627296162
0.436511255531
0.436954665871
0.437338164131
0.437691899931
0.437989671804
0.438355173855
0.4387782587
0.439173683094
0.439542206798
0.439905113745
0.440247529603
0.440611620514
0.440837676841
0.441228242131
0.441675951172
0.442096609799
0.442438853214
0.442798442845
0.443148622749
0.443572853208
0.44388951799
0.444305733187
0.44470044596
0.445030324841
0.445447184603
0.445834349666
0.446179033907
0.44654716642
0.446895499276
0.447323436129
0.447716679215
0.448123025323
0.44844900841
0.448842705897
0.449266567507
0.449692313871
0.450075805844
0.450397314574
0.450710008527
0.451121634027
0.451469303594
0.451831265743
0.452222620263
0.452618747682
0.452978216019
0.453341571993
0.453677563078
0.454044531131
0.45437045964
0.454559521426
0.454855351836
0.45526767508
0.455628859311
0.455995126477
0.456294189052
0.45661763458
0.456892736346
0.457256290505
0.457690369157
0.458020087079
0.458195922386
0.458531223566
0.458939782159
0.459230331461
0.459624066071
0.459802012146
0.460218105574
0.460453084474
0.460834223314
0.461140099311
0.461575099104
0.461947624025
0.462413874593
0.462659619962
0.462980074992
0.463182673683
0.463504998393
0.46392796242
0.464211477371
0.464588023707
0.46476477532
0.465097125606
0.46511856375
0.465441441835
0.465759756362
0.466140302052
0.466533186654
0.466885830754
0.46720520271
0.467624372492
0.468001732512
0.468312775615
0.468651476246
0.469056901178
0.469361412131
0.4696391641
0.469942170883
0.470346007166
0.470656408208
0.471038458682
0.47119788837
0.471504680894
0.471958626398
0.472384910208
0.472925796871
0.473467546787
0.474007983003
0.474454306695
0.474920352015
0.475528975411
0.476057028204
0.476628431278
0.477253526799
0.477546005617
0.477835647655
0.478141105266
0.478486175364
0.478889462961
0.479241990439
0.47954379296
0.479914892999
0.480312291249
0.480552467817
0.480982352951
0.481249555261
0.481228199043
0.481572037106
0.481847282496
0.482280653241
0.482674945961
0.48292666637
0.483299595425
0.483676975973
0.483979040528
0.484267501475
0.484618797473
0.484991304532
0.48541686982
0.485696067734
0.48609220601
0.486461876218
0.486899952396
0.487300602652
0.487712029956
0.488162728002
0.488527318752
0.488928452635
0.489290832554
0.489708655689
0.490060434145
0.490285061093
0.490595173768
0.490907580397
0.491297342176
0.491683745092
0.491984184084
0.492328834475
0.492729777968
0.493101719468
0.493587263057
0.493946262804
0.494334174825
0.494790533309
0.495068244904
0.495387062852
0.495853286272
0.496275235111
0.496609783762
0.49709528838
0.497533729786
0.497987912101
0.498360622977
0.498713941448
0.49892012156
0.499343053227
0.499531561166
0.499969167918
0.500267760875
0.500575126488
0.500878609319
0.501138659096
0.501650565728
0.502098230942
0.502368003176
0.502717664189
0.503122339715
0.503433112633
0.503759214472
0.504133558255
0.504424203958
0.504790863224
0.50508624191
0.505514788276
0.505837491371
0.506130038954
0.506582304013
0.506907445763
0.507308222562
0.50769710966
0.507935768364
0.508116512293
0.50842218306
0.50875748203
0.509076481455
0.509468865593
0.509610693257
0.509971276962
0.510343213836
0.510670901559
0.510968728027
0.511398012508
0.511754680727
0.512276438203
0.51278845731
0.513208308778
0.513506173936
0.513744021699
0.514287413778
0.514797582711
0.515034519486
0.515442913336
0.515945652786
0.516336489314
0.516755508602
0.517126326057
0.517431039975
0.517899759869
0.518375692134
0.5187073736
0.51908861885
0.519576267583
0.519952350354
0.520294516447
0.520747793092
0.521128486096
0.521564008199
0.52200238041
0.522494360373
0.522872959285
0.523351444991
0.523761635482
0.524332550318
0.524716088427
0.525106149202
0.525564372903
0.525884546345
0.526398103029
0.526880115036
0.527328410858
0.527872361698
0.528328451681
0.528658402037
0.529189052212
0.529536769766
0.529988270207
0.530527776358
0.530937544071
0.531308663515
0.531851539839
0.532173605898
0.532707806592
0.533162253894
0.533673837749
0.534173030191
0.534703692145
0.535183068569
0.535547286286
0.536065201477
0.53650466013
0.537042184962
0.537650233365
0.537878950523
0.538183852499
0.538553472185
0.538792685071
0.539359527118
0.539743358478
0.540164746235
0.540628023085
0.541181036167
0.541441610075
0.541871650695
0.542367041715
0.542921756198
0.543347497528
0.543506656912
0.544002874966
0.544479494012
0.544831197791
0.545444374755
0.546047203829
0.546505175025
0.547070268548
0.547033112396
0.547512698379
0.548067891724
0.548368521675
0.548785687848
0.549291213296
0.549908193592
0.55044999424
0.550625057991
0.551189713618
0.551562006389
0.551433475142
0.551807617134
0.552374059105
0.55300410548
0.553424011339
0.554031680391
0.554674376886
0.555232589733
0.555709525084
0.556225956235
0.556516388897
0.556940011881
0.55738691312
0.558080326497
0.558699322394
0.559264945181
0.559679289411
0.560218705677
0.560734932215
0.56124819089
0.561737813196
0.562040618323
0.562543719529
0.562977421551
0.563681302967
0.564095389527
0.564657750224
0.565091296499
0.565712457566
0.56610349891
0.566512690631
0.567198750191
0.567632687526
0.568256104359
0.568979553531
0.56953511831
0.570356061855
0.57085561731
0.571303835582
0.571917203166
0.572578482049
0.573086655347
0.573772787986
0.574323621647
0.574864853343
0.575454729236
0.575968107413
0.576579173776
0.577443389937
0.577981012601
0.57870576729
0.579290564199
0.579870040237
0.580494786172
0.581019176465
0.58164707233
0.582206948132
0.582640407728
0.583453251534
0.584163396282
0.584798858202
0.585488450924
0.586181726013
0.586944995617
0.587494560548
0.588169326694
0.58860904664
0.589356158643
0.590110014078
0.590793848752
0.5915267191
0.592116866786
0.59265311381
0.592915033536
0.593671592147
0.594337928206
0.595121289558
0.595545383285
0.596009574926
0.596506579393
0.597431195799
0.59811346482
0.598967986031
0.599499368487
0.600148633576
0.60046557731
0.601013388307
0.601645875988
0.602556658154
0.603243013855
0.603924397539
0.604602221811
0.605320886413
0.606310546963
0.606993085694
0.607758703674
0.608556783996
0.609006583263
0.6095369145
0.610279970601
0.611126644679
0.611976122927
0.612549174211
0.613321979427
0.614312618581
0.614776089347
0.615546992799
0.61611685804
0.61685957634
0.617615170276
0.618234794938
0.618976665563
0.619772818036
0.620428558112
0.620952161635
0.621457246017
0.622376258848
0.623368731209
0.623951645759
0.624589040869
0.625185649723
0.625873361112
0.62671731487
0.627618947756
0.628563162426
0.629222748539
0.629844743891
0.630381978405
0.631416807558
0.63214095681
0.632854363699
0.633049304517
0.63402188741
0.634550304155
0.635394854837
0.636273081911
0.636989066264
0.637596531257
0.638666375799
0.639756620868
0.640707691383
0.641613832799
0.642593151666
0.643260522428
0.64396013797
0.644395754351
0.645326817461
0.646017026167
0.647120780615
0.64788263595
0.648486531974
0.649434903965
0.650256886054
0.651420976247
0.652206216351
0.653161323007
0.653932840589
0.65430610231
0.655163771791
0.65607717941
0.657001617488
0.658130762154
0.658884780902
0.659819791972
0.660527654983
0.661640283896
0.662791360039
0.663581925502
0.664598598606
0.665765520792
0.667143394041
0.668309602147
0.669328199014
0.670759917561
0.672195198133
0.673478073395
0.674492622416
0.675196574502
0.676228478725
0.677532717855
0.678711391829
0.679721783172
0.680770626436
0.682071819212
0.68293972613
0.683711060015
0.684886528479
0.685839358876
0.686879553705
0.687947069331
0.689066242462
0.69014039599
0.690810295412
0.691292364475
0.691667328684
0.691472678603
0.692635609739
0.693726652385
0.695137864202
0.696000757642
0.696936594529
0.698135168265
0.699156009207
0.699964437789
0.700937107045
0.702259541008
0.703203230073
0.704211079093
0.705338292019
0.706688744211
0.708005628458
0.70928940434
0.710596509284
0.711759861329
0.712924756271
0.71431512371
0.715162273224
0.715898240921
0.71706787124
0.71802433846
0.719353280353
0.720780561063
0.721747754288
0.72328268015
0.724889008108
0.726405105926
0.727325229826
0.728222712633
0.72969134328
0.730619592286
0.732164119759
0.733679758587
0.73500968512
0.736335852975
0.737750498598
0.738760946977
0.740309791734
0.741013695576
0.742653976183
0.743762178111
0.744518573923
0.745928821262
0.747736397034
0.749632240498
0.75112458645
0.752809143438
0.753802478479
0.754286808389
0.755677652416
0.757137228867
0.758740597368
0.75980064126
0.761443160598
0.762113450836
0.763606739914
0.765256043364
0.765621118076
0.76718793662
0.76851700262
0.7699910618
0.771836969666
0.772723196515
0.774682844366
0.775980283431
0.777585318922
0.778717512076
0.780395980906
0.782428433373
0.783537433982
0.78514836265
0.786947689781
0.788177977121
0.788948568134
0.790749323773
0.791920981011
0.793637537064
0.794363590609
0.796210647812
0.797582737199
0.799207524949
0.801386902425
0.803501602305
0.805244285528
0.806150914962
0.807415331459
0.808933757191
0.810708031191
0.812379688464
0.815011489037
0.817122579919
0.818736438302
0.820662111835
0.821767301287
0.823730703186
0.826490015122
0.829106381471
0.829769993531
0.831225322913
0.832849770401
0.83422920504
0.836534623335
0.838314933275
0.840830134655
0.842846935917
0.844697957958
0.847263712213
0.849794542869
0.847961866706
0.849643116105
0.851623203273
0.852816600873
0.855541460886
0.8573614304
0.858898497234
0.860330117706
0.862632656853
0.864652739618
0.866359097197
0.868658253341
0.870174494504
0.8724268638
0.875015937218
0.876843192903
0.878889072536
0.881231481865
0.884367561678
0.88647444343
0.888993127653
0.891078764295
0.893982453312
0.896929012185
0.899525125429
0.901843243561
0.90544280587
0.908396318018
0.912018047985
0.912557028123
0.914755605518
0.916949883427
0.920092906049
0.923224504612
0.925638730635
0.926893008164
0.929889608924
0.932573044247
0.935241298771
0.936505096024
0.938497735659
0.941334788634
0.944017669891
0.947519254939
0.950261044363
0.953055897481
0.955918392969
0.959254651049
0.962347093209
0.964126768634
0.967880761444
0.969068495943
0.973358049026
0.974832864429
0.978702969431
0.980582953648
0.984958413631
0.98827160079
0.990563804518
0.995195380174
1.00008567616
1.00345785282
1.00694265188
1.00949202455
1.01301715691
1.01746999715
1.02166597087
1.0283268168
1.03301111871
1.03601901638
1.0406822646
1.04336797623
1.04723112221
1.0511485469
1.05503595287
1.06090074589
1.06405684236
1.06964098894
1.07366150486
1.07793596496
1.084503793
1.08921995162
1.09370191759
1.09989587855
1.10303787564
1.10877674811
1.11465141522
1.11989277612
1.12586173839
1.13024285094
1.13684988611
1.14246810158
1.14865681828
1.15184182725
1.15665023771
1.16272694764
1.16843813601
1.17512833319
1.18220481037
1.19006630919
1.19776209803
1.20459361883
1.21047917574
1.22014306127
1.22633275528
1.23545033755
1.24564223979
1.25379415654
1.26239466911
1.26873733317
1.2759440551
1.28426203408
1.29273770146
1.30337624256
1.30899266634
1.3135778432
1.32674726959
1.33761508262
1.34407322213
1.35209247384
1.36174369123
1.36601508075
1.37529744296
1.38265478974
1.39043508471
1.40306822427
1.42010991377
1.43077594495
1.44317802806
1.45588396031
1.46650697411
1.47519847464
1.49105859991
1.48970488939
1.50298367123
1.51253563898
1.51902016383
1.53147918776
1.54616635812
1.56271662398
1.56877782108
1.58226723009
1.59242595029
1.60137265904
1.61467627939
1.62396082269
1.64102105017
1.65441316835
1.67291712433
1.68529018436
1.6937083067
1.70748255852
1.72507029316
1.73277963838
1.74959989918
1.76213249785
1.77138037801
1.79488501325
1.81942469314
1.84234377338
1.85732003304
1.87723005558
1.89631424914
1.91687043599
1.93029590546
1.95231489758
1.97476437519
1.9889697629
2.00646623511
2.01624182177
2.02880799332
2.07234744636
2.0987219544
2.1032824865
2.08820196357
2.12998043127
2.15211524916
2.18175570488
2.23034420794
2.27880607655
2.29672424373
2.33690155205
2.357601037
2.40146497871
2.45004503903
2.48096966678
2.5301978878
2.58774065764
2.62721273128
2.69902884156
2.74560724781
2.73611374531
2.61711126187
2.49012144894
2.24842955665
1.9624965256
1.48699416959
0.359680435408