0.254887135176
0.297206088938
0.309155180442
0.316780140531
0.322389717046
0.326875598941
0.330629157689
0.333864882237
0.336674727656
0.339130845867
0.341398237345
0.343429622071
0.345340378915
0.347101811588
0.348791330815
0.350373072852
0.351915616295
0.35334949557
0.354723972497
0.356025231144
0.357355291527
0.358601178746
0.359821527731
0.360969874801
0.362115725648
0.363192636744
0.364247680175
0.365308283225
0.366325143489
0.367338206681
0.368338561186
0.369322074165
0.370256607405
0.371234966292
0.372150627904
0.373030500982
0.373939699221
0.37480485445
0.375643302351
0.376444011351
0.377217067597
0.378036185875
0.378803307267
0.379583116378
0.380387899742
0.381128276883
0.381895261774
0.382638174683
0.383361172828
0.38407270484
0.384797479592
0.385487490887
0.386129957664
0.386803931564
0.387478409389
0.388150627942
0.388813449884
0.389470908912
0.390103001686
0.390763523293
0.391415383088
0.392074884287
0.39270055706
0.393340193923
0.393919189147
0.394538762485
0.395202993353
0.395847300463
0.396458982812
0.397089350835
0.397670219345
0.398262286216
0.398836040114
0.399401962664
0.399965176242
0.400533541278
0.401118142844
0.401617075613
0.402194606188
0.402777681747
0.403319092238
0.403853788819
0.404431871058
0.405012019546
0.405557975544
0.40608078263
0.406652492933
0.407225739542
0.407759879781
0.408265097258
0.408765741785
0.409270795289
0.409790743669
0.410324688605
0.410860391206
0.411323089964
0.411889791196
0.412399187741
0.412877818835
0.413353974217
0.413846069593
0.414343128923
0.414863852255
0.415378761665
0.415861177119
0.416367855322
0.416840417499
0.417368890414
0.417862614425
0.418366010136
0.418850491292
0.419349991702
0.41982319124
0.420340829156
0.420834633721
0.421334017834
0.421808904215
0.422292719975
0.422801416413
0.423256912805
0.423726478266
0.424157202059
0.424637241326
0.425050690746
0.42550182055
0.425966219451
0.426432348685
0.426888367837
0.427375625693
0.427809585513
0.428272922887
0.428764749869
0.429233054433
0.429677799339
0.430173641627
0.430611791261
0.431102255236
0.431550378538
0.431966872063
0.432418780409
0.432858259485
0.433299444792
0.433754468268
0.434196535472
0.434616076383
0.435088147955
0.435508117908
0.435908180239
0.43636598974
0.436771966203
0.437195745241
0.437619548
0.438069691871
0.438520517424
0.438880276117
0.439321942768
0.439757599434
0.440161759765
0.440655780285
0.441095416423
0.441543595421
0.441953017913
0.442392868525
0.442814019039
0.44323237847
0.443602763397
0.444035319601
0.444467329498
0.44489444298
0.445315241595
0.445756398497
0.446193767059
0.446614899941
0.447036029584
0.447453673432
0.447900641134
0.448333792389
0.448724210001
0.449114518193
0.449542286074
0.449975991727
0.450400067444
0.450777715867
0.45120750857
0.451586956549
0.451939551821
0.452300196312
0.452711350626
0.453105116174
0.453460745046
0.453861802077
0.454166446361
0.454557195013
0.454922975148
0.455340044177
0.455760130177
0.456138917717
0.456588161722
0.456976753996
0.457386858254
0.457818394622
0.458180050522
0.458544635299
0.458925887211
0.459331582543
0.45971428954
0.460119576026
0.460526330139
0.460924372406
0.461283711954
0.461694160847
0.462049623094
0.462469331239
0.462880677335
0.463150650846
0.463572220291
0.463897069298
0.464281354171
0.464684262154
0.465044810102
0.465395199551
0.465762989109
0.466147673664
0.466552112085
0.466949014215
0.467349319688
0.467713680344
0.468043317573
0.468403668983
0.468804100478
0.469201827886
0.469499986651
0.469840413745
0.4702354192
0.470686545326
0.471014622434
0.471419051335
0.471788671031
0.472117592872
0.472485919836
0.472815028798
0.473202015503
0.473564893672
0.473972481922
0.474368685763
0.474755666385
0.475133813108
0.475515504935
0.475859194003
0.47626331488
0.47661796977
0.476998353158
0.477320279236
0.477688959875
0.478016601995
0.47836725074
0.478708732349
0.479028435433
0.479417021389
0.479797534714
0.480141240338
0.480518613651
0.480905612382
0.481318252573
0.481654096588
0.4819972794
0.482349540393
0.482631574381
0.482996106314
0.483333765009
0.483693013884
0.484063959731
0.484453301593
0.484726317093
0.485118919334
0.48547213794
0.485806037105
0.48614021559
0.486473318601
0.486813073894
0.487178869027
0.487599839591
0.487938042434
0.488290487394
0.488509314472
0.488887475134
0.489203781293
0.48953426371
0.489917070611
0.490260905623
0.490676488223
0.490988704528
0.491310841912
0.491691393237
0.491971007425
0.492365177304
0.492789305472
0.49319429844
0.493595764992
0.49398741184
0.494349828483
0.494738692397
0.49514782265
0.49550658645
0.495876052906
0.496159478124
0.496516776621
0.496867427749
0.497260197822
0.49761444507
0.497970294322
0.498328481925
0.498642153645
0.498954588844
0.49939270654
0.499769455881
0.500055667507
0.500432647151
0.500799662417
0.501169908649
0.50157026015
0.501916403627
0.502292948666
0.502635146178
0.502984590743
0.503323155232
0.503712291549
0.504113142217
0.504512456695
0.504860357652
0.505238881794
0.505600265143
0.505988186398
0.506395741326
0.506722346053
0.507015333399
0.507372138508
0.507717007369
0.508072853828
0.508503199685
0.508877114574
0.509236183312
0.509582722269
0.509969088182
0.510322760158
0.510727811401
0.511094688716
0.511512722052
0.511897719744
0.512279133717
0.512700392803
0.513059621745
0.513410305006
0.513798730778
0.514204791662
0.514571327202
0.514975438238
0.515364060407
0.515792626755
0.516223879543
0.516637316328
0.517059129336
0.517469732515
0.517884699293
0.51828710766
0.518737713882
0.51911341506
0.519580219117
0.519961489263
0.520358421758
0.520711077584
0.521090678881
0.521462738352
0.52185090825
0.522118920604
0.522531939825
0.522854893675
0.523264747508
0.523675190434
0.524122410351
0.524533169464
0.524953928225
0.525362000244
0.525839237685
0.526183203487
0.526641853677
0.527053023884
0.527477587881
0.527903073356
0.528325724973
0.528772982815
0.529165706661
0.529562055168
0.5300337165
0.530449724228
0.530905713555
0.531296965452
0.531732914372
0.532133276261
0.532629768457
0.533088834469
0.533597268829
0.534009597342
0.534476807384
0.534903009466
0.535323296762
0.535778807007
0.536194852378
0.536700011509
0.537147263459
0.537594777335
0.538103297451
0.538482453117
0.538949477587
0.539479574831
0.539888090661
0.540343639107
0.540772534921
0.541211299742
0.541647797465
0.542106627419
0.542542724718
0.542938212974
0.543434860498
0.543984087152
0.544406907668
0.544859557401
0.545317947898
0.545827159106
0.546328931821
0.54692950136
0.547360794712
0.54779773912
0.548293161301
0.548776292082
0.54918671845
0.549676768604
0.550195178321
0.55059775306
0.551082994332
0.551407639888
0.551869964002
0.552320924028
0.552744073261
0.553222666116
0.553668030777
0.554158571546
0.554623197055
0.555127960033
0.555639032382
0.556016972394
0.556513310998
0.55691905016
0.557352214635
0.557940925947
0.55844307919
0.558876940841
0.559246544231
0.55979969033
0.560325922983
0.560787280009
0.561316471731
0.561799460705
0.562270801913
0.562738064362
0.563166792817
0.563663470348
0.564159176737
0.564688820428
0.56524101746
0.565736871028
0.56616156838
0.566693993696
0.567263669544
0.5677647126
0.568200694589
0.568696920346
0.56925818165
0.569966441698
0.570446574956
0.571002441827
0.571493828348
0.572090254205
0.572763239261
0.573179112953
0.573781007513
0.574405796208
0.574884828173
0.575448303164
0.576089212489
0.576692675017
0.577198309046
0.57766716689
0.578326465082
0.57896160665
0.579460591089
0.579985858222
0.580578267546
0.581230096545
0.581829309703
0.582394437781
0.583149903792
0.583660484334
0.584245556317
0.584761413186
0.585308247154
0.585906810082
0.586491540192
0.587067637064
0.587582923878
0.588271308462
0.58878943646
0.589436479876
0.590143678707
0.590760326165
0.591357543056
0.59192076432
0.59246242894
0.593028621975
0.593545018128
0.594151454126
0.594819216305
0.595475247694
0.59615815446
0.596773017631
0.597299943502
0.597930937206
0.59858764064
0.59936492539
0.599993724162
0.600734276585
0.60136716827
0.6020370868
0.602624258853
0.603248408522
0.603998335422
0.604602886239
0.605182376034
0.60575645878
0.606429678016
0.607078192504
0.607809302483
0.60845301851
0.609129630835
0.609778076789
0.610606406155
0.611310890483
0.611820842219
0.612453110697
0.613075460267
0.613775527852
0.614384659329
0.615060253878
0.615858759521
0.616659598582
0.617398614759
0.617956956667
0.618797797464
0.619616549827
0.620296445382
0.621047009316
0.621695625649
0.62247328023
0.62324597454
0.62399133237
0.62471652527
0.625511784187
0.626261126353
0.627025568544
0.627797124784
0.628412822305
0.62905129499
0.629691266313
0.630476476762
0.63129041589
0.632055481025
0.632870593211
0.633746351546
0.634514952304
0.635251751025
0.636082752788
0.636862969221
0.637731580733
0.638566672344
0.639227967146
0.640078259299
0.640874439387
0.641676505979
0.642521703279
0.643287812044
0.644003152257
0.644847278343
0.645574430491
0.646294126903
0.646773632501
0.647548660673
0.648429334136
0.649063777212
0.649741235251
0.650444738649
0.651215174111
0.652039091789
0.652826224323
0.653622581414
0.654438688153
0.655200989289
0.655992645867
0.656952499382
0.657633608962
0.658378602764
0.659146948639
0.659886470491
0.660933062524
0.661818006119
0.662673040028
0.66347607649
0.664426067039
0.665428259899
0.666287783122
0.667219436918
0.668050927281
0.668969368313
0.66967499079
0.670658884266
0.671657600326
0.672447911255
0.67340322548
0.674180779391
0.675111680917
0.67594218893
0.676910149313
0.677786359979
0.678482263153
0.679464866187
0.680503366969
0.681475107608
0.682332026891
0.683170371318
0.683995153766
0.684567377589
0.685364257879
0.68607594824
0.687113487788
0.687913961792
0.688720391371
0.689654369781
0.690664866192
0.691543607568
0.692559471427
0.693402516245
0.694401400541
0.695361612892
0.696435627851
0.69719482472
0.698158645848
0.699102376852
0.70013924368
0.701011797227
0.701832994404
0.702947540525
0.704072619805
0.705024112183
0.706074642279
0.70723343927
0.708311377575
0.709596944857
0.710568269128
0.711503696667
0.712597167538
0.713740426056
0.714711583958
0.715818840025
0.716801526025
0.718054504765
0.719189240795
0.720399884869
0.721647309004
0.722783937634
0.724014848071
0.725078236095
0.726148341887
0.727057705899
0.728341742468
0.729392377237
0.73048417853
0.731710688769
0.732947488216
0.734060115485
0.735068398535
0.736196017899
0.737105178269
0.738182992505
0.739264248408
0.740501274935
0.741598259075
0.742788225914
0.743857301405
0.744857260679
0.745928094898
0.747268785017
0.748645582535
0.749838175123
0.751240506619
0.752226120742
0.753331634617
0.754126327781
0.755518523705
0.756902625918
0.758061356403
0.75949061911
0.760840215458
0.761764919331
0.763157816628
0.764171103334
0.765645892078
0.766797021692
0.768056227515
0.769525243539
0.771121072627
0.772029083362
0.773461785551
0.774663607382
0.775960524706
0.777265791739
0.778409776764
0.779351763754
0.780750782386
0.782032021892
0.783424180561
0.785046726819
0.786443511092
0.787765965448
0.789202209086
0.790687106485
0.792103590544
0.793622799313
0.794883959847
0.796492991979
0.79792849422
0.799578920068
0.801199268553
0.802444924354
0.803790836462
0.805235852435
0.806934047856
0.808376438408
0.809954096875
0.811769911203
0.812946468334
0.81445138184
0.816189581361
0.817694434622
0.818770301085
0.820216359113
0.821936911009
0.823759783331
0.825403797598
0.827009984762
0.828586983646
0.8301828894
0.831927499894
0.83384075781
0.835779408045
0.83732301663
0.839079600394
0.841094830321
0.842787460967
0.844318493517
0.845979858812
0.847675493611
0.849665308593
0.851360665111
0.852377545004
0.854332851027
0.855883076276
0.858374158825
0.860157232997
0.861559010923
0.86341838634
0.865166296929
0.867306922526
0.869324097845
0.870837602856
0.873180900704
0.87521038072
0.877003215696
0.877869097093
0.879783123266
0.881779485512
0.883788357247
0.886031799275
0.887565550203
0.889788736161
0.891285290386
0.893012459336
0.895320861289
0.897264829
0.899649243976
0.901809356038
0.903751506554
0.905753661226
0.907819686076
0.909043615551
0.911486696328
0.913924926617
0.916044154473
0.918386703032
0.920717526514
0.923196286985
0.925282063645
0.927947264348
0.930807999604
0.932622988433
0.935335720565
0.937782797194
0.940606363246
0.943034386916
0.945679979312
0.948171100176
0.951062213921
0.95357150495
0.955715205792
0.958152966938
0.960464723501
0.963458600586
0.96596177759
0.968303917296
0.971178993633
0.974464048276
0.97651908608
0.978702922216
0.981251866882
0.983073522623
0.985000454928
0.988615655103
0.991820663957
0.995463929891
0.998485556614
1.00125604266
1.00417212045
1.00766612814
1.01092021608
1.01374237453
1.0163214876
1.01858011442
1.02152627393
1.02476870873
1.02857550352
1.03240475262
1.035085046
1.03873300872
1.04327277778
1.0464082066
1.04958688788
1.0532938512
1.05641020609
1.06026624338
1.06362775702
1.06744470325
1.07146752332
1.0751419197
1.07881485213
1.08283988066
1.08633453437
1.09077358548
1.09453505631
1.09846559769
1.10173482272
1.10619804615
1.11146683356
1.11590777036
1.1204570101
1.1246252743
1.12868490909
1.13318646455
1.13746077436
1.14262980244
1.14657146945
1.15089536902
1.15544064246
1.16056735438
1.16554520236
1.17145211416
1.17679427974
1.18021200198
1.18619471499
1.18961519214
1.19435698527
1.20076314374
1.20583650878
1.21191683045
1.21801388014
1.22356047408
1.22935105051
1.23522086421
1.24031401937
1.24651112649
1.25143349664
1.25764473869
1.2641402262
1.27055290974
1.27703394284
1.28302489483
1.28969100235
1.29535313724
1.30256025053
1.31006433957
1.31713077287
1.32578141896
1.33127335153
1.33960741562
1.34699247059
1.353774478
1.36232337327
1.36949745048
1.37800552018
1.38313652574
1.38830059054
1.39614622668
1.40360953541
1.41184397099
1.42089122638
1.42919875221
1.4385056911
1.44680595204
1.4562056672
1.46297845223
1.47213139637
1.48570324989
1.49344676969
1.5043591218
1.5142716488
1.52375656192
1.53403709724
1.54765724963
1.55700296311
1.56939884035
1.57887827963
1.59075322498
1.60146555899
1.61466781337
1.62764443917
1.63944991416
1.65194729354
1.66392254807
1.6794730391
1.69543884321
1.70886116356
1.72417788373
1.74327014845
1.76372917482
1.779442227
1.79168135124
1.80482508169
1.82414345213
1.84139279881
1.85580003971
1.87149860261
1.88937726624
1.9123826133
1.93399780945
1.95985279084
1.98350956281
2.00937078169
2.02637560283
2.03869702222
2.05812287027
2.07873763901
2.09481475834
2.12422998689
2.14441698098
2.16891675275
2.19757250012
2.21819223554
2.23990010837
2.26677471849
2.30117343909
2.33632450708
2.36587234668
2.38608167974
2.43062052397
2.47189003497
2.51210451267
2.53615520323
2.59070203352
2.62967997833
2.68556316486
2.7248404969
2.75927173674
2.81122147675
2.84790278769
2.87542761376
2.92490816841
2.9051032761
2.98160879585
2.8976826956
2.66081644699
2.40399890084
2.01185521656
1.15453267564