1.0
0.813909203034
0.739513798337
0.696822348531
0.668121263861
0.647185849025
0.630304996323
0.616729440812
0.605206108798
0.595460420969
0.586607806782
0.578957601978
0.571713065965
0.565433348511
0.559372550487
0.553622292807
0.548363443524
0.543493575694
0.538743814171
0.53435826882
0.530346718207
0.526251872631
0.522493856155
0.518836955725
0.515672065994
0.512438655439
0.509232348518
0.50628690966
0.503429194463
0.500644322501
0.49791181547
0.495416332388
0.492816438309
0.490535729394
0.488072876963
0.485953904121
0.48381239806
0.481208677585
0.479219199889
0.477125169477
0.47506950931
0.473259730489
0.471263556601
0.469333458896
0.467554362098
0.465698241374
0.463682900079
0.462002722693
0.460226105966
0.458569666405
0.457016822961
0.455439851967
0.45387857628
0.452309222648
0.450793863709
0.44946280949
0.447942242401
0.446595138579
0.445129239345
0.443910851219
0.442411045869
0.441007573571
0.43983000033
0.438537883229
0.43741448183
0.435979937783
0.434741461079
0.433364490114
0.432155384539
0.430827518984
0.429552939529
0.428369059822
0.42718730589
0.426035667109
0.424721654522
0.423615011318
0.422446862349
0.421333522952
0.420150351837
0.418987056721
0.417861990131
0.416705780933
0.415689802046
0.414554000291
0.413525337612
0.412407994673
0.411292175205
0.410205408001
0.409155593857
0.408214300544
0.40710765734
0.406123387936
0.405178232798
0.40405989783
0.403117577058
0.402080092412
0.401196974483
0.40015917097
0.399237293072
0.398146628612
0.397142058054
0.396309250141
0.395298798271
0.39445553863
0.393426025641
0.392466946674
0.391505493925
0.390498372436
0.38959605167
0.388576529825
0.387704891083
0.386664430351
0.385788681777
0.384835696699
0.383869000371
0.382945988726
0.382068822968
0.381126325049
0.38024062076
0.379356617092
0.378517963297
0.377716297993
0.376676581283
0.375617909742
0.374681363994
0.373917679209
0.373074171561
0.372188750709
0.371281044646
0.370197926689
0.369436544827
0.368704321517
0.367875729726
0.367078670268
0.366151123635
0.365253266998
0.364343151723
0.363451530693
0.362659431378
0.36162293876
0.360802885499
0.359997606377
0.35910573734
0.358205577779
0.357452380153
0.356584142651
0.355832999941
0.354946091046
0.354083841146
0.353216205947
0.35244153799
0.351632751339
0.350954522722
0.350148038994
0.349432963604
0.348657551626
0.347870129016
0.347082670977
0.346412626595
0.345771173891
0.344893051535
0.344055992072
0.343210783803
0.342458294768
0.341754592277
0.341018081987
0.340253511462
0.339504140231
0.338778825691
0.338123484588
0.33739367049
0.33661662875
0.335813581692
0.335083519587
0.334220171369
0.333533227073
0.332824564439
0.332240507669
0.33152454654
0.330915051325
0.330232819165
0.329553740238
0.328997743702
0.328337655035
0.327660631024
0.326964545894
0.326314377511
0.325512180763
0.324993279007
0.324370001682
0.323709877585
0.323099815497
0.322448903093
0.321875758636
0.32129648486
0.320691878929
0.320099850501
0.319471683893
0.318822365821
0.31817028424
0.317510904165
0.316893933306
0.316231258279
0.315621125332
0.314933649592
0.314390691145
0.313775102041
0.313135243668
0.312588742262
0.312010602234
0.311426084879
0.310843197285
0.310316997033
0.309629273287
0.309023923334
0.308463852395
0.3079172447
0.307381939044
0.306772585548
0.306315543853
0.305712071669
0.305187465748
0.304584241571
0.304036039545
0.303407908366
0.302886668257
0.302343957817
0.301677633542
0.301091840722
0.300597066515
0.300128758211
0.299544666012
0.299057863463
0.298565533898
0.297974993513
0.297442911949
0.296852052698
0.296297260768
0.295726596383
0.295070688407
0.294534231289
0.293969377356
0.293425657173
0.292838836895
0.292272778356
0.291837579003
0.291329075831
0.290778694884
0.290188349362
0.289635700923
0.289126365155
0.288610297766
0.288061298574
0.287599137304
0.287110191265
0.286626541949
0.286100306268
0.285609092735
0.285112316756
0.284637135112
0.28411052742
0.283658428154
0.2832520862
0.282806984277
0.282301740627
0.281783884044
0.281222307348
0.280694813916
0.280158020217
0.279599933336
0.279114016526
0.278579224599
0.27814244863
0.277700198788
0.27722326338
0.276730703523
0.276165743301
0.275658675027
0.275151925619
0.274539153168
0.274121314313
0.273657594141
0.273122766784
0.272658798605
0.272140251145
0.271672686862
0.271166220892
0.270700357229
0.270249994012
0.269717894734
0.269216814061
0.268710259516
0.268135485298
0.267640250507
0.267103545382
0.266615644516
0.266092438064
0.265641330826
0.265154457418
0.26471406763
0.26422474958
0.26368721186
0.26327932872
0.262720834398
0.262246379061
0.261773659773
0.261284359438
0.260891321295
0.260421914674
0.259937893348
0.259499930487
0.259130364447
0.25868428821
0.258201294342
0.257719983379
0.257297255241
0.256846378295
0.256304748458
0.255724181502
0.255252117662
0.254828379781
0.254310115757
0.253816457582
0.253314207733
0.252847848056
0.252401240376
0.251898211075
0.251377803561
0.250912772494
0.250491160388
0.249996988485
0.249598015886
0.24915707694
0.248640478107
0.248261700374
0.24779856479
0.24743328573
0.247060779034
0.246623896776
0.246151283777
0.245735995853
0.245294684896
0.244740601558
0.24428292213
0.243786287871
0.243289263885
0.242881717326
0.242412487853
0.242011176901
0.241543772052
0.241015570029
0.240617943755
0.240109812593
0.239677925907
0.239198439568
0.238725649421
0.238276402236
0.237889581986
0.237476118686
0.237086056629
0.236621379858
0.236189280594
0.235744479822
0.235328394732
0.234834258258
0.234356667402
0.233894382129
0.233426073825
0.232877517503
0.232394541349
0.231890644023
0.231374771497
0.230940989327
0.230584762528
0.230161378942
0.229676684454
0.229230147632
0.228772308772
0.228297463709
0.22781797737
0.227471670855
0.226993176545
0.22653402679
0.225962476664
0.225523787497
0.225009349868
0.224581732447
0.224225682795
0.223701909471
0.223207418701
0.22274484999
0.222353795905
0.221955372465
0.221513459205
0.221055726633
0.220584406814
0.220113653869
0.21976252893
0.21924003107
0.218718702387
0.218300385233
0.217811882064
0.217447541888
0.217023892581
0.216592696771
0.21612764799
0.215660367144
0.215233086304
0.214861181911
0.214374574225
0.213904335009
0.213428462488
0.213047682983
0.212596186019
0.212196026529
0.211713422386
0.211246052967
0.210850251316
0.210431562152
0.209987239679
0.209539905692
0.209080153634
0.208599019819
0.208099834629
0.207691986918
0.207290693682
0.206864564303
0.206381499576
0.205913953008
0.205463448073
0.205003005138
0.204531455027
0.204029594902
0.203518275078
0.203083571739
0.20265536973
0.202219249207
0.201805892196
0.201367256173
0.201042065692
0.200625927458
0.200146511978
0.199732694382
0.19929391664
0.198901409942
0.198459850977
0.198015900516
0.197544633842
0.197077636433
0.196589434415
0.196159868366
0.195671223479
0.195180931115
0.194756714935
0.194410550138
0.193929575756
0.193442666918
0.192984615481
0.192419123815
0.19199097495
0.191494110398
0.190983818031
0.190568211241
0.19017240959
0.189752143809
0.189343906373
0.188913206578
0.188493667103
0.188034800784
0.187586687346
0.187064118627
0.186504667707
0.186097280581
0.185648617984
0.185239441664
0.184815402631
0.184388015502
0.183865216491
0.183457864795
0.183016978993
0.18261880356
0.182175898271
0.18167375471
0.181253648362
0.180822647415
0.180397350632
0.179993258458
0.179508351392
0.179098679057
0.178569254713
0.178130051816
0.177601796649
0.177219068516
0.176755383774
0.176394232261
0.175952549294
0.175515667035
0.175043727198
0.174627128379
0.174247110611
0.173754745616
0.17329529471
0.172922433718
0.172491787067
0.172043248474
0.171576623076
0.171101795727
0.170718624725
0.170291290741
0.169858677748
0.169456126761
0.169031573999
0.168512282517
0.168067410886
0.167596250501
0.167199563111
0.166776126381
0.166287233486
0.165848686037
0.165437826811
0.16501283118
0.164579155299
0.164180448422
0.163691644102
0.163212671492
0.162762308275
0.162310386156
0.161767055698
0.161278641102
0.160811271683
0.160271094458
0.159833131597
0.159389783439
0.158988525632
0.158595841785
0.15821679833
0.157815203942
0.157344256134
0.157034512954
0.156590119623
0.156089924689
0.15557814428
0.155169995418
0.154779136195
0.154318480683
0.153901740146
0.153439614305
0.153040606277
0.152667922433
0.152141332456
0.151707408568
0.151242182638
0.150730632522
0.150231305613
0.149723015018
0.149246433906
0.148834635796
0.148373563986
0.147955299976
0.1475173194
0.147062979212
0.146585078347
0.146160809022
0.145691251825
0.145243200389
0.144745751248
0.144282580235
0.14380103898
0.143380861772
0.142884599523
0.142410817348
0.142022641916
0.141560489504
0.141111499183
0.14076117141
0.140358895002
0.139930214693
0.139572473279
0.139194536998
0.138781419136
0.138263863704
0.13786365107
0.137432030106
0.136934882117
0.13648536921
0.136065750018
0.135669788935
0.135095749881
0.134581453971
0.134052702789
0.133649965796
0.133199930303
0.132726954151
0.132321444793
0.1318987698
0.131519779489
0.131130904323
0.130693499478
0.130215625186
0.129867281469
0.129441798681
0.129080558594
0.128634588646
0.128126395483
0.127706661145
0.127249362586
0.126749681382
0.126277936408
0.125863029352
0.125428751168
0.124976944195
0.124511930843
0.124065854606
0.123654765088
0.123204880171
0.122851257446
0.122406527533
0.122010867601
0.121608812628
0.121176686792
0.120680521974
0.120221602511
0.119751000142
0.119294853044
0.118929671416
0.118395968949
0.117985508306
0.117562567591
0.11715516275
0.116723966941
0.11627909531
0.115888058939
0.115356694825
0.114940237724
0.114520529959
0.114047686668
0.113643505919
0.113126924801
0.112672549183
0.112249112453
0.111823700524
0.111344090182
0.110877606502
0.110395888099
0.109968678118
0.109508775484
0.109103691281
0.108667145604
0.108240617643
0.107773584804
0.107397366859
0.10697967858
0.106538031042
0.106038792707
0.105672105321
0.105248199149
0.104725532999
0.104284912919
0.103833221092
0.103363894188
0.102977463664
0.102529288224
0.102070829346
0.101529305797
0.101106117074
0.100643752084
0.100257817574
0.0998084729578
0.0994190752055
0.0989891460038
0.0985579590516
0.0981655409269
0.0977367720442
0.0972825558594
0.0967993494135
0.0963138577593
0.0958755848894
0.0955025644645
0.0950915989501
0.0946659301564
0.0942360895286
0.0938370637856
0.0934227678899
0.092910836905
0.0925407482786
0.0920760449355
0.0916284895133
0.0912663016852
0.0908253538814
0.0904760447087
0.0901255752171
0.0896861508855
0.0892921915737
0.0887983473939
0.0883432986138
0.0879379309744
0.0875337590836
0.0871252824978
0.0867373550735
0.0863267792846
0.0859418368031
0.0855037942255
0.0851264956778
0.0847420226384
0.0842940686333
0.0838785681316
0.0834950074041
0.0831181782984
0.0826509505971
0.0821461675318
0.0817420930724
0.0813518715822
0.0809557156359
0.0804846526816
0.0800609679449
0.07975277481
0.07933668972
0.0788734567048
0.0784138906521
0.0780351660634
0.0776297187075
0.0772759276919
0.076941932959
0.076514563545
0.0760944217671
0.0756699398647
0.0752813924225
0.0749072913952
0.0745385668079
0.0741605729546
0.0737380795377
0.073239297359
0.0728574549665
0.0724572157601
0.0720759180976
0.0717135176919
0.0713021447372
0.0709379285652
0.0704701738487
0.070094624637
0.0696728708128
0.0693103375462
0.068872950416
0.0684704525733
0.068045908669
0.067605580883
0.0672374364553
0.0668272991075
0.0664015727407
0.06594108109
0.0654910323105
0.0650467098383
0.0646482111105
0.0643110985738
0.0638996149016
0.0634560851665
0.0630978167366
0.0626620062231
0.0622609521362
0.0618442603145
0.0614777899349
0.0610740830574
0.060720965204
0.0603315807379
0.0599872139929
0.0596416027836
0.0592766868771
0.0589195079071
0.0584765051871
0.0581052340982
0.0577797380379
0.0573975856365
0.0569914075453
0.0565769389303
0.0561442063623
0.0557371203879
0.055414821848
0.0550375410151
0.0546826649683
0.0543059155792
0.0539744407758
0.0535618233569
0.0531670314497
0.0528285947321
0.0524775539384
0.0521121597325
0.0517677132709
0.0513034173681
0.0509656449553
0.0505984394116
0.050265454422
0.049967739588
0.0496079786867
0.0492750911284
0.048880068929
0.0484982221078
0.048161698588
0.0478191963251
0.0474681555314
0.0471074203164
0.0467296124683
0.04637164519
0.0460417115737
0.0456270790968
0.0451695635316
0.0448309629521
0.0444734784019
0.0440677564666
0.0437367599627
0.0433312771772
0.043001223986
0.042645116761
0.0422986729564
0.0419841866408
0.0416324903996
0.0412715116062
0.0409438321975
0.0406549526172
0.0403158205939
0.0399740579237
0.0396479861326
0.0392661791697
0.0389427513116
0.0385771533856
0.0382647352722
0.0379743720779
0.0376993631815
0.0373840044123
0.0370880920585
0.0367472948446
0.0364439400629
0.0361111565791
0.0358251290806
0.0355807313489
0.0352834283838
0.0349106360369
0.0346439619513
0.0343522125743
0.0340535433557
0.0337318161179
0.0334612115623
0.0332027261403
0.0328931888954
0.0325894311021
0.0322277835752
0.0319087445575
0.0315936448671
0.031306186899
0.0309906974832
0.0307201239284
0.0304293975808
0.0301390366007
0.029824897938
0.0294975639678
0.0291776547107
0.0288750218069
0.0286127476333
0.0282676966544
0.0279416093628
0.0276423776995
0.0272877053729
0.0269250746749
0.0266605064355
0.0264436242081
0.0260832853617
0.0258001055164
0.0255444500329
0.0252648773626
0.0249786527871
0.0247251053641
0.0244308272001
0.0241977846516
0.0239220893069
0.0235866463896
0.0232965267736
0.0230238119431
0.0227433402471
0.0224658247073
0.0221959021713
0.0219497927475
0.0216744627705
0.0213818852268
0.0211048324861
0.0208663182804
0.0205262075148
0.0202521485743
0.0199745976049
0.0196787206808
0.0194170753824
0.019151581545
0.0188462139197
0.0186116833285
0.0183336130942
0.0181261595662
0.0178921626331
0.0175786152016
0.017330567115
0.0170668558288
0.0167702182757
0.0165521447284
0.016335509401
0.0161041287216
0.0157973505559
0.0155088374503
0.0152917193948
0.0150118311797
0.0147694451843
0.0145007837202
0.0142696189399
0.0140820336609
0.0138795745976
0.0136304115862
0.0134181861354
0.013158518251
0.0129144072775
0.0127100161945
0.0124920079705
0.0122235502265
0.0119706039994
0.011841231749
0.0116111553213
0.01142373944
0.011200747823
0.0110209581606
0.010804226509
0.0105846914912
0.0103744124534
0.0101524859384
0.0099936506634
0.00975801843338
0.00955371260283
0.00938062799017
0.00919337098843
0.00901063900948
0.00879392673342
0.0085853527446
0.00840332105362
0.00816677374374
0.0079608475631
0.0077933414499
0.00758664301494
0.00737206758594
0.00716843436399
0.00701397242891
0.00680429126544
0.00663848798685
0.00646347910466
0.00629135330524
0.00613103663062
0.00592679390902
0.0057347716276
0.00556331124015
0.00540293809962
0.0052041161051
0.00498927661496
0.00480865546447
0.00462177794684
0.00444791582079
0.00430061924322
0.00418302650069
0.00399348262972
0.00388298161761
0.00376607836809
0.00362860713514
0.00346904776798
0.00333044860086
0.0031924716659
0.00304028137639
0.00293489993984
0.00282076933244
0.00265786574425
0.00251262878833
0.0024041062973
0.002254151947
0.00211102803389
0.00198961346288
0.00189439824234
0.00180095242529
0.00170028436962
0.00160662639022
0.00149729676888
0.00139200833501
0.0013147405539
0.00121413768314
0.00112211555429
0.00103063524903
0.000963137246215
0.00089108709484
0.00078920910487
0.000704320017884
0.000638089245655
0.000568348556797
0.000505510963469
0.00039697657032
0.000316081062288
0.000261143263869
0.00022186690063
0.000168127982059
0.000123577817281
1.96103465568e-05