1.0
0.999377076988
0.999377076988
0.999377076988
0.999377076988
0.999377076988
0.999377076988
0.999377076988
0.999377076988
0.999350100007
0.999350100007
0.999350100007
0.999350100007
0.999350100007
0.999350100007
0.999350100007
0.999350100007
0.999350100007
0.999350100007
0.999350100007
0.999350100007
0.999350100007
0.999350100007
0.998730802359
0.998730802359
0.998730802359
0.998162579707
0.998162579707
0.998022896526
0.998022896526
0.998022896526
0.998022896526
0.998022896526
0.998022896526
0.998022896526
0.998022896526
0.998022896526
0.997761870245
0.997761870245
0.997761870245
0.997761870245
0.997238111628
0.997238111628
0.997238111628
0.997238111628
0.997238111628
0.997238111628
0.997238111628
0.997238111628
0.997014831795
0.997014831795
0.997014831795
0.997014831795
0.997014831795
0.997014831795
0.997014831795
0.997014831795
0.997014831795
0.996162231246
0.996162231246
0.995965181994
0.995965181994
0.995965181994
0.995965181994
0.995878919633
0.995878919633
0.995878919633
0.995878919633
0.995878919633
0.995878919633
0.995878919633
0.995878919633
0.995878919633
0.995878919633
0.995878919633
0.995289797818
0.995289797818
0.995289797818
0.994534229097
0.994104090201
0.994104090201
0.994104090201
0.99380147885
0.99380147885
0.99380147885
0.99380147885
0.99380147885
0.99380147885
0.99380147885
0.99380147885
0.99380147885
0.99380147885
0.99380147885
0.99380147885
0.99380147885
0.99380147885
0.99380147885
0.99380147885
0.99380147885
0.993202653852
0.993202653852
0.993202653852
0.993202653852
0.993202653852
0.993202653852
0.993202653852
0.993202653852
0.993202653852
0.992992062796
0.992992062796
0.992984065668
0.992984065668
0.992984065668
0.992984065668
0.992984065668
0.992963593018
0.992719200765
0.992719200765
0.992719200765
0.992476407937
0.992476407937
0.992476407937
0.992476407937
0.992299724707
0.992299724707
0.992191710155
0.992191710155
0.992191710155
0.992191710155
0.991903706893
0.991903706893
0.991033406033
0.991033406033
0.990741884034
0.990741884034
0.990238811324
0.990238811324
0.989903891573
0.989617807622
0.989617807622
0.989617807622
0.989617807622
0.989249086675
0.989249086675
0.989249086675
0.989249086675
0.989249086675
0.988986567596
0.988986567596
0.988986567596
0.988645996541
0.988645996541
0.988645996541
0.987775695681
0.987775695681
0.987466686627
0.987327643216
0.987327643216
0.987327643216
0.987327643216
0.987327643216
0.987327643216
0.987327643216
0.987327643216
0.987327643216
0.987069709158
0.987069709158
0.98680324483
0.98680324483
0.98680324483
0.985928145692
0.985928145692
0.985735041691
0.985683540182
0.985683540182
0.985683540182
0.985505364154
0.98535203254
0.985164366586
0.985164366586
0.985164366586
0.985164366586
0.985164366586
0.984893637122
0.984893637122
0.984893637122
0.984893637122
0.984893637122
0.984463604854
0.984463604854
0.984161420017
0.983883972965
0.983883972965
0.983883972965
0.983883972965
0.983883972965
0.983883972965
0.983883972965
0.983883972965
0.983883972965
0.983811039151
0.983607165683
0.983607165683
0.983607165683
0.983607165683
0.983607165683
0.98329026613
0.98329026613
0.98329026613
0.982957798832
0.982661585184
0.982415060363
0.982415060363
0.982116287635
0.982116287635
0.982116287635
0.982116287635
0.982116287635
0.98166823517
0.981408808315
0.981408808315
0.981408808315
0.981408808315
0.981408808315
0.981408808315
0.981408808315
0.981408808315
0.981277548776
0.981277548776
0.981046911584
0.981046911584
0.981046911584
0.981046911584
0.98077287664
0.98053616163
0.980159550182
0.980159550182
0.980159550182
0.980159550182
0.980159550182
0.980159550182
0.979910892793
0.979910892793
0.979534387973
0.97926760376
0.97926760376
0.979041125074
0.979041125074
0.978699700993
0.978699700993
0.978699700993
0.978496040782
0.978496040782
0.978496040782
0.977947117867
0.977947117867
0.977947117867
0.977947117867
0.977947117867
0.977632030996
0.977632030996
0.977632030996
0.977065940911
0.976118014588
0.975342399731
0.975342399731
0.974812883182
0.974812883182
0.97413920506
0.973796181552
0.973363270318
0.973363270318
0.973363270318
0.973060339083
0.972718061974
0.972718061974
0.972521652493
0.972281312118
0.972281312118
0.971620109516
0.971341489552
0.971341489552
0.970782756826
0.970782756826
0.970508721882
0.970423845689
0.970423845689
0.970423845689
0.970147251664
0.970147251664
0.969542668734
0.969270553101
0.969025094563
0.969025094563
0.969025094563
0.968650615683
0.967331089446
0.967044578981
0.967044578981
0.966217355987
0.966217355987
0.964391771445
0.964391771445
0.964176701997
0.964176701997
0.963366859429
0.963366859429
0.963366859429
0.963067660187
0.963067660187
0.962333310515
0.961541381516
0.961541381516
0.961541381516
0.96127139845
0.960948740964
0.960773124018
0.960773124018
0.960330616229
0.959587203144
0.959354326756
0.9576094599
0.957052113343
0.957052113343
0.957052113343
0.956992188191
0.956992188191
0.956992188191
0.956619628622
0.956396135531
0.956396135531
0.956396135531
0.956221798126
0.955797843676
0.955462923925
0.95522919451
0.954422764051
0.954422764051
0.954120046072
0.953725094542
0.953725094542
0.953505866587
0.953027318405
0.953027318405
0.952634925956
0.952634925956
0.952073740777
0.952073740777
0.952073740777
0.951723999682
0.951137756833
0.950602695608
0.950602695608
0.950602695608
0.950602695608
0.950602695608
0.950602695608
0.950602695608
0.950054625721
0.950054625721
0.949684198719
0.948758451099
0.948758451099
0.948501796582
0.947989980344
0.947673400676
0.946091888502
0.945694058005
0.945251763474
0.944798912732
0.94463619782
0.943836165063
0.943836165063
0.943585481735
0.943585481735
0.94327988479
0.942719659267
0.942492434183
0.942062401915
0.941819289202
0.941819289202
0.941236778347
0.940814849836
0.940385883852
0.939530617594
0.939262767096
0.939262767096
0.938430639197
0.938430639197
0.938430639197
0.938430639197
0.938006791375
0.938006791375
0.938006791375
0.938006791375
0.938006791375
0.938006791375
0.937675283733
0.937431957763
0.937431957763
0.93720206697
0.93720206697
0.93720206697
0.93720206697
0.93691395708
0.93691395708
0.93670752453
0.936368872787
0.935829866311
0.935003389716
0.93443740626
0.93418160477
0.932517455599
0.932218149729
0.932005319477
0.931269796892
0.930963027035
0.930790715568
0.930790715568
0.930790715568
0.929812933298
0.929507016467
0.929507016467
0.929507016467
0.929172416602
0.929172416602
0.929172416602
0.928864153947
0.928864153947
0.928591825058
0.92770489017
0.927456339409
0.927456339409
0.926818168538
0.926214651891
0.925663809666
0.925663809666
0.925663809666
0.925030223815
0.924738595188
0.923844729455
0.922965365182
0.922965365182
0.922596964119
0.921621954187
0.921230521394
0.921230521394
0.921230521394
0.921230521394
0.921230521394
0.921230521394
0.921074843955
0.921055117704
0.920783215328
0.920783215328
0.920783215328
0.920529333148
0.919415919575
0.918818480746
0.918330549266
0.917766805006
0.917492663434
0.917143988622
0.917143988622
0.916857158273
0.916660535535
0.916514667907
0.916501872501
0.915477386999
0.915439853808
0.914771080591
0.914764256375
0.914529673933
0.914529673933
0.914487449093
0.914487449093
0.914022016202
0.91340698369
0.912602685798
0.912073595763
0.911824405232
0.911318453556
0.91076100037
0.910482167149
0.910482167149
0.910114299229
0.909874598624
0.909874598624
0.909432517349
0.909166159649
0.908063942056
0.907452748165
0.90695202128
0.906154227719
0.906154227719
0.905827091841
0.904800473771
0.904510871084
0.903685247515
0.902999733642
0.902689445048
0.902680701521
0.902493248824
0.902352712615
0.901407025488
0.899673141355
0.899483556091
0.899483556091
0.899483556091
0.899483556091
0.899483556091
0.898322159745
0.898322159745
0.898315548785
0.897846170644
0.897458363216
0.896187886035
0.895070207326
0.894643267281
0.894643267281
0.89437003205
0.894059956713
0.894059956713
0.893346239633
0.89272864804
0.89272864804
0.89272864804
0.89272864804
0.89272864804
0.89272864804
0.891685182685
0.891371588611
0.89059693341
0.890091941389
0.889884762442
0.889884762442
0.88961584566
0.889314087337
0.888508776476
0.888508776476
0.888028468925
0.887133003766
0.88676481596
0.886096469257
0.884515117026
0.884109555972
0.883754216886
0.883148887557
0.882391666096
0.881697088811
0.881504944465
0.880992701714
0.880435408471
0.879995139878
0.879995139878
0.87827415778
0.876738335868
0.876738335868
0.876392433394
0.876355273403
0.876355273403
0.874374811134
0.874374811134
0.87346324509
0.873176841254
0.87250518907
0.871906790586
0.871375887868
0.869532389757
0.867993209052
0.867655943477
0.86709657098
0.866788681525
0.866280437338
0.865748468337
0.865060715267
0.864393008334
0.863612168687
0.863612168687
0.863140711292
0.862165488103
0.860346461207
0.860346461207
0.859585134553
0.858857342526
0.858028253536
0.857575829308
0.857296622887
0.856735491023
0.855962168676
0.855407647771
0.854131146087
0.854131146087
0.853906000256
0.853253754439
0.852563602231
0.852152176616
0.851806167514
0.851533572053
0.850197838301
0.850197838301
0.848896172318
0.847621376688
0.846380702139
0.845065654294
0.844843440744
0.84373637156
0.842789618149
0.84233324867
0.841865416641
0.840688665808
0.839914650377
0.839098143536
0.837341814128
0.837341814128
0.836614715186
0.835986087555
0.835019074751
0.831511054271
0.830242549715
0.829489646704
0.827113859706
0.827099624817
0.826293620872
0.825728916956
0.824921420213
0.824197840008
0.822621179425
0.821670160879
0.821418464581
0.820379797504
0.818759259342
0.81749283404
0.816964437089
0.815884878027
0.814974804779
0.814590462774
0.814379925032
0.81405630789
0.813254462451
0.812342576521
0.810824668178
0.809794318115
0.808976531733
0.808695565944
0.807585031337
0.80707513441
0.806067122993
0.805107840748
0.804343741756
0.803717513264
0.80322952847
0.802520289782
0.801262714635
0.800054721686
0.799728492149
0.799036207373
0.79722651046
0.796620488047
0.795771246292
0.795138353526
0.794871889197
0.794505514074
0.793528744773
0.792179682473
0.792172591686
0.791738400911
0.790911231232
0.790687738141
0.790687738141
0.790062362676
0.790062362676
0.788742996381
0.78838669764
0.78838669764
0.787933260442
0.787282240851
0.786773090323
0.785671192615
0.784687279213
0.783801623865
0.783378895641
0.782286487859
0.781413681232
0.780693406506
0.779141696965
0.778615485896
0.778221973849
0.777335305532
0.776497739585
0.775436040777
0.775436040777
0.773811557365
0.773307205114
0.772011990148
0.771497934715
0.770733195953
0.769467197164
0.768968976046
0.767479750737
0.765521573801
0.764021898911
0.762890091941
0.762273833203
0.761081461312
0.759742528709
0.758068782984
0.757989504782
0.757989504782
0.757989504782
0.757206692509
0.756334419024
0.755266215885
0.754937320638
0.752773670808
0.750573873956
0.749252481722
0.747660626595
0.74654934559
0.745447767767
0.744004445977
0.74213007895
0.741907652143
0.741308453946
0.740452547917
0.738115840222
0.73714248303
0.73595037771
0.73453872455
0.733126911447
0.73189540694
0.73031661379
0.72915121888
0.726578649202
0.725301081233
0.723885376195
0.723381290515
0.722699561949
0.720958107201
0.718592130015
0.716236868981
0.713932363058
0.712727035818
0.712385824993
0.711841380471
0.708740413842
0.706564555062
0.705467029118
0.703828790644
0.702410206639
0.700927219091
0.698934441245
0.697590976936
0.696295548713
0.695218708675
0.694703533643
0.692094763629
0.69076910626
0.689848796688
0.687935616929
0.686415949218
0.685342361345
0.684833690645
0.683232772106
0.680505964472
0.677243455843
0.675510691308
0.673794667429
0.673786830243
0.672669204849
0.670517817283
0.669164756419
0.6681578646
0.662567765003
0.66074751188
0.659288675661
0.658328220502
0.656289645766
0.655011757912
0.652356871122
0.651267715506
0.650976086879
0.649398466641
0.647510557809
0.646880703952
0.645044030058
0.643971721726
0.641746067492
0.640962668763
0.639163794631
0.638098150573
0.636103666673
0.634022973725
0.632965060225
0.629772713072
0.629488388489
0.628124664787
0.626856106917
0.625982447262
0.622521983041
0.621634301754
0.620207400735
0.619026704652
0.617302150503
0.616034605602
0.612553722045
0.611286870229
0.609231341579
0.607755124933
0.606664743091
0.605573081707
0.60352165825
0.601604906441
0.599966881224
0.592268418614
0.590994955838
0.588983731281
0.58759686922
0.586529732365
0.585305691844
0.582893491254
0.578272110515
0.576454043274
0.575137182746
0.574643813219
0.572161611095
0.570151612765
0.568625067522
0.567584481135
0.565659305683
0.563567150184
0.562460507513
0.560579209641
0.558421690943
0.556483933342
0.554673756601
0.553281456493
0.551113914727
0.548443406879
0.547210889402
0.54500026977
0.541528342997
0.539881360996
0.538932688274
0.535724133607
0.534164160367
0.532006694983
0.529407361581
0.527002571663
0.523716444848
0.521628287913
0.519674802626
0.518279090409
0.516258909068
0.51483062188
0.51325843969
0.511763829648
0.509805012941
0.507938909614
0.506427558916
0.504369577813
0.499704905951
0.498416088688
0.496406943384
0.494117152178
0.491963258845
0.491132996942
0.489550525113
0.485195608702
0.482685789827
0.480747659027
0.478496040782
0.474969840162
0.473299080032
0.471165659348
0.469502789718
0.468137306648
0.466452311629
0.46371132242
0.459882936964
0.459719262396
0.458036186688
0.456117462253
0.453404889508
0.452405408362
0.449996726509
0.4474011251
0.445783892418
0.442776785423
0.440199817324
0.438653652459
0.437005790774
0.435782949823
0.433746667596
0.433447095155
0.431340838052
0.4292946927
0.425586077575
0.423732289825
0.421635389363
0.420106178411
0.416651738693
0.414999318645
0.413435080269
0.410820712265
0.408890338679
0.40670245755
0.403524318629
0.401163379634
0.399173640696
0.39682776296
0.394590299632
0.393127384877
0.391240862214
0.388758979976
0.385774984683
0.382721680941
0.381514914219
0.37966075327
0.376009317615
0.372733373809
0.369749245231
0.367865521563
0.364668642704
0.363204608351
0.360145733276
0.356956664946
0.356253930589
0.353680667826
0.351433208088
0.348567543642
0.345484890438
0.341739168636
0.33941632263
0.336560174768
0.332582056405
0.329635087818
0.324551579668
0.320963214701
0.31675661837
0.314889821958
0.311921927551
0.310131050548
0.308393700992
0.304924386615
0.302218798029
0.299237308503
0.294046798771
0.290012060736
0.283583355565
0.281773338767
0.276886639954
0.273665689737
0.26928155715
0.263475828305
0.261142879261
0.255173182621
0.251976730275
0.246736904915
0.244107982137
0.239116067767
0.235384180997
0.230690506214
0.227914756153
0.223851681626
0.215271442275
0.209612620685
0.207505790454
0.201865682145
0.198367244891
0.194490956634
0.187577039007
0.181867808849
0.176445982168
0.168452052308
0.164443158328
0.16078367223
0.157004935615
0.152216774756
0.148853568948
0.1452464907
0.138072213219
0.13279429487
0.126203314629
0.118874226065
0.114799249144
0.110673003965
0.102239272012
0.0972895291674
0.0905800781287
0.0840574866667
0.0785887634904
0.0725510979205
0.0621364771859
0.0521087808633
0.0421529120851
0.0316274344859
0.0243625462047
0.0132122970902
0.0046786710033