0.229475135972
0.262987191395
0.271348365171
0.277100047472
0.281558447612
0.285302813038
0.288523387431
0.291368104756
0.294019690925
0.296361216594
0.29857408983
0.300532800701
0.302427240998
0.304286110386
0.305963906825
0.307583402029
0.309176071359
0.3106870814
0.312190008303
0.313517620721
0.314876111816
0.316198346418
0.317323813871
0.323428756857
0.324604514519
0.325774391978
0.327032536125
0.328169005659
0.329337451549
0.330457841125
0.331538206222
0.332653858015
0.333749935025
0.334754148638
0.335718361334
0.33662972742
0.337524526012
0.338380070613
0.339313149532
0.340200089639
0.341056982298
0.341842739838
0.342653169835
0.343497974385
0.344236853118
0.345024196992
0.345783083042
0.346449271342
0.347001123252
0.347714188569
0.34838545042
0.349013928854
0.349708436109
0.350299751645
0.350900989115
0.351517113671
0.352186954989
0.352792436414
0.353409187536
0.35405479638
0.354834398797
0.355457899359
0.356024027804
0.356597907418
0.35705034334
0.357609582021
0.358082573941
0.358635475596
0.359122839446
0.359699544957
0.360210040158
0.36074902713
0.361261342744
0.361751064975
0.362294005809
0.362821702921
0.363335428178
0.363810968647
0.364185389876
0.364617224975
0.365126461604
0.365581294299
0.366129378775
0.366601759322
0.367101675539
0.367529953984
0.368020491141
0.368477806175
0.36891658504
0.369345018619
0.369618443891
0.370063588069
0.37046497962
0.370894032799
0.371233169241
0.371711609258
0.372187311902
0.372644824839
0.373088290601
0.373464309293
0.373926048852
0.374372521216
0.374784287426
0.375130995204
0.375496904872
0.375906349154
0.376334295893
0.376701683192
0.37714561403
0.377576312222
0.37806902975
0.378448643118
0.378776592569
0.379182680003
0.379651262352
0.380002193869
0.38044698796
0.380846395032
0.381206585031
0.381657381639
0.382017233401
0.382349089472
0.382810291335
0.383170596061
0.38355229865
0.38392590647
0.384338110486
0.384785801941
0.385204699823
0.385653481359
0.386012948614
0.386416365464
0.386824778391
0.387230992787
0.387668719822
0.388096352973
0.388555096906
0.389007386844
0.389441183761
0.389889274173
0.390367447158
0.390850864878
0.39133393016
0.391792947174
0.39207075589
0.392488212039
0.392902362777
0.393315098126
0.393784653168
0.394327059809
0.394788947963
0.39526729943
0.395706946126
0.396148424493
0.396623796049
0.397100085676
0.39750390917
0.398029057449
0.398381677174
0.398863813168
0.39930517171
0.399774615858
0.400236341469
0.400702005415
0.401194355378
0.40172002756
0.402247212484
0.402652981769
0.403076636223
0.403544355233
0.404005101124
0.404319219612
0.404627109923
0.40503309304
0.405274711071
0.405758423094
0.406189730664
0.406510749509
0.406941286286
0.407351671925
0.407732536959
0.408081372887
0.408448299056
0.408760789787
0.409171780392
0.409480058381
0.409787412641
0.410143860404
0.410543682302
0.410983509072
0.411353643557
0.411695549661
0.41201620468
0.412365879873
0.412741395777
0.413179118385
0.413519780475
0.413802197368
0.414187864242
0.414559019958
0.414914549147
0.415278730686
0.415610357381
0.416064156253
0.416383875106
0.416744282516
0.416997119329
0.41741457655
0.417687700102
0.418051754595
0.418291319333
0.418609407515
0.418840258087
0.419125194206
0.419384816354
0.419672460964
0.419967903787
0.4201548478
0.42045585396
0.42077882552
0.421101833659
0.42137338772
0.421752076223
0.422017514596
0.422340161733
0.422533502719
0.422923532431
0.4231481281
0.423465532679
0.423739888252
0.424024471191
0.424341440437
0.424669265906
0.424980691665
0.425241671948
0.425480831603
0.425709291405
0.426018582927
0.426276220979
0.426440431381
0.426680734367
0.426931977531
0.427233170745
0.427460946171
0.427781293508
0.427964842844
0.428157267488
0.428430555723
0.428707013669
0.429026936433
0.429306477404
0.429551119734
0.429825176325
0.430079610893
0.430293516039
0.430520512308
0.430727540345
0.430948528061
0.431102936211
0.431314616397
0.43151869643
0.431773401201
0.432014493197
0.432180525772
0.432411185053
0.432489874263
0.432816604775
0.433048903527
0.4332232537
0.433463075512
0.433701947695
0.433940734503
0.434148392106
0.434361008457
0.434594677305
0.437376285271
0.437603181301
0.437511476297
0.437687475016
0.437913080659
0.438099089895
0.438322685088
0.438440704109
0.438591415861
0.438758328756
0.439014601431
0.439211703057
0.439429771004
0.439611885858
0.439789612844
0.440099896524
0.440324665777
0.440491942183
0.44073853891
0.440936324984
0.441082831856
0.441273121983
0.441477526776
0.441760523944
0.441907066216
0.442066875883
0.442242635151
0.44245883749
0.442703885757
0.44293551774
0.443184618673
0.443434803162
0.443596329324
0.443810924565
0.444090219016
0.44428885116
0.444544017873
0.444660935967
0.444904152947
0.445102474075
0.445297523264
0.445608088926
0.445857414725
0.446042293705
0.446274955702
0.446555269257
0.44680043332
0.44704254004
0.44724442923
0.447333988825
0.447689518655
0.44789030645
0.448200271943
0.448470902492
0.448802118519
0.449068316117
0.449242353077
0.449582092422
0.449883261594
0.450094785709
0.450440105069
0.450761892874
0.451005156202
0.451330449061
0.451602621811
0.451879113337
0.45219776658
0.45250339176
0.452861942515
0.453146655881
0.453389699258
0.453570086042
0.453887928965
0.454247661885
0.45453176993
0.454922211153
0.455226209498
0.455573720252
0.455708201096
0.45601879751
0.456427699077
0.456735941997
0.457020071974
0.457489916013
0.457673681432
0.457880565027
0.458134747579
0.458560768064
0.458907775872
0.459308608229
0.459525791524
0.459952297075
0.460192886196
0.4605627494
0.460903994291
0.461163920953
0.461510923363
0.46194391262
0.462265114838
0.462531890496
0.462777438065
0.463046735258
0.46313820658
0.463504280379
0.463743417263
0.464068957817
0.464540143763
0.464495321907
0.46494096849
0.465378961565
0.46579562824
0.466199533873
0.466555000041
0.466796628502
0.466991354903
0.467322223358
0.467652808532
0.468122066165
0.468517311277
0.468996830129
0.46925833211
0.46975153518
0.470202397546
0.470675888815
0.471148665555
0.470891906091
0.471318441561
0.471810934443
0.472318785179
0.472721479422
0.47316208577
0.473585402063
0.47404188445
0.474409164485
0.474864471068
0.475177318284
0.475453589533
0.475665100976
0.476062992469
0.476432761726
0.476778457739
0.477238610656
0.477779803351
0.478322730412
0.478797525441
0.479253866565
0.479663024705
0.480132140634
0.48058904098
0.480958620963
0.481493625236
0.48189653066
0.48223126664
0.482698695731
0.483224928907
0.483519461443
0.484034741473
0.484521013472
0.485010294399
0.485596090965
0.486074634979
0.486378679948
0.486823532704
0.487321812598
0.48773075622
0.488226992323
0.488600719602
0.489083910301
0.489654576912
0.490208688539
0.490806076444
0.491239195472
0.491779602549
0.492103571349
0.492699799806
0.49296319611
0.493409565735
0.493896334709
0.494297032435
0.4946384241
0.495086434166
0.495613043934
0.496201377142
0.496597005346
0.497116211167
0.497576689942
0.497958846049
0.498485073691
0.498828434438
0.499351170427
0.499686682139
0.500243821638
0.500743891198
0.501250975888
0.501675907409
0.502228005199
0.502750041913
0.503332678188
0.503902257262
0.504316888001
0.504820128951
0.505271533947
0.505702932256
0.50626466013
0.506872867137
0.507457208592
0.507840175469
0.508374874688
0.508952258449
0.50941795567
0.509916742548
0.510531988185
0.510951165348
0.511531581067
0.512102643512
0.512630487717
0.513232354015
0.513699926058
0.514299336208
0.514831350121
0.515444673656
0.516046323127
0.516499893511
0.517019287012
0.517776459343
0.518337276318
0.519076260519
0.519673128362
0.520204042152
0.520867610015
0.521591912151
0.522322134156
0.522583361887
0.523355506808
0.524005328725
0.52429179464
0.524915223643
0.525413538162
0.525924135006
0.526291606466
0.52677319173
0.527468406927
0.527985438322
0.528692727475
0.529083955899
0.529789355127
0.530499558846
0.531042678423
0.531696915617
0.532230780443
0.532800957067
0.533349891253
0.533989493932
0.534577949054
0.535077821398
0.535545228548
0.536208478182
0.536983342938
0.537460149627
0.537983276692
0.53856413771
0.539502855048
0.540076834187
0.540663059527
0.541345298137
0.542045004922
0.542731854878
0.543283738055
0.543875833581
0.54440411602
0.544741104275
0.545378371262
0.546035158056
0.546808887592
0.547235037661
0.547764945139
0.548473782235
0.548888371179
0.54960204615
0.550057354449
0.550876722178
0.551661929774
0.552421504111
0.553048683083
0.553787855507
0.554050977993
0.554990019286
0.555637574149
0.556192389553
0.556522113074
0.557068328384
0.557620755737
0.558357447934
0.558974751579
0.559559068125
0.560283140408
0.560676694664
0.561529702562
0.562135436841
0.562740026951
0.563142427945
0.563798834236
0.56462392351
0.565083662399
0.565443604433
0.566369562577
0.56725968359
0.567821193446
0.568546338657
0.569226072335
0.570227913598
0.57093458982
0.57167970941
0.57225404612
0.572686395512
0.573265500456
0.574025265819
0.574830145716
0.575837098323
0.576371012625
0.577331325478
0.578197397629
0.578840013658
0.57930610012
0.580168627786
0.580656864029
0.581593199833
0.582753821898
0.583708872875
0.584477358125
0.585487146797
0.586604483751
0.587640164833
0.588338443267
0.589169967254
0.589987490955
0.590835684002
0.591755073472
0.592762431195
0.593272962294
0.594263866177
0.59467278707
0.59559115564
0.59649741025
0.597253531544
0.598093124488
0.599130927489
0.600116983192
0.600998364282
0.601575206492
0.602278110921
0.603139047668
0.604001728181
0.604458545065
0.605188967205
0.606060675353
0.606175935539
0.606837735041
0.607530529871
0.608379834417
0.609100326269
0.610032079844
0.610903129362
0.611859645699
0.612368569745
0.613077551607
0.613808939876
0.6149393891
0.616254353308
0.61724325719
0.617962757667
0.619137587661
0.620042212433
0.620874816953
0.62125221971
0.622158275656
0.623456866889
0.624226814262
0.625101778875
0.626162926933
0.626869151166
0.627693961036
0.628889095003
0.629246519813
0.63069887366
0.631906104236
0.632913018576
0.63368533302
0.634492098381
0.635428123231
0.636669960594
0.637843266549
0.638628184794
0.639534829722
0.640554043987
0.641594607896
0.642845444251
0.643621918596
0.644392049483
0.645733301086
0.646599271372
0.64778071168
0.649034489931
0.650136676693
0.651040141854
0.652172827343
0.653569580279
0.65492907102
0.655747280016
0.656428992025
0.657558752733
0.658796728174
0.659678073382
0.660685660921
0.662069040873
0.662883138194
0.664001920736
0.665032109551
0.666680703499
0.667842637818
0.668640279487
0.670010700793
0.671194227956
0.672338263262
0.673440057469
0.674327896453
0.675335423399
0.67567473863
0.676441697049
0.677621202355
0.678803843681
0.679908852668
0.680954068295
0.680521274325
0.680173006668
0.681564298278
0.682461072312
0.683256096133
0.684349899593
0.685786834211
0.686694762107
0.687428314768
0.686911449165
0.68834977143
0.689192728164
0.690757585767
0.692379870448
0.693760728162
0.695257446512
0.696541375505
0.698240452496
0.699476311322
0.700617718183
0.702264731727
0.702949163525
0.703952301106
0.705088004679
0.706136806863
0.707337900246
0.708758755562
0.710252545657
0.711399445261
0.713111932588
0.714404394686
0.715781479514
0.717010314937
0.718528919745
0.719709226066
0.720627517863
0.722252100401
0.722862414936
0.724582945504
0.725697628934
0.72693054686
0.727546485789
0.729007616022
0.730087864696
0.731911582178
0.733163596886
0.734613838115
0.735953067289
0.737748147552
0.739202863016
0.741387937228
0.743159811107
0.744713735236
0.74624806514
0.748278473169
0.750510206561
0.752210435687
0.75379580625
0.753946024353
0.754680090986
0.75690168612
0.758056965271
0.759462367391
0.761328197909
0.762061180523
0.763189527976
0.765793627715
0.767377342633
0.770101742877
0.772441311049
0.774520612069
0.776637695565
0.777668905583
0.779723997903
0.78160325576
0.7832344499
0.784829482729
0.78613207115
0.788078866098
0.789501875016
0.791417881452
0.792921116261
0.792314455223
0.795077453245
0.797079335984
0.799537814464
0.801294153937
0.803418457701
0.804665792511
0.806157617841
0.808129641077
0.809069328178
0.810838769767
0.812364853471
0.814261671778
0.818314721453
0.820238858557
0.822593998606
0.825102294497
0.826564551782
0.828547782893
0.831039795562
0.834205792539
0.836423186412
0.839504285061
0.841983290381
0.844347786313
0.846007325609
0.848153134889
0.849578796682
0.851737233226
0.854103148268
0.855084299114
0.857652907128
0.859851910196
0.862066824199
0.864909609327
0.86714213594
0.869141833801
0.873127738091
0.874456604768
0.876501067414
0.87866666187
0.880713923545
0.88334588137
0.885584264921
0.887930127472
0.891290951976
0.893843830042
0.897122838209
0.900013656499
0.90297028252
0.907132092797
0.91065018341
0.9143654555
0.916838717601
0.920127951942
0.923310071086
0.927014151692
0.929574451134
0.932245404147
0.936361588253
0.939543048253
0.94264905372
0.945830352949
0.94858663488
0.950297212404
0.954757159943
0.956948139641
0.960759923185
0.964269828216
0.969102333937
0.97210688786
0.975067807746
0.979087912735
0.984329695933
0.988221109524
0.991854452897
0.995627025238
1.00137809287
1.00641767501
1.00767153949
1.009281842
1.01276705848
1.01611538897
1.01975422957
1.02487560183
1.02823299861
1.03229640031
1.03779322054
1.04148097499
1.04698324441
1.0525565105
1.0577431027
1.06106290785
1.06925252695
1.07531079102
1.07782720718
1.08344444339
1.08659782393
1.08951892402
1.09239030019
1.09801566422
1.10308965618
1.10653322666
1.11435730738
1.11816011822
1.12396196483
1.13250862979
1.13837710255
1.14441843352
1.14933878191
1.15413776294
1.16162686482
1.16888217076
1.17629648692
1.18334720982
1.19105826383
1.20068748253
1.20737744564
1.21142449518
1.2233552387
1.23220865969
1.23567516872
1.23989157815
1.24854805034
1.25465483373
1.26148137522
1.26662218158
1.27427797095
1.28049981131
1.28878890404
1.29905581157
1.30706666598
1.31498712116
1.32464307667
1.33228818043
1.34211733923
1.34890485009
1.36310179083
1.37144208118
1.38243168631
1.3983185609
1.40557056088
1.4131688862
1.42390024132
1.43974285205
1.44911469188
1.46736737981
1.4806947721
1.49006564547
1.49926137288
1.51522525471
1.51879517056
1.52792971742
1.54302609822
1.55816853293
1.57147997623
1.58831251512
1.59704042354
1.60884627504
1.61964131049
1.63557050036
1.65026327257
1.66089681092
1.68367771759
1.70629022449
1.717405188
1.74282430775
1.76691963124
1.78616907283
1.80167574198
1.81014612574
1.8398472546
1.85682611715
1.84927332294
1.85684191364
1.87354981634
1.90108299586
1.91437734241
1.94431729867
1.9644672593
1.98718015795
2.01674279352
2.03698237432
2.06084364169
2.09356945913
2.13772470938
2.18056076939
2.20089045591
2.25180290687
2.25308454919
2.27752748603
2.31986202108
2.29585687711
2.314974234
2.34941538285
2.38889599439
2.42090201876
2.41226765048
2.39510303166
2.40905402563
2.46414499753
2.50985323147
2.51325663287
2.51245707872
2.4270428107
2.64249107323
2.51548261134
2.5739631958
2.33365795308
1.50856119962