0.254887135176
0.290232656261
0.299366820617
0.305879872089
0.310991824964
0.315299200479
0.318873152743
0.32217621789
0.325167440355
0.327941369765
0.330548833387
0.33297734428
0.335135235999
0.337151712591
0.339094332624
0.340926007336
0.342678544249
0.344334421967
0.346039703262
0.347582492321
0.349020515256
0.350475676371
0.351918677549
0.35325612275
0.354524579077
0.355713010908
0.356968872394
0.35820378126
0.359381700298
0.360473545993
0.36157593364
0.362513312006
0.363505465143
0.364468636421
0.365389227336
0.366433254336
0.367407807594
0.368331736476
0.369285510821
0.370058435192
0.370902541873
0.371704982978
0.372549137871
0.373374960077
0.374140323732
0.374900441665
0.375711566706
0.376430263779
0.377197853924
0.378019236489
0.378604667322
0.37927494082
0.379979869333
0.380763309549
0.381429007962
0.382086313365
0.382798138321
0.383473268211
0.384181406275
0.384858784129
0.385518188774
0.386194431611
0.386806405671
0.387420088852
0.387980414398
0.388683458639
0.389318047764
0.38989714679
0.390461935903
0.391058366048
0.391679111222
0.392279985867
0.392894775764
0.393552245936
0.394073529672
0.394690682132
0.395245659599
0.395831532987
0.396499118351
0.39713588653
0.397728110111
0.398225222398
0.39874507172
0.39930462067
0.399816274412
0.400407293505
0.400985931647
0.40156024197
0.402166789473
0.402773169965
0.403067271116
0.403624624716
0.404237925222
0.404856072207
0.405397891857
0.405937628005
0.406421486764
0.406970419976
0.407518157571
0.408079135286
0.408578228269
0.409121804336
0.409576103446
0.410180693633
0.410712576704
0.411254263592
0.411894215407
0.412428160656
0.413032670687
0.413548203505
0.414102162269
0.414582244081
0.415113183796
0.4156363732
0.416218910146
0.416768632469
0.417094503074
0.417618594899
0.418153588601
0.418750761049
0.419268240033
0.419813041985
0.420348861275
0.42091865311
0.421423807939
0.421924181254
0.42245063275
0.422947747965
0.423495967532
0.424048195324
0.424592801823
0.425116787871
0.42565264771
0.426275595013
0.426792746988
0.427314259564
0.427839307885
0.428330824389
0.428895302067
0.429203507981
0.429738807179
0.430270971326
0.430937888515
0.431393841792
0.431945620975
0.432532998013
0.433002130263
0.433554373836
0.434041865284
0.434501921447
0.435038392913
0.435672889103
0.435967807759
0.436380942168
0.436983231665
0.437413327706
0.437957642174
0.438429860091
0.438995882326
0.439562504411
0.439994561755
0.440593354586
0.441091358202
0.441640325792
0.442006260804
0.442548938431
0.443027246883
0.443422300327
0.443902799841
0.444367879145
0.444765261294
0.445248385592
0.445753346601
0.446181072938
0.446619169012
0.447097837108
0.447601064647
0.448084947243
0.448617323577
0.449022713023
0.44948945391
0.449808505389
0.450315625109
0.450755681451
0.451234554724
0.451677031638
0.452243121818
0.452606721154
0.453093314611
0.453489758366
0.453968500414
0.454486540382
0.454839344562
0.455300230498
0.455707658402
0.456170122027
0.456477389374
0.456810112598
0.457259298941
0.457757033291
0.4583263746
0.45884207025
0.459319317423
0.459809030656
0.460318256939
0.460725935387
0.461212769161
0.461629075191
0.46199505464
0.462504596347
0.462980417745
0.463486596915
0.463905556312
0.464408794921
0.464866576556
0.465283947868
0.465756073367
0.466012909212
0.466412735525
0.466830232275
0.467167209973
0.467674896436
0.468128275711
0.468698139229
0.469195115071
0.469463160509
0.469817386424
0.470288000082
0.470621418678
0.47110229501
0.471472306144
0.47179808949
0.472107568235
0.472561744169
0.473015721843
0.473432266078
0.473801665416
0.474265951628
0.474704102744
0.475213878466
0.475749705504
0.476127249241
0.476546543358
0.476941992041
0.47742008248
0.477792622643
0.47788086369
0.478182714376
0.478611456106
0.478768104356
0.479149893786
0.479233166489
0.479701466102
0.480106549759
0.480514812152
0.480884610623
0.481248501709
0.481615071918
0.482007715907
0.482431880467
0.482865155502
0.483228614782
0.483674627337
0.484098879953
0.48448816455
0.48474935405
0.485061708269
0.485300263758
0.485700454012
0.486179350799
0.486742228662
0.48717611608
0.487426233584
0.487953172588
0.488358897624
0.488690645403
0.48915120513
0.48964593013
0.490105298698
0.490505133943
0.490980525018
0.491201119949
0.491566072536
0.491938112408
0.492145819327
0.492598753783
0.493012188516
0.493408498047
0.493727737294
0.49414636563
0.494419027495
0.494769826756
0.495164373437
0.495580042527
0.49592247691
0.496302895622
0.496736011452
0.497022219691
0.497412754386
0.497817248182
0.498182660805
0.498596925055
0.498998613129
0.499374952722
0.499662895399
0.499992650895
0.500338051155
0.500428068269
0.50084251835
0.501015215176
0.50123876966
0.501652532552
0.502024251133
0.502444854679
0.502769327235
0.503187423224
0.50349208303
0.503828050751
0.504202436359
0.504627579114
0.504938085833
0.505331942508
0.505836516608
0.50623197493
0.506625565279
0.507061687032
0.507461047706
0.507866967761
0.508371227837
0.508837171968
0.50929301038
0.509643422192
0.510001677356
0.510449906727
0.510943340227
0.511196361929
0.511662562846
0.511964040272
0.512536063506
0.512686250103
0.513101774529
0.513488267982
0.51366014821
0.51415748916
0.514487737084
0.514991249827
0.515521150497
0.51595572188
0.516422738948
0.517019654612
0.517519376394
0.517931584254
0.518495736848
0.518700388155
0.51901435871
0.519498693744
0.519892684374
0.520487968393
0.520830652098
0.521154387127
0.52163065413
0.52215981863
0.52268948419
0.523284589075
0.523822691753
0.52433087502
0.524725566016
0.525159416148
0.525621906614
0.526141676164
0.526697200834
0.52710234148
0.527799975632
0.52834052702
0.528891448754
0.529181045781
0.529601072671
0.530254941695
0.530880919165
0.531536183939
0.532317520488
0.532838711322
0.533434446971
0.534074644446
0.5347902604
0.535350517543
0.53599892883
0.536547679018
0.537227069544
0.537781483105
0.53789189921
0.53853720752
0.539018257421
0.539761940424
0.540406464368
0.541085291871
0.541777034164
0.542311587951
0.543023552541
0.543754066354
0.54424038119
0.544973763534
0.545505391566
0.546154186322
0.546934543304
0.547496234373
0.547830733763
0.548343121483
0.548945602087
0.549658033499
0.549693381005
0.55056090654
0.551185072071
0.551889851416
0.552452509292
0.553058158349
0.55361656694
0.55421147957
0.554847556551
0.555476459038
0.555964019383
0.556635067858
0.556986815859
0.557525955379
0.557743030609
0.558253884095
0.55877230919
0.559347950737
0.559974014627
0.560398323994
0.560846879725
0.56150329188
0.561653499331
0.562076534131
0.562486837004
0.562891503508
0.563429076725
0.564051226632
0.564590049988
0.565001895423
0.565467299359
0.565856744122
0.566333257619
0.566943417396
0.567447253106
0.568003179976
0.568543451077
0.569099882755
0.56971121297
0.570000318331
0.570542290407
0.571110606578
0.5715881635
0.572155460901
0.572565535117
0.573202688553
0.573779105188
0.57405909274
0.57481525012
0.575589478122
0.576241186175
0.576742510527
0.577375189072
0.577910587212
0.578570692435
0.578947104861
0.579787896293
0.580333149469
0.580715039875
0.581232600938
0.58176205133
0.582203833665
0.582770126393
0.583470958885
0.584202882141
0.584710939646
0.585386043682
0.586190299275
0.586860384455
0.586817145053
0.587491303625
0.58828204037
0.588740603494
0.58947213091
0.590197077666
0.590729241137
0.591371661646
0.591931311632
0.59273074172
0.593333391598
0.593927028618
0.594455205208
0.595195327159
0.595994342658
0.596631630413
0.597262438119
0.597735798298
0.598362315141
0.598958174207
0.599633272789
0.60005945314
0.600827311586
0.601479493022
0.602144733671
0.60262472427
0.603354380221
0.603896801274
0.604753844398
0.605540110474
0.606292126609
0.606985898075
0.607327071144
0.608281006752
0.609056287584
0.609862746492
0.610711642509
0.611635570324
0.612495896565
0.613125173158
0.613847048575
0.614594942781
0.615366147883
0.615892207238
0.61665678423
0.617638518359
0.61835790838
0.619165496113
0.620012335716
0.620790032959
0.621539018785
0.622208098281
0.62294432004
0.623644005938
0.624493305703
0.625397509783
0.625614253723
0.626511122733
0.627431027281
0.628359498017
0.629088069666
0.630095357478
0.631154436637
0.632231543757
0.633111458529
0.633854216783
0.634436325856
0.635082145714
0.636008983588
0.637014342692
0.63788936094
0.63862813586
0.63942292104
0.640128993989
0.640805069174
0.641784594851
0.642703909644
0.643748174729
0.644180019567
0.644847813717
0.645800915514
0.646895272991
0.647295896991
0.647862068608
0.648584280126
0.650277432139
0.651004733309
0.651644959322
0.652796381262
0.653849832947
0.654686410106
0.655447724415
0.656289405626
0.657304808962
0.657864345948
0.658282089971
0.659172825979
0.660222532481
0.66129124241
0.662311730963
0.663156503696
0.664217016549
0.665096441175
0.666012753069
0.666807546982
0.66778128865
0.668693690952
0.669834924351
0.670609680949
0.671193232266
0.671507772105
0.672467382014
0.673415139826
0.674187797669
0.674881204472
0.675808800937
0.676491796654
0.67680467679
0.677446281131
0.678518074501
0.679728876881
0.680347429185
0.68092468635
0.681754426653
0.6827141419
0.684051850492
0.684848173567
0.686009981336
0.687018258063
0.687935902395
0.689246102847
0.690010739151
0.691458969256
0.692396971634
0.693609881302
0.694338073983
0.695299043238
0.696730176363
0.697249133955
0.697985264692
0.698966511502
0.700115923943
0.700649807974
0.701532908734
0.70121442673
0.702023776915
0.703252463194
0.704540124673
0.70538677173
0.706497472966
0.707731244846
0.708644190294
0.710211615892
0.711255916534
0.712577347444
0.713737994204
0.714761930227
0.71621399117
0.7177582442
0.719005510493
0.720191336325
0.721410683557
0.722790588239
0.724069922628
0.72548626928
0.726538756451
0.727810016401
0.729070695885
0.72963772354
0.73031520381
0.731772368335
0.732367138861
0.7335117355
0.735268371309
0.736781176859
0.73829685221
0.739594176566
0.74091412637
0.74215088827
0.743725866822
0.745143371086
0.746827731709
0.748209270802
0.749795814297
0.750850294484
0.751962382724
0.753173002497
0.753994885562
0.754777906471
0.756513939699
0.757344967375
0.759005088878
0.75986306404
0.760234047606
0.761418435628
0.761937365815
0.76326294001
0.764913561454
0.76590648519
0.766699528622
0.768314911068
0.769871745639
0.770846259693
0.772462232503
0.773067590514
0.774205474764
0.775783301897
0.776936866624
0.777930978106
0.779080386572
0.78049483974
0.781433201623
0.782697791749
0.784200557525
0.785465372018
0.786517160877
0.788700434514
0.790389752848
0.792582131551
0.794324188191
0.795984741192
0.797613486204
0.799441194898
0.800581433929
0.802106235768
0.803301574525
0.80488175451
0.806587445371
0.808153502981
0.809329107961
0.811068472833
0.81150093718
0.811690840422
0.813545398992
0.813660084078
0.815433431442
0.817523310607
0.818866115648
0.819884716385
0.821827490603
0.823697414203
0.825723765425
0.827184951732
0.82894877037
0.831062842981
0.833139815573
0.834711247629
0.836009894069
0.838191946788
0.839182805727
0.841219192594
0.841732511526
0.843477107974
0.845095050969
0.846847260037
0.848607364499
0.851022455955
0.852322706264
0.855218515688
0.857044233795
0.858628460633
0.860424901393
0.861452472005
0.863611486611
0.866125955163
0.867337075786
0.868534817814
0.871157915798
0.87266339011
0.875190655394
0.877427918626
0.879378737834
0.881861456309
0.883332272386
0.884295296907
0.885509209845
0.886554870456
0.889145642087
0.892067629742
0.893226101722
0.894995924414
0.897099468745
0.89967371593
0.901118441169
0.903441143435
0.904726387355
0.906929345575
0.9090615016
0.911176242701
0.91331154942
0.914961578714
0.91703264157
0.919037304891
0.921367699767
0.922913486009
0.924026254571
0.926794666197
0.929265454654
0.931751643881
0.934880233929
0.937899379858
0.940822873095
0.94391130078
0.945918189367
0.948293788012
0.947292551778
0.949740483884
0.952082132936
0.955283920026
0.957993570267
0.961429402791
0.962667985106
0.965033479595
0.967793444208
0.970175868637
0.972214539597
0.97492965091
0.977708088285
0.979555562914
0.983246610878
0.986987393301
0.989484804551
0.991718035295
0.995459740232
0.997448891349
0.998859380943
1.000229037
1.00033046234
1.00236495597
1.00423494291
1.00586535973
1.00853070373
1.011267071
1.01391994302
1.01651974484
1.0201758192
1.02399714217
1.02644396858
1.02812414224
1.03238891885
1.03522464611
1.03821489035
1.04145043591
1.0452895251
1.04824833247
1.05033804175
1.05176535407
1.05444151498
1.0579461514
1.06029087104
1.06401339643
1.06786843591
1.06897984596
1.07317380134
1.07698720459
1.08092947439
1.08512278389
1.08936487335
1.09428620371
1.09795277148
1.09908703059
1.10101530154
1.10411820653
1.1073686064
1.11110669419
1.11623334118
1.12095591119
1.12383192413
1.12763381281
1.13179636822
1.1352804775
1.13937369095
1.14374690548
1.15125827857
1.15674480165
1.16083202305
1.16352556912
1.16815855687
1.17156119499
1.1758882036
1.17349717503
1.17986731692
1.18464439468
1.18804733981
1.19014191332
1.1957248348
1.19968312478
1.20187704468
1.20573368617
1.20750596804
1.21194200581
1.21789115389
1.2217138241
1.22741580413
1.23147417628
1.2377319085
1.24527982256
1.24911646299
1.25317225531
1.25779784801
1.26236503836
1.26723521486
1.2748718476
1.27842912144
1.28177013923
1.28403921611
1.28956072211
1.29500097108
1.29866468153
1.30554557115
1.31209379951
1.31638126883
1.32194459129
1.33159758921
1.33066590734
1.33667993247
1.34294658543
1.3460711496
1.35043914375
1.35535683487
1.36314991329
1.36751996798
1.3767421554
1.38290093135
1.38862095662
1.39662418499
1.40635286868
1.4100660813
1.41695615716
1.41970218375
1.4255147145
1.43421291521
1.44254811469
1.45172333319
1.46108445203
1.46339245349
1.47259127817
1.48077362036
1.49371920852
1.50552786956
1.51831943414
1.53147034562
1.53925978873
1.54271042373
1.55442057682
1.56384387484
1.57162389506
1.57708877252
1.59276180036
1.60634653518
1.61994736205
1.62588343831
1.63467786362
1.64844132006
1.6607409565
1.66732020762
1.67635143833
1.68910256471
1.70644116493
1.71627970837
1.72806380105
1.7423596834
1.75483958811
1.76594951593
1.77465784513
1.7920924551
1.8069057815
1.82176470847
1.83870378213
1.86100430448
1.87226040401
1.88861905143
1.9023910002
1.92177362567
1.9246312628
1.94800147901
1.96185914293
1.98287852074
2.01417592751
2.03624285911
2.04825979961
2.07192799824
2.09659543726
2.11935768534
2.13091137268
2.15186842908
2.16796915937
2.16856465725
2.17822838106
2.19344178566
2.19391567243
2.22259690721
2.24527801891
2.26316669931
2.28930998411
2.33020862973
2.35895930714
2.37434745292
2.42311705817
2.44053478537
2.4816625557
2.52510230585
2.53093741294
2.55306409372
2.6154040142
2.65480164474
2.68451416371
2.69744998557
2.7164654026
2.78548747311
2.78693481159
2.85007493454
2.90893788563
2.93970313335
2.87034443909
2.85797042208
2.75909423262
2.64305150902
2.49243937853
2.21616957758
1.29242535456