0.254887135176
0.284849023966
0.296667902178
0.304342548233
0.310023746433
0.31466769062
0.318550013815
0.321965192953
0.325040814215
0.327769360924
0.330253484467
0.33250215707
0.334701241557
0.336653459794
0.338508504305
0.340310390548
0.342064810412
0.343612511065
0.345072403882
0.346559340052
0.348087435851
0.349424411733
0.350578369041
0.351797538958
0.352947351463
0.35415457632
0.355228644402
0.356311889256
0.357401336825
0.358412127628
0.359336180646
0.360368663451
0.361348057194
0.362188684479
0.363081012473
0.363864454267
0.364762653139
0.365676919607
0.366506432584
0.36735723855
0.368226204774
0.369111514513
0.369931277474
0.370714781324
0.371403216714
0.37213621345
0.372897494625
0.373684602558
0.374319668532
0.374996452823
0.375640799072
0.376343433526
0.377038967671
0.377702111717
0.378392246631
0.37913672405
0.379748499281
0.380356717727
0.381034113143
0.381679352735
0.382274885591
0.382917922466
0.383559499969
0.384153903682
0.384823330613
0.385381532263
0.385958124353
0.386565474492
0.387156452819
0.387723626457
0.388332749087
0.388927463845
0.38945582844
0.390002123124
0.390553743826
0.3910842947
0.391696691427
0.392262900751
0.392759994056
0.393359422012
0.39390510521
0.394439483515
0.394967948465
0.395409861294
0.395873535333
0.396370841374
0.396875360037
0.39736860159
0.397662992788
0.398068176174
0.39853368125
0.398991092241
0.399498776738
0.40008230005
0.40061471469
0.401013308052
0.401553830332
0.402073080025
0.402543144193
0.402988228678
0.403337740279
0.403838311711
0.404236560475
0.404702982489
0.405183156798
0.405638007632
0.406088559963
0.406522811778
0.406919918625
0.407379841238
0.407854647767
0.408332918073
0.408741789215
0.409227528131
0.409644705127
0.410047797593
0.410536383434
0.410994306286
0.411373286404
0.411817711339
0.412268289927
0.412742431999
0.413164846791
0.413575347235
0.413974097554
0.414482021814
0.414843894232
0.41526600319
0.415773291894
0.416249323705
0.416676957947
0.417126515172
0.417532423435
0.417956055529
0.418366565404
0.418769704017
0.419209318879
0.419672730712
0.41992159803
0.420278697581
0.420765575561
0.421162006561
0.421523785263
0.421891681573
0.422218714577
0.422586026933
0.422990927779
0.423353778797
0.423740319881
0.424129672752
0.424299592965
0.424772210435
0.42523718362
0.425623381865
0.426007470591
0.4264234043
0.426720954111
0.427119053661
0.427577867168
0.427975296991
0.428380184866
0.428641721907
0.429027652996
0.429471843385
0.429901565413
0.430350110332
0.43075337139
0.431113189988
0.431396602097
0.431857730391
0.432179910467
0.432576265588
0.432968317045
0.433281269483
0.433600750159
0.433960013945
0.434379363345
0.434667892314
0.435100140518
0.435488687954
0.435847483029
0.436233156835
0.436764039125
0.437119056074
0.437522503511
0.437902894399
0.438315407462
0.438696771374
0.439172294877
0.439587443128
0.439948261465
0.4402925697
0.440644236559
0.441016371986
0.44129283126
0.441645824832
0.44200778769
0.442375204899
0.442799382481
0.443157624116
0.443591056278
0.443910877167
0.444240461288
0.444595079192
0.445019230405
0.445453454741
0.445931469202
0.446230999987
0.446677051757
0.446975246422
0.44720702691
0.447618929066
0.447873196527
0.448264811786
0.448626889826
0.448906743025
0.449336853637
0.449801872876
0.450123320922
0.450454032705
0.450857330265
0.451195058027
0.451552546543
0.452022604981
0.45233160394
0.452682796063
0.452997182503
0.453260550679
0.453505472562
0.45356418688
0.453749101171
0.454115906611
0.454444391552
0.454849636328
0.455250872631
0.455479328762
0.455886917967
0.456252072757
0.456598698383
0.457043005396
0.457432031093
0.457803880488
0.458016532987
0.458484374858
0.458816688921
0.459273208886
0.459682686983
0.460051979729
0.460401276637
0.460764875889
0.461199317095
0.461621649925
0.461996503864
0.462426865851
0.462792489945
0.46317333097
0.463632347095
0.463904230483
0.464245553641
0.464635583364
0.464987255036
0.46537595912
0.465756865174
0.466177238652
0.466609208255
0.466960755858
0.4673293835
0.467699100107
0.468014995502
0.468460235465
0.468931505727
0.46934175943
0.469634225598
0.470147784993
0.470573582343
0.470995041352
0.471331518886
0.471633378411
0.471904542029
0.472302236355
0.472711407452
0.473144249255
0.473467124089
0.473907011406
0.474327643863
0.474685140773
0.474964393798
0.475315132198
0.475309075862
0.475717726357
0.476175570111
0.476516056807
0.476883531698
0.477262175901
0.477733880066
0.478153674899
0.478475461686
0.478818810297
0.479191836199
0.479590787157
0.479821721926
0.480275778856
0.480674514615
0.481085722689
0.481501739988
0.48189930955
0.482325864144
0.482724380679
0.483083620646
0.483617823519
0.484086252561
0.484478937195
0.484844451608
0.485256858955
0.485722216031
0.486126603022
0.486376229809
0.486796280667
0.487157879937
0.487265827081
0.487676551905
0.48800806742
0.488336196827
0.488856710173
0.489293197148
0.489696577915
0.490067645909
0.49040883122
0.49069552823
0.491160732733
0.491677565017
0.491904927718
0.492246914481
0.492532244556
0.492923584136
0.493480790748
0.493898806539
0.494286695214
0.494702679621
0.495035781593
0.495361186658
0.495695333789
0.496063451818
0.496486013491
0.496861414755
0.497245160545
0.497644235508
0.498104387142
0.498546184895
0.498967147153
0.499406045568
0.499872884357
0.500194163223
0.50063180457
0.50108564456
0.501603248901
0.501938384735
0.502392241254
0.502551840155
0.502839354039
0.503221425036
0.503626140628
0.504216372016
0.504595112317
0.505026662089
0.505516907391
0.505578707152
0.506064634879
0.506412877365
0.506732875764
0.507143343379
0.507607593886
0.508223343203
0.508638875076
0.508914011531
0.509432414599
0.509759601255
0.510117355052
0.510386622658
0.510823198048
0.511246760268
0.511707263758
0.511962721123
0.512299703721
0.512656230717
0.513126507966
0.513564399168
0.51412796088
0.514632240333
0.515025129129
0.515366610824
0.515936221334
0.516265302741
0.516746061456
0.517189198005
0.51768202773
0.518155473609
0.518541323917
0.519128715788
0.519617591953
0.519885282351
0.520227745084
0.520351491199
0.520850184555
0.521339827442
0.521612294024
0.522157303958
0.522412977793
0.522958234726
0.523401904617
0.523971389687
0.524521312378
0.525034569703
0.525555101523
0.52603565522
0.526322374759
0.526708761935
0.52710637185
0.52741499619
0.527695650898
0.528129676575
0.528538173032
0.528838583945
0.529360349388
0.529375102367
0.52981788214
0.529965690483
0.530461832647
0.530848543211
0.531336476373
0.531778644629
0.532407787243
0.532984561203
0.533476112051
0.53380947912
0.534392497828
0.534943747938
0.535451155031
0.535764185115
0.53623963925
0.536562266805
0.536767766366
0.537126902883
0.537604149136
0.538099187995
0.538490129379
0.538914438689
0.539310149705
0.539800498244
0.540137305696
0.540728248124
0.541303355069
0.541682383304
0.542062196352
0.542698679077
0.543104712154
0.543624129687
0.543934045383
0.544567428475
0.545082010867
0.545475926178
0.546076851672
0.546562182477
0.547192632315
0.547609861258
0.54801580903
0.548530295005
0.549130053336
0.549626061552
0.550143264967
0.550721062871
0.551194718288
0.551733805487
0.552360340433
0.553027997517
0.553581640603
0.554209292417
0.554685811687
0.55500141458
0.555663899553
0.556180397504
0.556511439394
0.556995661636
0.557744367609
0.55841241891
0.558817230511
0.559362560804
0.560040475157
0.560567799938
0.561241691906
0.561798436019
0.56235922079
0.562991691027
0.563476978906
0.563869193074
0.564389907887
0.564970882219
0.565483453364
0.566155887163
0.56653448752
0.567370712752
0.567886715868
0.568288222252
0.568839515569
0.569582532401
0.570105748991
0.570428003735
0.571187479714
0.571946213108
0.572576116611
0.573049777902
0.573646792812
0.574236491123
0.574580487378
0.575093385346
0.575535267532
0.576269048646
0.5768254455
0.577179257792
0.577945970354
0.578477897213
0.579033135821
0.579699284147
0.580495523302
0.581064014239
0.58152694252
0.5822002638
0.582816773651
0.583374252664
0.583882906321
0.58438770881
0.584875870483
0.585168044372
0.585709549551
0.586243692609
0.586988830147
0.587157235481
0.58781676006
0.588374219698
0.589055464016
0.589655255412
0.590460533395
0.591004744587
0.591453852902
0.592004843283
0.592726590221
0.593074713503
0.593817033217
0.594670783681
0.595291348882
0.595975002633
0.596422622489
0.596942009507
0.597535171973
0.598162233308
0.598767205075
0.599351344607
0.600014828479
0.600710950659
0.601417553361
0.602072120829
0.602786713791
0.603239270043
0.604054676282
0.60482929388
0.60549878636
0.606313857622
0.606661902739
0.607081723642
0.607487527326
0.608274506486
0.608986085698
0.609728478397
0.610163382497
0.610589536829
0.61135283032
0.612215031603
0.612807759629
0.61357118289
0.614253886639
0.614693563437
0.61537370321
0.615785177411
0.616234238224
0.616973683424
0.617782194925
0.618641286364
0.61903635416
0.619754089038
0.620393638018
0.620950239429
0.621442504395
0.622290939109
0.62312069568
0.623967850256
0.624870255594
0.625508366171
0.626339857023
0.627212743044
0.627629458608
0.628323442444
0.628651185713
0.62948218375
0.629992153636
0.630757015563
0.631564876861
0.632113910592
0.632590143312
0.633520732819
0.633779541678
0.634374095309
0.635044569617
0.635883713359
0.636807111089
0.637522450706
0.638371084131
0.639096762862
0.639783969025
0.64083899323
0.641259298593
0.642023537697
0.643021885614
0.643855405059
0.644178512221
0.644831814922
0.645903559996
0.646696572478
0.647684359653
0.648379634701
0.649247748405
0.650330168687
0.651061529557
0.651859550546
0.652671566641
0.653532710327
0.654451782379
0.655267806829
0.655775548941
0.65648669034
0.657388757897
0.658238633689
0.659028245556
0.659682803164
0.66048789027
0.661779478099
0.66249511203
0.663605755212
0.664827927994
0.665914233895
0.666445287999
0.667303241675
0.668049481083
0.668770640057
0.669892643119
0.67097099777
0.671310889685
0.672175004725
0.672991939856
0.673979251279
0.67518762418
0.676391516873
0.677703224199
0.678607165054
0.679577439538
0.680617926758
0.681482352737
0.683027338643
0.683903686973
0.684915845581
0.685576026107
0.686574799864
0.687512109048
0.688768921406
0.689959629954
0.691000849376
0.691890799136
0.692208157304
0.693698496186
0.694695862815
0.69580058855
0.697115822566
0.698179631374
0.699417430118
0.700302239636
0.701343520536
0.701618485548
0.702635860718
0.703649102724
0.704559615403
0.705622516002
0.706627290243
0.707594279239
0.708517026968
0.710064601422
0.711366060841
0.712467900302
0.712650921944
0.713351798197
0.714698517352
0.715820994008
0.716916573201
0.718025247318
0.719687939694
0.720541777179
0.721541753111
0.722690698505
0.723776414388
0.724950504502
0.726170107257
0.727341596515
0.728951886168
0.730283397795
0.731522415413
0.73231038982
0.733827966932
0.735254690355
0.736323496971
0.737602511902
0.738612380375
0.740003663505
0.741163161457
0.742022690166
0.743370573991
0.745177213237
0.746243026733
0.747852141083
0.749413839965
0.751132159017
0.752664458089
0.754161864784
0.755658718265
0.757481170678
0.759385207796
0.760743347153
0.762456023716
0.763258720042
0.762542563727
0.763572615027
0.765304158351
0.766935669301
0.767935645334
0.76913912638
0.770423867875
0.771967963004
0.773552613512
0.775314492355
0.777417531889
0.778657125419
0.779667130896
0.780904425847
0.782517940334
0.783572466128
0.785075824237
0.786813507177
0.788708622938
0.790321796644
0.791992995708
0.793684781913
0.794878418153
0.796269864506
0.797250139894
0.798637122753
0.80117592813
0.802807241894
0.804131929743
0.805439956253
0.807590479707
0.809666188183
0.810680879648
0.812013949888
0.813061075125
0.815200577551
0.81758088068
0.818895781569
0.82077116689
0.822477823365
0.824450954106
0.826474922547
0.827880200008
0.829654797255
0.831266373046
0.832587081259
0.834789053534
0.835979425975
0.837544675163
0.840739222231
0.842353109402
0.844285639143
0.845957452822
0.847448398013
0.849211752074
0.851396970524
0.852853883213
0.855364525279
0.857749292643
0.860172757128
0.862231131875
0.862852176023
0.865019341644
0.868072673815
0.867072376027
0.868769921753
0.871201959146
0.872947945143
0.875096620425
0.877083441519
0.878365146703
0.88000009647
0.882295387546
0.884898854776
0.887446348153
0.889467920521
0.891404521655
0.894256511016
0.896980335805
0.900269910987
0.903612949255
0.905074261304
0.906555727264
0.90882473677
0.911175485712
0.914310821436
0.916686021784
0.920397204444
0.9228609649
0.926085494062
0.924494981813
0.926225873671
0.928466831492
0.931630443936
0.93439322121
0.937812502711
0.939651506814
0.942715773308
0.946068017562
0.949147369695
0.953157399432
0.954906731574
0.957543677291
0.960023631453
0.963234019544
0.966993024404
0.969915605905
0.973000380764
0.975925677388
0.977581152678
0.980372244915
0.982861138663
0.985490251801
0.988113822557
0.99117447419
0.993894204055
0.998323187398
1.00086082516
1.00308230261
1.0074038306
1.0101817331
1.01354637769
1.01742016709
1.0222009771
1.02624118907
1.02853606873
1.03135005619
1.03437187484
1.03658032678
1.03973399964
1.04348580811
1.04620564673
1.05074603745
1.05497501003
1.05888073338
1.06502676136
1.06888401077
1.07196774117
1.0756357206
1.08058729465
1.08448828526
1.0875085897
1.09199755112
1.09666308519
1.0989290473
1.10331045134
1.10442437074
1.10807713007
1.11181199719
1.1138827192
1.11928515915
1.12407573022
1.13026148253
1.13639458571
1.1411228446
1.14660791933
1.15468848226
1.16015087832
1.16579817572
1.17345050782
1.17789106783
1.18365781151
1.19111205829
1.19750777563
1.20385515311
1.20743910955
1.21373715853
1.21984634251
1.22656288357
1.23159269769
1.23774503792
1.24268522967
1.24844252412
1.25533211509
1.26024752138
1.26880335942
1.27626677064
1.28360402674
1.2934240009
1.29982366649
1.30935408246
1.31625486414
1.32446817005
1.33418923676
1.34156542757
1.35017988519
1.36002463586
1.36803624127
1.37647749803
1.38599689752
1.39589197771
1.40694417683
1.41805544448
1.42641755191
1.4380742127
1.44530044242
1.4552808975
1.46231171042
1.47232966349
1.48615869186
1.49592784476
1.51124884595
1.51905994147
1.53047661642
1.5473576989
1.55462032126
1.57063277317
1.58182787472
1.58902351924
1.6048133585
1.61704607505
1.63173416073
1.64557163164
1.66975517253
1.68781425567
1.70737152436
1.71939012242
1.73260371357
1.73975388415
1.7517376775
1.76943142271
1.78976915797
1.80895621954
1.83088913775
1.86071889769
1.87865097357
1.89857323571
1.91330137332
1.93466269308
1.95297938496
1.95227595007
1.97092485881
1.98149886059
1.98655387587
2.01132171576
2.03746574631
2.05752074937
2.09513216196
2.11970182017
2.15738839519
2.18038435309
2.18538800769
2.19653820346
2.2593982396
2.29375809716
2.35010127395
2.38309030165
2.44552536219
2.45500620505
2.50038811532
2.52916085047
2.5472414667
2.60991080186
2.6193955447
2.65534641523
2.6811862144
2.71986152065
2.65437442865
2.70434894248
2.66758640455
2.44646615263
2.10429334117
1.67797138176
1.04570520606