0.254887144217
0.288570159211
0.299689468374
0.307058448559
0.312651981264
0.317222388718
0.321016041278
0.324229222763
0.327047102866
0.329626305624
0.331980344339
0.334137370927
0.336085290262
0.337962641226
0.339768635386
0.341419062346
0.342962734021
0.344490955134
0.345943386081
0.347298658317
0.348608747096
0.349861883369
0.351097251554
0.352322028154
0.353489134446
0.354646344407
0.355731562958
0.356782048855
0.357711048518
0.358716461973
0.359733441683
0.360655329731
0.361645978951
0.362525522352
0.363443885071
0.364382703671
0.365263149327
0.366150315842
0.366986714679
0.367845761479
0.36869007677
0.369453416367
0.370239781999
0.371039393131
0.371792950967
0.372517859206
0.373287061091
0.374055330616
0.374794139923
0.375591035164
0.376351629511
0.377057395096
0.377767488459
0.378481032282
0.379178947551
0.379853292746
0.38049907033
0.381152274761
0.381871151284
0.382503771665
0.383144294965
0.383791874815
0.384431723406
0.385090643291
0.385756215316
0.386367069704
0.387008133627
0.387581411395
0.388199819377
0.388863752833
0.389462561224
0.390025400254
0.39061283193
0.3911815209
0.391726311318
0.392280181579
0.392869126699
0.393446607592
0.394052389237
0.39463540222
0.395161628803
0.395705129688
0.39630894737
0.39686283513
0.397396001392
0.397957863166
0.398519931897
0.399090145872
0.3995683753
0.400055896315
0.400578025019
0.401112853314
0.401581793421
0.402092121275
0.402630842648
0.4031353456
0.403633051676
0.404124716326
0.404638104903
0.405128866323
0.405693765852
0.406230275372
0.406705343089
0.407220223007
0.407725382201
0.40821990567
0.408644928873
0.409128256404
0.409626582008
0.410139806547
0.410616555029
0.411104586731
0.411600928312
0.412050567998
0.412522506259
0.412960381005
0.413446205285
0.413943536849
0.414447665001
0.414910035953
0.415400099994
0.41584108167
0.416316894617
0.416792402458
0.417246948357
0.417704399682
0.41814241212
0.418566729194
0.41901073065
0.419471941867
0.419895267577
0.420312437259
0.420750898749
0.421168312021
0.421579613873
0.422021969
0.422463360979
0.422898334796
0.423335621426
0.423738045987
0.424150254292
0.424591105929
0.425005960398
0.425461287814
0.425856391333
0.426279229766
0.426682467501
0.427099065455
0.427530980971
0.42797661184
0.428372885584
0.428801402541
0.429211435756
0.429646272138
0.43006817052
0.430417129392
0.430745073725
0.431145231948
0.431528014741
0.431952269318
0.432376608663
0.432795116515
0.433152325735
0.433585834006
0.433964880877
0.434363245046
0.434782299207
0.435169405124
0.43556004827
0.43598945405
0.436397101206
0.43677264744
0.437160147463
0.437549447556
0.437955203776
0.438377508363
0.438755355382
0.439165390028
0.439527478757
0.439896150588
0.440289560194
0.440643125384
0.44103425319
0.441429022818
0.441823977325
0.442213860078
0.442614802163
0.443013947904
0.44339826349
0.443792618321
0.444183466661
0.444574822656
0.444985161956
0.445387264431
0.445774686866
0.446189994752
0.446608657971
0.44698044625
0.447331263269
0.447692287423
0.448042659164
0.448438338944
0.448757523225
0.449137675722
0.449499799403
0.449903760094
0.450310068175
0.450695314973
0.451031534941
0.451411175464
0.451772044547
0.452113225028
0.452528460532
0.452929762201
0.453301221227
0.453715197376
0.454140759365
0.454520398548
0.454860886325
0.455268467248
0.455676265399
0.456037969215
0.45642128209
0.456789827028
0.457186911774
0.457574963298
0.457976818597
0.458375169063
0.458794059655
0.459149511663
0.459563411861
0.45989232263
0.460253762431
0.460607563522
0.461010971311
0.461374299
0.461788184188
0.462162536907
0.462596464808
0.46297338239
0.463314938058
0.463670959364
0.464050471551
0.464465142086
0.464800561991
0.465153504833
0.465543964439
0.465887283176
0.4662716119
0.466686314497
0.46704550577
0.467450039909
0.467785407374
0.468148613032
0.468466853568
0.468747075347
0.469121404352
0.469473893895
0.469811978639
0.470222591163
0.470624403952
0.471002755765
0.471390410779
0.471737585497
0.472085354901
0.472424196418
0.472836707919
0.473253781949
0.473656618667
0.473967988803
0.47435576774
0.47466972325
0.47508712036
0.475490166573
0.475880590108
0.476240746929
0.476583113515
0.476977404467
0.477309400235
0.477655034264
0.478043659925
0.478420370688
0.478775069181
0.479096538137
0.479436164678
0.479757018065
0.480072067502
0.480465496093
0.480859889283
0.48125532937
0.481662489362
0.482010770992
0.482448772102
0.482819405085
0.483146508593
0.483582446299
0.483964310273
0.484396676781
0.484779557569
0.485161492816
0.48551524971
0.485886523388
0.486232732462
0.486547364876
0.486920368097
0.487336843533
0.48774853143
0.488138347305
0.488508338665
0.488888546723
0.489242775446
0.48961208619
0.490009247857
0.490403640638
0.490805312046
0.491212698284
0.491547055996
0.491908780029
0.492324276311
0.492734043297
0.493147921156
0.49355097034
0.494022876653
0.494426693877
0.494902757436
0.495242640807
0.495661262195
0.495998271574
0.496428465419
0.496795766567
0.497213039736
0.497630744559
0.497984523137
0.498385920907
0.498768596892
0.499189881191
0.499578994574
0.500098808956
0.500527177064
0.500910812822
0.501344392081
0.501767078727
0.502089924888
0.502446470087
0.502895172695
0.503369796358
0.503776025917
0.504212145181
0.504623649774
0.505093324029
0.505559176042
0.50587654522
0.506304926283
0.506730430605
0.507109650038
0.507602192984
0.508053917057
0.508514712958
0.508960224027
0.509375441581
0.509861089797
0.510179563564
0.510622276256
0.511076901933
0.511513440186
0.511897701418
0.512351174733
0.512808351399
0.513244450692
0.513668506834
0.51396528725
0.514322285725
0.514698110258
0.515095744946
0.515535455601
0.515952247942
0.516406919223
0.516679985839
0.517020861236
0.517470213825
0.517878454225
0.518265785975
0.518725588231
0.519104565346
0.519450944513
0.519863931607
0.520327115798
0.520774456201
0.521252978655
0.521720993224
0.522224547915
0.522706437787
0.52317089603
0.523601708916
0.524043996697
0.524645510732
0.525104822745
0.525582616484
0.526052791992
0.526614358454
0.527068456949
0.527646634639
0.528140066106
0.528667902129
0.529128718703
0.52954482193
0.530043664738
0.530406919661
0.53090242425
0.531336636519
0.53181067031
0.532281098622
0.532776873466
0.53320809947
0.533674079754
0.534113437928
0.534603457933
0.535051310114
0.535526766004
0.536053840867
0.536591599226
0.537013623059
0.5375136579
0.537956863669
0.538393853355
0.538864155002
0.539385824979
0.539874373691
0.540277128044
0.540695561778
0.54114097567
0.541683427909
0.542135866263
0.542675953688
0.543198198058
0.54370214397
0.544203102542
0.544615156449
0.54513796796
0.545650684309
0.546113608085
0.546618716524
0.547145655821
0.547673964624
0.548252745222
0.548659041687
0.549159711732
0.549703590974
0.550178638839
0.550672066121
0.551194879316
0.551796376654
0.552333352266
0.552823708446
0.553396915895
0.553993377568
0.554425758409
0.554978553395
0.555425062248
0.555992440997
0.556535972217
0.557024719175
0.557405921051
0.557964173457
0.558505674884
0.558935645146
0.559466245058
0.559935048618
0.560456135395
0.561012623206
0.561534739781
0.561857250573
0.562238998479
0.562707517609
0.563200660352
0.563726189713
0.564223974122
0.564849804495
0.565374710252
0.565946883029
0.566553427458
0.567169951622
0.567694741687
0.568247853889
0.568668292583
0.569174676322
0.569560932352
0.570138072201
0.570742962501
0.571403269504
0.571947719194
0.572552800696
0.57313681276
0.573780868422
0.574305719032
0.575009857173
0.57557229161
0.576188761379
0.576722157859
0.57722464477
0.577824546398
0.578439468713
0.57896471506
0.579534025571
0.580189287826
0.580901188217
0.581505606519
0.582112611426
0.582629486403
0.583135329447
0.583749739245
0.584399847313
0.58505933186
0.585693158528
0.586359152812
0.586934817889
0.587383360348
0.588077752183
0.588764006311
0.589304940871
0.590019694017
0.59061649479
0.591194059017
0.591900171839
0.592502822358
0.593248613235
0.593915369417
0.594541637627
0.595171144172
0.595867710021
0.596457934093
0.597132472556
0.597884931743
0.598538145242
0.599162214989
0.599941949377
0.60054999054
0.601119258524
0.601833591561
0.602526145016
0.603188704465
0.603852798926
0.604425173249
0.605114417497
0.605488618853
0.606220571309
0.606901769025
0.607690210203
0.608431201304
0.60896176645
0.609517512514
0.610163035237
0.610820457301
0.611576177992
0.612303065092
0.612937549078
0.613608961792
0.614301161429
0.61508833304
0.615713575788
0.616365295388
0.617105670231
0.617795421442
0.61860689021
0.61939312768
0.62009858872
0.620845780264
0.621584669745
0.62232571538
0.62302237656
0.623733661308
0.624414289967
0.625117054819
0.625943836815
0.626467520843
0.627317034765
0.62807489336
0.628956078711
0.62970058234
0.630551083627
0.631404509797
0.632120931916
0.6329058271
0.633735605882
0.634459988092
0.635375999833
0.636172878434
0.636851177494
0.637587321707
0.638255480962
0.638862702047
0.639747351908
0.640590116957
0.641313597919
0.641913528827
0.64287419288
0.643581810255
0.644248076964
0.645108272518
0.645847729725
0.646601000199
0.64735667345
0.648087349113
0.648750908556
0.649613371889
0.650389341323
0.651273509707
0.651913563578
0.652796240125
0.653622253653
0.654609992545
0.655487604353
0.65626799167
0.657364521136
0.658161061732
0.658964420157
0.659879626339
0.660790050725
0.661497579463
0.662280886714
0.663032846423
0.663733611232
0.664573643345
0.665395445301
0.66610578293
0.667157087269
0.667987468958
0.668792786436
0.669849893704
0.670775133194
0.671514414746
0.672410430178
0.673501461017
0.674301126664
0.675083443819
0.675961566325
0.676700430182
0.677711630102
0.678722557594
0.679760169749
0.680617537332
0.681630813443
0.682678262092
0.683707192992
0.68469027039
0.685622690736
0.686623288708
0.687385605815
0.688374120393
0.68953880481
0.690586632828
0.691537246621
0.692570814545
0.693435357529
0.694436858844
0.6956174346
0.696580492782
0.697627897993
0.698802441037
0.699829362452
0.700840444946
0.701800714123
0.702669427554
0.703784840084
0.70503888586
0.706227121641
0.70743839902
0.708450737461
0.709583807114
0.710632495387
0.71154560132
0.712541969822
0.71350616539
0.71460289837
0.71559574133
0.716522317827
0.717593122407
0.718904261659
0.71983798959
0.720977813378
0.721969016513
0.722980010209
0.723973218857
0.725440044949
0.726655216858
0.727693612554
0.728476170667
0.729436338393
0.730589473311
0.731778880242
0.732790778759
0.734056687784
0.735192334528
0.736387709342
0.737521842259
0.738676581882
0.739980938967
0.741144621295
0.742357971712
0.743603509683
0.744782834142
0.746181953615
0.747358957738
0.748493979532
0.749472310934
0.750319757275
0.751467819848
0.752789186083
0.754083854941
0.755418663668
0.756595093398
0.757737505222
0.759105708859
0.760385311549
0.761643242213
0.762980395623
0.764420454474
0.765474996639
0.766688085273
0.768096383594
0.769528448665
0.770852476138
0.772096458409
0.773301908162
0.774487641505
0.775898853482
0.777300409818
0.778645217422
0.78045230328
0.781595401084
0.782959760003
0.784456924402
0.78591786899
0.787310446666
0.788998718614
0.790189605127
0.791192702827
0.792535462986
0.794186150246
0.795651437533
0.797097597833
0.798698807451
0.800115983493
0.801411691649
0.803103656429
0.804484415778
0.805800590968
0.807415724516
0.808870479234
0.810518212327
0.812201792419
0.81367952131
0.815226243723
0.816859228804
0.818552646705
0.8198597255
0.82127127971
0.822940132398
0.824640114516
0.826091108674
0.827798142189
0.829467813818
0.831309620191
0.83315426975
0.834950467452
0.83703215485
0.838846170201
0.840193940507
0.841989141482
0.844024946324
0.845732568572
0.847600518601
0.849448374055
0.851274217222
0.852317241814
0.853551713453
0.855405456366
0.857188392559
0.858697693002
0.860179308991
0.861527292069
0.863220222893
0.86522856262
0.86725207197
0.869234376109
0.871037190604
0.873407498812
0.875120240396
0.876654721239
0.878259978279
0.880220923612
0.882609375387
0.885021458491
0.887013039908
0.888637073858
0.890792679904
0.892913473812
0.895229466642
0.897407704193
0.899897872643
0.901811443744
0.904034684475
0.905944448652
0.908315750178
0.909955010547
0.911797257325
0.914041794357
0.916193234292
0.918557926642
0.921420180624
0.923695195916
0.926163641601
0.928174091239
0.930192915734
0.931387131993
0.933779451646
0.936107718512
0.938411428727
0.941044360029
0.943785084048
0.944875571195
0.94734411676
0.949600943719
0.952399425686
0.954936329429
0.956802066963
0.959007754766
0.961671507171
0.964480975695
0.967125372181
0.969763992465
0.972428884511
0.975151881279
0.977355750271
0.98028220388
0.982870388756
0.98559604584
0.988334645785
0.990752204626
0.993596760026
0.996133987296
0.999898072762
1.00389541882
1.00693874679
1.00981231519
1.01290422893
1.01601594735
1.01940645448
1.02266502793
1.02535104239
1.02810719391
1.03143080405
1.0347486215
1.03789523573
1.04171940723
1.0453352732
1.04859016216
1.05191840407
1.05518457255
1.05857732241
1.06289881666
1.06655414408
1.07072262659
1.07538539784
1.07913603223
1.08321902966
1.08679575449
1.09121860183
1.09577096389
1.0978642627
1.10280509896
1.10797196365
1.11198588143
1.11617765982
1.12013547974
1.12352257423
1.12806206481
1.13264760697
1.13658221
1.14111741153
1.1444651654
1.15014151343
1.15611811263
1.16150103125
1.16716266899
1.17048695637
1.1758760405
1.18189235043
1.18572245388
1.19056542697
1.19467292718
1.20044078508
1.20534727916
1.21018590565
1.21573974134
1.21890464829
1.22489909959
1.2304685662
1.23541129358
1.24241265251
1.24920088526
1.25500495986
1.26120197038
1.26796183441
1.27388836397
1.27925438545
1.28596431225
1.29353719852
1.29916791067
1.30715439155
1.31488791921
1.3221487905
1.32885521939
1.33842070854
1.34492042562
1.35192477488
1.36025277178
1.36582733596
1.37551452259
1.38350772716
1.3913273785
1.40064524657
1.40840183034
1.41499764517
1.42341225919
1.43205466122
1.441760242
1.45245180487
1.46120241907
1.47076394285
1.47978926674
1.48990787538
1.50104241173
1.51235906298
1.52407024336
1.53425116967
1.54534645486
1.56002420697
1.57324176604
1.58549754456
1.59785846337
1.61019845027
1.62224623771
1.63339197731
1.64802532903
1.66250304391
1.67481402123
1.68943494796
1.7046655806
1.71916544174
1.73700679483
1.75706828978
1.77411624087
1.79019354267
1.80856814415
1.8275319866
1.84525449328
1.86497734413
1.87988879187
1.90018033821
1.9193214937
1.94617626725
1.96711455134
1.98351088622
2.01009879012
2.03121452573
2.05284019976
2.07208593804
2.1016339171
2.12822022798
2.15328427904
2.17164926982
2.18982964229
2.21669852999
2.23986024853
2.26752198023
2.30498068391
2.33224653372
2.35382651889
2.38442737104
2.41190712535
2.45638409447
2.49705980758
2.53160798678
2.56433398513
2.58848523718
2.62933784197
2.66048158747
2.70947160526
2.7497249373
2.80011887483
2.78372821878
2.85924654256
2.87022370429
2.90076674616
2.83314422705
2.68588661142
2.57656180061
2.18665507584
1.54995187392