0.254887180383
0.296517666147
0.306704135578
0.313183721459
0.318084510543
0.322112346042
0.325577996198
0.328454328365
0.33101651229
0.333430223781
0.335663078851
0.337627654604
0.339583403873
0.341390152983
0.343127032089
0.344746657308
0.346302443984
0.347825217015
0.349250632075
0.350680101336
0.351936246923
0.35314669242
0.354420952484
0.355642433329
0.356811659084
0.358005463384
0.359208289499
0.360262501403
0.361231061703
0.362254789114
0.363370536134
0.364225153922
0.365220160357
0.366148593762
0.367002571089
0.36794707251
0.368914631971
0.369876616401
0.370747350432
0.371585351918
0.372338588092
0.373042147521
0.373789892268
0.374648016041
0.375471383217
0.37618673391
0.376944567721
0.377716690092
0.378411610371
0.379172879046
0.380032003086
0.380721715189
0.381411603866
0.382122129674
0.382830061933
0.383537593794
0.384280881679
0.384895217685
0.385556435805
0.386258823117
0.386923768466
0.387585594278
0.388131198761
0.388813413917
0.389412497926
0.389965796134
0.390573812246
0.391143192079
0.391712380877
0.39235747322
0.392924249099
0.393542787645
0.394146459291
0.394705645014
0.395184066115
0.395752670613
0.396197866284
0.396809695926
0.397357030184
0.397928433777
0.398467473763
0.39900753916
0.399610031022
0.400212581902
0.400721796089
0.401238693804
0.401740202178
0.402331015497
0.402878201759
0.403453892562
0.403980328265
0.404516409642
0.405031875452
0.405588449146
0.406128751122
0.406618696255
0.407130163096
0.407560210948
0.408084074753
0.40855842736
0.409136759196
0.409670956858
0.410022519019
0.410509187774
0.410955898515
0.411403602352
0.411738683293
0.412191287107
0.412711456193
0.413184683583
0.413639186875
0.414196260099
0.414699891703
0.415194321422
0.415661918119
0.416109580075
0.416588141187
0.417069979106
0.417580139373
0.418072692047
0.418590573597
0.419022694236
0.419476750872
0.419880719851
0.42036460339
0.420811117797
0.421308410393
0.421723428089
0.422223716354
0.422718946609
0.423071236332
0.423490949311
0.423886990164
0.424349359487
0.424721284926
0.425146754111
0.425617785394
0.426104119039
0.426634898432
0.427063681372
0.42750273466
0.42794935806
0.428436997044
0.428842277967
0.429295315494
0.429785475253
0.430256472023
0.430694670859
0.431229836542
0.431747564371
0.432058357682
0.432559321039
0.432985738415
0.433549979752
0.434036399824
0.434452052924
0.43487230724
0.435330198
0.435782019131
0.436300408487
0.436783370846
0.437263725749
0.437623639345
0.438096114889
0.438548366291
0.43904726947
0.439547519336
0.439937002942
0.440381417288
0.440786424261
0.441115921243
0.441413628734
0.441821467501
0.442275887667
0.442750688612
0.443206973949
0.443660505798
0.444177083866
0.444517967384
0.444950517489
0.445372452451
0.445801382855
0.446208294165
0.446725364456
0.447172477454
0.447637649114
0.448070301941
0.448437982544
0.448921211134
0.449449446132
0.449911136465
0.450480087058
0.450975080376
0.451398776282
0.451817953743
0.452269111275
0.452708110397
0.453167833378
0.453542231889
0.453882150197
0.454348541059
0.454812627314
0.455176550221
0.455591408729
0.455952699337
0.456474795346
0.456964628184
0.457444827054
0.457577096646
0.458027535057
0.458449905034
0.458895108031
0.459386722214
0.459894311421
0.460319529542
0.460751159911
0.461243872447
0.461724477349
0.462112917368
0.462649570358
0.463123197631
0.46358965172
0.464133687112
0.464583939304
0.465036811067
0.465359487787
0.465732770692
0.46620267008
0.466678087959
0.467125226122
0.467693907265
0.468144619939
0.468468691797
0.4689745596
0.469446251883
0.469840414839
0.47032586145
0.470804314553
0.471271616477
0.471784606115
0.471933091112
0.472307540636
0.472751811806
0.473232733164
0.473533126349
0.473987808984
0.474458407712
0.474842891558
0.475335985392
0.475884416885
0.476346003516
0.476859721034
0.477155738662
0.477524543471
0.477814861832
0.478061424772
0.47859095934
0.479114695807
0.479598816196
0.480069084073
0.480522766098
0.480971245635
0.481489663816
0.481943474874
0.482326514486
0.482594468243
0.483084750848
0.48355586247
0.484059952792
0.484470994281
0.484953368427
0.485192864512
0.485669840432
0.486210714735
0.48663300919
0.48701657606
0.48733827056
0.487730388286
0.488081357592
0.488430242429
0.48889935957
0.489336312146
0.489833310516
0.490181039867
0.490654149569
0.491153962034
0.491581554296
0.492049830288
0.492565268019
0.492990851776
0.49344918746
0.493814294079
0.494350681593
0.494665796933
0.495019468576
0.495496058625
0.495915732686
0.496456263249
0.496935758262
0.497310654072
0.497628128046
0.498164492781
0.498486606036
0.498739772001
0.499368929633
0.499792491068
0.500344556263
0.500748025734
0.501281506296
0.501707654064
0.502084689742
0.502557870116
0.503035185711
0.503494121342
0.503891273485
0.504466043545
0.504793154164
0.505138085437
0.505464834241
0.505939298136
0.506585683428
0.507216927045
0.507745351737
0.508309363799
0.508990773628
0.509386498868
0.509905421252
0.510306371458
0.510996345453
0.511460651496
0.51193107195
0.512481279165
0.51290366041
0.513531058162
0.514213764278
0.514815789596
0.515277258767
0.516002564727
0.516528899275
0.517039077839
0.517815937429
0.518390477544
0.518813335507
0.519330866103
0.520107446856
0.520799534269
0.521208295678
0.521843087945
0.522474837728
0.523191458619
0.523984340397
0.524633590659
0.525379801893
0.526046537877
0.526664471062
0.527395708839
0.52791180953
0.5285385075
0.529219294089
0.529843926874
0.530592924174
0.530815148847
0.531459945426
0.532017003494
0.53272158826
0.533292856636
0.533961862537
0.53453631302
0.535139392775
0.535744671913
0.536128939048
0.536711096669
0.537264570447
0.537884102083
0.538540590779
0.539180007604
0.539653126983
0.54018053845
0.540406532992
0.541016299556
0.541596338602
0.542225003004
0.54286755633
0.543541048593
0.544011531464
0.544620260347
0.545348406886
0.545968736159
0.546487904968
0.547301543869
0.547996828508
0.548606113244
0.549243561098
0.549768561361
0.550403480047
0.551264208904
0.55196344425
0.552600402466
0.553126954433
0.553747887979
0.554345849138
0.555125420133
0.555647472809
0.556288935063
0.556913012061
0.557255858116
0.557615471449
0.558062007477
0.558721991415
0.559024522095
0.559687531
0.560316413246
0.560906440649
0.561481595394
0.562071236263
0.562585414172
0.563137475388
0.563816614585
0.564335349127
0.565071893803
0.565765514581
0.566190014849
0.566750843487
0.567267333583
0.56781547461
0.568430410385
0.568911888036
0.569481335503
0.570108227394
0.570221649152
0.570725582795
0.571213305703
0.571861699523
0.572557647823
0.573096084977
0.573495736795
0.574043902865
0.574467598237
0.575164041547
0.575693671496
0.57623879043
0.576850785411
0.577374623799
0.578111947047
0.578707663676
0.579192427626
0.57966614851
0.580265925701
0.580842914252
0.581381092393
0.582081251591
0.582831721424
0.583458452598
0.584078144389
0.584739851539
0.585552712644
0.585925080041
0.58670543664
0.587347806528
0.588077298307
0.588760341612
0.589112137105
0.589464727381
0.590260369097
0.590724205007
0.591079439168
0.59162204766
0.591962155832
0.592426393236
0.593151310274
0.593846346526
0.594194321782
0.594613488985
0.595105551014
0.595590333811
0.595952811843
0.596495374725
0.597053484936
0.597637633651
0.59824661417
0.599060327919
0.599561952443
0.60002476213
0.600540136599
0.60088975797
0.60141808279
0.601565444517
0.602178356888
0.602874935279
0.603617669747
0.604262534165
0.604800465018
0.605521231278
0.606246608429
0.606755914127
0.607604890582
0.608112906821
0.608735714077
0.609320790986
0.60956628333
0.610136611296
0.610834631155
0.611536151601
0.612078297526
0.612943342546
0.613278853417
0.613841767354
0.614383872436
0.614726064383
0.614911767956
0.615556769985
0.616158252267
0.616702952746
0.617397992364
0.618026393792
0.618731379906
0.619311531494
0.619967743873
0.620553118337
0.621322403919
0.622072799421
0.622571861933
0.62322736978
0.62393786493
0.624333755772
0.625013190355
0.625769734602
0.626608078851
0.62733268794
0.627960504541
0.628630916145
0.629416248544
0.630318882359
0.631198427738
0.631347176583
0.632189248524
0.632945003952
0.633816209885
0.634771606155
0.635206530104
0.63577439409
0.636041316142
0.636938731436
0.637685842256
0.637517650567
0.638445684984
0.638852940265
0.639927893093
0.640957790091
0.640947840974
0.641919091706
0.642419383192
0.643274344779
0.64410831621
0.644778037706
0.645491497562
0.645963793246
0.646670444409
0.647552577088
0.648301154866
0.64922246218
0.650154232459
0.650841630583
0.651775917653
0.652519389713
0.653441214345
0.654507650275
0.654914776533
0.6558403353
0.656799244165
0.657473063397
0.657771260347
0.6585231471
0.659240149046
0.65977567808
0.660645655199
0.661445601751
0.662257946053
0.662670544595
0.663752259945
0.664758119814
0.665499498121
0.666637673096
0.667542673146
0.668107172074
0.669252685347
0.670337302606
0.671069192545
0.671902597378
0.672859394364
0.673392624783
0.674301634851
0.675003646995
0.675602207476
0.676218493226
0.677495254742
0.677843482881
0.678488397867
0.67925668023
0.67987607154
0.68029985093
0.681000200782
0.681375250972
0.682285829679
0.683235034459
0.684409064015
0.685668246186
0.6866208342
0.687728029035
0.688661780138
0.689757855598
0.690704000669
0.691285457187
0.692778262154
0.693823519356
0.694844632779
0.695655577689
0.696904116724
0.697534277374
0.698346425111
0.699076319046
0.699297339975
0.700416343514
0.701468032853
0.70223649773
0.703411809816
0.703824229729
0.703940815056
0.705467776637
0.706416795708
0.706919709307
0.708087325549
0.709180069791
0.710458947717
0.711010533977
0.711770470943
0.7126125053
0.713787523743
0.714972268947
0.716288435642
0.717722356686
0.718849031736
0.719733415759
0.720938811746
0.721963040841
0.723131533644
0.723977512053
0.724865073285
0.72598921215
0.727554072165
0.728620527701
0.729757526867
0.731224240455
0.731968832484
0.733361439335
0.734693379665
0.735713455563
0.73657844722
0.737879337913
0.738920849011
0.740198399874
0.741351541574
0.742413666673
0.743514344439
0.7451069298
0.746433019047
0.748139288203
0.749042907077
0.750013187751
0.751399924268
0.752417847301
0.753184256329
0.754318804476
0.755777196461
0.757098548156
0.75801127019
0.759365660101
0.760697915829
0.761448235252
0.762474350608
0.76402477571
0.765552582455
0.767203644511
0.768691858061
0.769842764086
0.770891916391
0.77176286231
0.773055310473
0.773685801818
0.775040568581
0.775532338969
0.777208806602
0.779043237436
0.779882680977
0.780265885457
0.781634617939
0.783507255792
0.784735055243
0.786057838566
0.7874168258
0.788723850254
0.790190550678
0.791621057035
0.792645595773
0.793881289104
0.795373246625
0.796370843992
0.797922192279
0.7986033621
0.799931234773
0.801018908598
0.801657934222
0.802919984319
0.804749255515
0.805536196719
0.80696420038
0.808954212898
0.810229868741
0.810699684931
0.812159818774
0.81377898207
0.815335117075
0.816906934572
0.817832194059
0.819403022303
0.820465512942
0.821730154501
0.823331219917
0.82511216907
0.826721802058
0.828130906065
0.83019386992
0.831414994746
0.832643927884
0.834535351938
0.83592356579
0.836828644827
0.839329481003
0.841059780381
0.842956534016
0.844400828077
0.846502736993
0.84797108397
0.849654242856
0.8512436018
0.853189822992
0.854463313725
0.85627958308
0.857816850302
0.859572667186
0.862355064984
0.865062378366
0.866524688635
0.868633109116
0.870386690423
0.869988187821
0.871360974766
0.872971254256
0.875255733119
0.876853446294
0.878449300573
0.880201974067
0.881805101383
0.883732065814
0.886128740646
0.888612361705
0.890796600566
0.891078517509
0.892638672186
0.895057629383
0.896396420652
0.8991981274
0.900961409216
0.902389583047
0.90353427671
0.905820608501
0.90810044248
0.910580707857
0.911758214517
0.91313981073
0.914093575259
0.915325175512
0.917258285012
0.919948982977
0.922106265264
0.924547022837
0.92706349562
0.929977661232
0.931511345347
0.933160737465
0.934584080623
0.936498039072
0.939011792206
0.941864580064
0.943771054252
0.946899110363
0.949116972959
0.951116319716
0.953013281448
0.956142774683
0.958347295774
0.961170083216
0.962932767445
0.965199409951
0.967003209017
0.968502212618
0.971083919695
0.97398068832
0.975588041931
0.978496696122
0.979065823173
0.982910862241
0.984724165603
0.987500322953
0.990265998625
0.993018379473
0.994788075528
0.997695041883
1.00014944832
1.00352075979
1.00165285924
1.00389773263
1.00551599396
1.00786390312
1.01119926646
1.01361163206
1.01709378426
1.02004917193
1.02237273652
1.0239794671
1.02590299951
1.02911082921
1.03161460204
1.03516556056
1.03916065068
1.04183007811
1.04458007838
1.04769700823
1.05044206557
1.05472276982
1.05883167496
1.06370762062
1.06954488506
1.07260230427
1.0752973094
1.07992345614
1.08333264903
1.08688463966
1.09097930996
1.09500968587
1.09738940863
1.10083719961
1.10513941198
1.10597671202
1.11210019719
1.11795593888
1.12121919567
1.12377663697
1.12732025888
1.13005834146
1.13440932018
1.13922258556
1.14377785933
1.14963371349
1.15513854883
1.16017403109
1.16388798038
1.16823242332
1.17277585604
1.17745516966
1.18476934765
1.19152089436
1.19581225707
1.20194609664
1.20540805302
1.21005619572
1.21611269568
1.22128665191
1.22332217435
1.22767898371
1.22931226156
1.23549685409
1.24224560087
1.24829485326
1.25697138225
1.25356898255
1.26112718123
1.26687074658
1.26853933067
1.27222162226
1.27660784319
1.28245056843
1.28682746681
1.29314508725
1.29944708079
1.30452206108
1.31213832708
1.31914092826
1.32523464847
1.33363744622
1.3412841059
1.34660844341
1.3529856451
1.36112992004
1.36724234356
1.37145678766
1.37807766695
1.38557409401
1.39185957542
1.39772960168
1.40792802424
1.41059949897
1.41849727658
1.42752217841
1.43187648355
1.43895369485
1.44927531335
1.45666028891
1.46142845981
1.47004794183
1.47863022155
1.4860062341
1.49423030289
1.50582172003
1.51712554046
1.52377844256
1.53246776176
1.54521126743
1.55773386551
1.56890757451
1.57671823829
1.58480312701
1.5986476253
1.60897883745
1.62247122125
1.64026151728
1.64927499307
1.65830327943
1.67721889452
1.69236880987
1.70695980035
1.71891645037
1.72881751196
1.73885222348
1.75234062007
1.76886762425
1.78237125894
1.79118588582
1.80184896828
1.82172844506
1.84821383278
1.87784211197
1.89290148211
1.91354468134
1.93426596598
1.94663249273
1.95887011884
1.97897832424
1.98717841917
2.01202151667
2.03228126018
2.05547199428
2.08327003954
2.09977870588
2.13308359494
2.1434102451
2.16504133504
2.19317670956
2.22457486245
2.25463683769
2.2703731697
2.26496730594
2.28017062101
2.31863386059
2.34034586145
2.36753945963
2.40295601749
2.43573267635
2.4499343394
2.46621125165
2.50374289458
2.56461407614
2.58516354525
2.63730545458
2.68991757189
2.68051518119
2.6780442592
2.75062895457
2.78754290661
2.88021929356
2.89209259535
2.88681790674
3.0769923092
3.07367502232
3.11375711475
2.95593709999
2.94454032145
3.03927948393
2.63166387143
2.0605955591