0.254887135176
0.28505734892
0.296319676864
0.303940932387
0.309776668697
0.314407025974
0.318293223413
0.32154763486
0.324389027184
0.326961025516
0.32926942326
0.331452009464
0.333397411199
0.335255898373
0.337056418921
0.33878742503
0.34035024502
0.3419182356
0.343427201637
0.344736756125
0.346034693945
0.347373619173
0.348607752089
0.349936547613
0.351049521835
0.352157357311
0.353217526716
0.35426984156
0.355166449517
0.356106754602
0.356953576143
0.357888354576
0.358950302308
0.359901497981
0.36084262615
0.361779491544
0.362662375079
0.363547955244
0.364364192755
0.365253024457
0.366186414053
0.366919039157
0.367721107035
0.368482038268
0.369230193494
0.369970057343
0.37080741603
0.371537179901
0.372266241379
0.373044329879
0.373713209721
0.374406373975
0.375151969769
0.375849127604
0.376516185245
0.377173445144
0.377814493357
0.378462697034
0.379238203211
0.379868470085
0.380499037418
0.381147968439
0.381809684145
0.382410882077
0.383133213334
0.383753559552
0.384369290401
0.384945499286
0.385516799918
0.386135320324
0.38675204085
0.387089175016
0.387608868282
0.388213748654
0.388773618014
0.389309968684
0.389909453231
0.390476407971
0.390959743943
0.391503593841
0.391979817889
0.392483912826
0.393082297273
0.393626248768
0.394129320745
0.394651952946
0.395172082177
0.395697219646
0.396119546165
0.396696790684
0.397207838702
0.397686995326
0.398152602882
0.398588295117
0.399078131723
0.39962308476
0.400143386771
0.400609143384
0.401093242221
0.401519660612
0.402051731194
0.402602897416
0.403140839418
0.403672414484
0.404241314173
0.404763251131
0.405254704701
0.405772708272
0.40629222424
0.406777330207
0.407233823913
0.407640529177
0.408139730634
0.408526956591
0.409006755964
0.409520913094
0.409983825428
0.410544603431
0.411084937636
0.411518148585
0.412033919222
0.412574961797
0.413061827353
0.413590123811
0.414031055189
0.414487847486
0.414980267658
0.415343901129
0.415832013484
0.416260632745
0.416687970843
0.417120483346
0.417636900658
0.418128955855
0.418455334337
0.418893159439
0.419319690018
0.419768804156
0.420211651593
0.420603599919
0.420955735114
0.421409979868
0.421881449733
0.422374133875
0.422769630546
0.423227709922
0.423671534859
0.424167436495
0.424564683832
0.425079573296
0.425544249622
0.425978925942
0.426463113584
0.426891282856
0.427365914078
0.427605735684
0.427889318878
0.428318130608
0.428693002374
0.42912257868
0.429541957667
0.429982202189
0.430303476642
0.43066005257
0.431043067749
0.431396536673
0.43178688613
0.432116620643
0.432462943933
0.432916217386
0.433399817361
0.433759526687
0.434125584869
0.434433262441
0.434824452984
0.435269757696
0.435624614163
0.435999823209
0.436382646837
0.436736566208
0.437133766525
0.437469343945
0.437827587656
0.438195976368
0.438539117195
0.438874921721
0.439263708934
0.439618630512
0.439879674787
0.440220147236
0.440570243305
0.440831557799
0.441189470954
0.441558581106
0.441884739008
0.442246399338
0.44260774836
0.442886740391
0.443214352187
0.443530315968
0.443893059636
0.44419525394
0.444492689476
0.444851338516
0.445142514058
0.445575104526
0.445960370397
0.446267432124
0.446593557003
0.446935447976
0.447300904226
0.447595258234
0.447996463973
0.448289288612
0.448574805133
0.448942108835
0.449375719778
0.449768817359
0.450016725429
0.45037692778
0.450747144151
0.451168008436
0.451494793055
0.451864907833
0.452208488699
0.452508188675
0.452899286618
0.453184176925
0.453542378218
0.45387784606
0.454193913894
0.454498515991
0.454791607445
0.45503596099
0.455438800949
0.455750841384
0.456139973189
0.456528868101
0.457003495542
0.457327447473
0.457711235443
0.45804487125
0.458314822036
0.458758192887
0.45915900999
0.459659857109
0.46002621862
0.460370804948
0.460672998732
0.461027865057
0.461392491653
0.461805013893
0.462175363043
0.462430655297
0.462787626233
0.462965728575
0.46335678848
0.463702120953
0.464019635688
0.464381715071
0.464773844189
0.465045325266
0.465408441679
0.465615660076
0.465995651072
0.466348667756
0.466772671935
0.467127657483
0.467455401118
0.467729528703
0.468082851781
0.46848152205
0.468912387064
0.469297897275
0.46969592349
0.470005671795
0.47033998134
0.470743996295
0.471074369846
0.471412445657
0.471842879509
0.472272019311
0.472709068969
0.472907904379
0.473279162026
0.473534159214
0.4735091518
0.473830943338
0.474131419064
0.474598567029
0.474964354101
0.475375399961
0.475716944463
0.476119783635
0.476422748119
0.476864321516
0.477240764064
0.477690149572
0.478090054169
0.478451954519
0.478728425266
0.479132588729
0.479462100137
0.479777362761
0.480158127723
0.480572960881
0.480885511248
0.481231461945
0.481498367509
0.481915310763
0.482225385018
0.48260109983
0.482971759904
0.483342048559
0.483704075505
0.484136685023
0.484313389472
0.484645574794
0.48508555873
0.485465235909
0.485872796572
0.48611295173
0.486565803028
0.486795033875
0.487230132265
0.487639115196
0.488150211947
0.488517679333
0.488908581074
0.489370821429
0.489856105447
0.490179775998
0.490635175669
0.491109907257
0.491408345061
0.491864051674
0.492245890871
0.492736947212
0.492966631988
0.493392557867
0.493842877741
0.494192126178
0.494489435093
0.494753986784
0.495104859959
0.495460924611
0.495811185614
0.496267227884
0.496551510694
0.496932912272
0.497363927576
0.497523890166
0.497821491493
0.498213823914
0.498491392176
0.498829225986
0.499194741432
0.499547707317
0.499964680883
0.500286038538
0.500654892313
0.501116223573
0.501464905727
0.501980463537
0.502369506247
0.502827391048
0.503199874498
0.503568733404
0.503978295393
0.50442380093
0.504787852212
0.505197067808
0.505424169142
0.505634287642
0.506040217709
0.506459716647
0.506946088528
0.507227395821
0.507604007045
0.507973980532
0.508376904137
0.508718668203
0.508964706166
0.509109116829
0.509555961897
0.509791808517
0.510176321617
0.510481869214
0.510978745138
0.511356188509
0.511651629456
0.5121347231
0.512555260025
0.512901325599
0.51336318106
0.513815565909
0.514178850711
0.514629742562
0.515112862337
0.515583365268
0.515885124796
0.516328526822
0.51667537757
0.517127715578
0.517542338352
0.517970640045
0.518543830554
0.518959407325
0.519358051126
0.519792160673
0.520272460765
0.520640068123
0.521074709198
0.5214057513
0.521794011432
0.522090434627
0.522570718625
0.523081751419
0.523499229992
0.523943506388
0.524240458525
0.524470898332
0.52504166411
0.525568139039
0.52591867195
0.526286007954
0.526808918568
0.527323567762
0.527607318616
0.527976507471
0.528477503846
0.528995704477
0.529191301214
0.529622956069
0.530185811845
0.530691621627
0.530977433339
0.531581855086
0.532044961276
0.532368972182
0.53288756283
0.53326524316
0.533732223976
0.534092208779
0.534711800898
0.534989092595
0.53543508817
0.535908947192
0.536288705413
0.536682889785
0.537158340686
0.537641268887
0.538127149735
0.538689855937
0.539134317417
0.539647185488
0.5400465719
0.540449628234
0.540995127476
0.541529498398
0.542090726966
0.542490568457
0.542783334324
0.543426116008
0.544019304787
0.544305710816
0.54477969541
0.545216041798
0.545754594901
0.546221966088
0.546619187643
0.546898279167
0.547132650368
0.547495482544
0.547744951314
0.548329579995
0.548830683444
0.549413377197
0.549904375131
0.550280767869
0.550713031923
0.551299658406
0.551880683324
0.552346347284
0.552716788379
0.553209878066
0.553691156508
0.554151168137
0.554679734899
0.555413894337
0.555860439502
0.556463490473
0.556990552054
0.5577002917
0.558244178139
0.558807296808
0.559194530118
0.559829604061
0.560173509685
0.560627188504
0.561188838275
0.561809860316
0.562113266507
0.562604177267
0.562879408976
0.563554768646
0.564237514394
0.564782706514
0.565335450681
0.565934545725
0.566624472423
0.567167901581
0.56775833867
0.568431902227
0.569179196609
0.569838284305
0.570471952901
0.571161719118
0.571871151911
0.572186937335
0.572747289708
0.573049416785
0.573737612874
0.574316228271
0.575047146494
0.575771405657
0.57648839647
0.577028666535
0.577411848947
0.578007229382
0.578571317444
0.579218141429
0.579926504275
0.580183661071
0.580908311199
0.581421098542
0.58205454192
0.58250505744
0.583072353461
0.583607545773
0.584157972237
0.584904630294
0.58522749657
0.585697355988
0.586410235826
0.587151144605
0.587831560712
0.588507360576
0.589012815596
0.589812807321
0.590197349675
0.590655368823
0.591284924947
0.591932626394
0.592648012339
0.593340605742
0.594106520344
0.594658839442
0.595406467985
0.59619160415
0.596547498
0.596905218555
0.597610409244
0.598422007451
0.599129599133
0.599802848206
0.600398008265
0.601284624882
0.601990275769
0.602695250623
0.603042191558
0.603826650842
0.604550620999
0.605417463651
0.605818303881
0.606667548526
0.607568943425
0.608620789435
0.609286451134
0.610131921671
0.610969996522
0.61192873496
0.612731640288
0.613536499569
0.614355208161
0.615027668918
0.615596900738
0.61644248672
0.617031732857
0.617820094984
0.618277248653
0.619166468868
0.619803206418
0.620630271924
0.621276180855
0.621922723689
0.622915215787
0.623598355102
0.624518901142
0.625229005333
0.626215096162
0.627107932095
0.628006368031
0.627789086512
0.628586167249
0.62918830502
0.629769934168
0.630094308384
0.630719834291
0.631685098484
0.632645648772
0.633262481893
0.634243671481
0.635173912009
0.635788178005
0.636614377004
0.637263994618
0.638092851517
0.638719655083
0.638930567732
0.639535513562
0.640346794033
0.641062115554
0.642068983725
0.643053562023
0.644016396035
0.644912682895
0.645720607421
0.646686124022
0.647643364504
0.648244588385
0.649060316037
0.650174474605
0.651135733088
0.651773390035
0.652564583313
0.653459297252
0.654375138286
0.65562894564
0.656557082373
0.657566001688
0.658161253413
0.659224334564
0.659810646146
0.660509390033
0.661437286918
0.662609281929
0.663631162419
0.664514198589
0.665480566664
0.666135311937
0.667246241046
0.668370821881
0.669261743397
0.67026071363
0.671217963876
0.672031225594
0.673023113003
0.674219317146
0.674699795741
0.675912672691
0.676512447935
0.676987862569
0.678400445458
0.679403730318
0.680274895837
0.681083796194
0.682239632516
0.683384455216
0.684292705839
0.68480901435
0.686234405767
0.687093838765
0.688497963621
0.689422883826
0.690354107176
0.690935977209
0.692194955344
0.693186744581
0.69420545402
0.694873864833
0.696203176478
0.697422272393
0.698775486732
0.699872284294
0.700705097312
0.701309708778
0.702677372438
0.703692472538
0.70451792859
0.705854357336
0.706741351684
0.707873512927
0.709274960548
0.710406819529
0.711247010327
0.712203869817
0.713322349885
0.714437117932
0.715573225836
0.716606885283
0.717810641441
0.718926193956
0.720393146778
0.721290197919
0.721903204542
0.722739171008
0.723823600864
0.725028849014
0.726360806017
0.727348803206
0.728492788172
0.729478446939
0.730830346578
0.731912637452
0.732951419621
0.733532646723
0.734164843231
0.735233118172
0.736079407358
0.736701419706
0.737729104361
0.738662905133
0.740245246128
0.741240392361
0.74243706891
0.743634697879
0.744540304221
0.746252305385
0.7474625218
0.748968783151
0.750275424322
0.751686432099
0.75315031754
0.754214828605
0.754693013102
0.755205632352
0.756527364291
0.757556961886
0.759076707605
0.760121710623
0.7615349311
0.762314169532
0.763853957146
0.765627511393
0.765955947921
0.767571407634
0.768847780782
0.769630863537
0.77090905046
0.772200506062
0.77387530424
0.775117620283
0.776097282779
0.777002968504
0.778567129853
0.779643151542
0.78134162442
0.783268482477
0.784030007717
0.785604407886
0.786468823865
0.788010285592
0.789643596368
0.791268146095
0.792832430068
0.794171293424
0.795132342459
0.796981574963
0.798866688119
0.800326905004
0.801432221459
0.803117225834
0.805418215334
0.806505045435
0.80636103223
0.807245991707
0.809082583133
0.810649253378
0.811647855796
0.810960076519
0.812811089544
0.814740894367
0.816642640212
0.818310046273
0.819551835159
0.820946846818
0.822460468065
0.823120783083
0.824508791031
0.825942022594
0.828965729657
0.831212978626
0.832763597159
0.834353796104
0.835437555118
0.836565059131
0.838026075735
0.839863687449
0.842297401806
0.844212008071
0.84543664691
0.84646996388
0.848636994519
0.850873630302
0.85184805853
0.853798067936
0.855652595508
0.857786592571
0.860457829888
0.862477471935
0.864864030733
0.866932893766
0.868224273689
0.870689737505
0.872602367182
0.874732115353
0.876384925502
0.879039049526
0.881259652439
0.882970637494
0.885095883104
0.886329774734
0.888912790775
0.890201639062
0.891676043387
0.894088281984
0.896469544375
0.899575121932
0.901809286697
0.903605038241
0.906327427325
0.908552448666
0.911112259108
0.914179846705
0.916487186188
0.919948411914
0.922149808929
0.923880947914
0.926402718305
0.929179475573
0.932124395905
0.934935620556
0.936635631335
0.939476160308
0.940961912484
0.943348425556
0.946924435603
0.951467315604
0.953630307339
0.955888995966
0.959607056408
0.962463045251
0.965476317559
0.9698905741
0.971972012186
0.975749312403
0.978787824813
0.980614644838
0.984234809458
0.988078121743
0.991827129626
0.994894137295
0.998723409112
1.00128390411
1.00554404423
1.00839444961
1.01306103531
1.01620621349
1.01755640218
1.02188168851
1.02587833343
1.02876078971
1.03323789212
1.03724006145
1.03970596523
1.04230163345
1.04471098068
1.04965820272
1.05294659532
1.0561995909
1.06034273906
1.06511137512
1.06975705453
1.07348591614
1.0773404569
1.08072586356
1.08460532103
1.08764007707
1.09143129959
1.09449563896
1.09705281594
1.10286222147
1.10675122635
1.11381917962
1.11666953976
1.12151286536
1.12588432778
1.12987592094
1.13557187668
1.14286423405
1.14934716368
1.15461199767
1.15861615782
1.16286995154
1.16701135389
1.17452735694
1.18040892617
1.18755165704
1.19430059573
1.19851269262
1.20674059534
1.2133769608
1.22270169868
1.22912575672
1.22801648383
1.23461646273
1.23677222293
1.246799867
1.24912587058
1.26040268165
1.26670893527
1.2735369493
1.27890766701
1.28961879231
1.29767770884
1.30472277467
1.31012792675
1.31596164377
1.322423428
1.33249860554
1.34045720568
1.34669125217
1.36228499847
1.37433160561
1.38676733924
1.40059122416
1.41219382313
1.42312621528
1.43567480763
1.44799655093
1.45902894233
1.47180095791
1.4842201151
1.49659506787
1.51168579562
1.52441490432
1.5322198053
1.54379070508
1.54805060684
1.5609699925
1.57724697407
1.59333880802
1.60340635729
1.61886784671
1.63502780831
1.64359995838
1.66248875413
1.67752768769
1.69173909836
1.71087855956
1.73838931473
1.75663644139
1.75599691662
1.77846620232
1.79704271162
1.81744326302
1.84939496482
1.86843202652
1.90435110648
1.91965347272
1.95438677126
1.98303747194
2.01733740984
2.04227886566
2.05938578574
2.09077138089
2.13278590592
2.16248345251
2.20276502326
2.2178499839
2.23938693593
2.29325302509
2.35703307865
2.39615588748
2.44191425522
2.5183097079
2.52623289603
2.58403661179
2.62683641571
2.70807449748
2.69185698282
2.77962080184
2.78203449805
2.8193129485
2.67511300979
2.50722872193
2.08325347088
1.66174032137
1.0829144117