1.00000014172
0.759571551401
0.709865964197
0.680720096471
0.660411643637
0.644741774277
0.631816776874
0.62137539364
0.611813160222
0.603575355688
0.595880190736
0.588944529877
0.582489790255
0.576607699076
0.571148991483
0.565842383113
0.561051346119
0.556470087719
0.551943284598
0.547767305264
0.543916356977
0.540135665564
0.536454460436
0.532986718581
0.529624238034
0.526303139246
0.523441278787
0.520149940854
0.517227247791
0.514577929435
0.511550435649
0.508831781588
0.506228096543
0.503599681644
0.501190186174
0.498716208853
0.496193657565
0.494089139995
0.4918549147
0.489681947165
0.487356100954
0.485258456724
0.482938633543
0.481013637699
0.479149580748
0.477294133186
0.475280279933
0.473529066222
0.471584371527
0.469860226021
0.467985185897
0.466205380507
0.464517833767
0.462859162141
0.461127966147
0.459511349444
0.457820543181
0.456169630635
0.454480843859
0.452931791381
0.451472304903
0.449852889262
0.448233898775
0.446918646153
0.445574518416
0.444240452682
0.442712516239
0.441162507162
0.439733206694
0.438388653802
0.436902205407
0.435469893424
0.434242151886
0.433014835503
0.431722682972
0.430431841337
0.429162328314
0.42766712881
0.426203178204
0.424911521688
0.423779581758
0.42250705722
0.421330440578
0.420223832804
0.419081476575
0.417935719105
0.416733416012
0.415670882646
0.414497844393
0.413437330514
0.412339367559
0.411338977692
0.41009433624
0.408958003041
0.407751094101
0.406716231244
0.405616000796
0.404508542712
0.403486540795
0.40228788695
0.401382802676
0.400387585529
0.399334724441
0.398455007753
0.397514600179
0.396499046448
0.395623120726
0.394758922198
0.393835449968
0.392941526015
0.392034032529
0.391006964182
0.390015892296
0.389029815983
0.388099009828
0.387099611989
0.386170471025
0.385174616145
0.384090860456
0.383293871857
0.382400266771
0.381563349026
0.380766891871
0.379840656133
0.378965474433
0.378067015492
0.377206005627
0.376369938192
0.375589388923
0.374770823705
0.374025633166
0.373212807541
0.372470203362
0.371718352059
0.370878599947
0.370025845176
0.369342868995
0.368508325032
0.367685508264
0.366910627729
0.366039166135
0.365239591177
0.364450007362
0.363710379268
0.362820104563
0.362084444582
0.361270272634
0.36055041425
0.35982935126
0.359021485778
0.358329900206
0.357670378412
0.357042778677
0.356346303822
0.355624992826
0.354911618057
0.354258154722
0.353519412368
0.352801502611
0.352037853256
0.351332556433
0.350590377409
0.349845895461
0.349145098196
0.348374894367
0.347703751667
0.347014185582
0.346294539776
0.345727808075
0.344913813274
0.344238596172
0.343591333016
0.342832750091
0.342138755308
0.341544707393
0.340863290113
0.340170322788
0.339545415702
0.338946053349
0.338263892048
0.337562067325
0.336929046863
0.33620656669
0.335495459415
0.334807381372
0.334207877301
0.333585627435
0.332982438687
0.332242633444
0.331612624498
0.330980206339
0.330185130939
0.329549630406
0.328882951835
0.328246671851
0.32763685777
0.327011879825
0.326345838986
0.325690249876
0.32494906288
0.324207025574
0.323565714589
0.322896945672
0.322258965068
0.321582118205
0.320950408638
0.320348105629
0.319678450973
0.319079655494
0.318486528749
0.317873242568
0.317231116702
0.316591187471
0.315987077554
0.315431931328
0.314845642494
0.314306049857
0.313562453649
0.31287490705
0.312195544687
0.31163100962
0.310991682691
0.310437174198
0.309861159945
0.309244082798
0.308677705393
0.308000291656
0.307457935512
0.306933754747
0.30631582729
0.305711894521
0.305033347037
0.304491805774
0.30389772243
0.303301407022
0.302755543349
0.302171947163
0.301571451064
0.300993381895
0.300305374711
0.299757952136
0.299121991018
0.298537863389
0.298023425761
0.297494993445
0.296855489368
0.29630872224
0.295556233205
0.29492737572
0.294578996575
0.294064558946
0.293401175327
0.29289047552
0.29241238865
0.291912778305
0.291329022686
0.290735931371
0.290085550411
0.289551644223
0.289016019701
0.288465833618
0.288009305652
0.287530209039
0.286934743941
0.286404859012
0.285832068851
0.285259632986
0.284663902167
0.284120181983
0.283625000337
0.28318576201
0.282664504186
0.282084539534
0.281543954869
0.281052139033
0.280419402008
0.279852900599
0.279379844731
0.278843901342
0.278287426507
0.277757027849
0.277244290841
0.2767851588
0.27631612419
0.275810260522
0.275347124938
0.274814866227
0.274386221348
0.273850844833
0.273386150347
0.272960038683
0.272476956241
0.272020906575
0.271546256375
0.271048506083
0.27055086208
0.270017664484
0.269587496133
0.269057168334
0.268522429551
0.267951216007
0.267461508232
0.266976300014
0.266539222893
0.265936087289
0.265411906524
0.264936671736
0.264394138444
0.263863102053
0.263430701638
0.26298772549
0.262474474753
0.261985351566
0.261368823578
0.260846361147
0.260343562139
0.259885050117
0.259386927814
0.25881054155
0.258414846188
0.257977627348
0.257539877065
0.257002587352
0.256497857431
0.255974987561
0.255388025564
0.255008928965
0.254487316845
0.254052826084
0.253519504485
0.253039061547
0.25256106325
0.252000460868
0.251485775233
0.250986129458
0.250492683861
0.25000908769
0.249552400291
0.249098866126
0.248568963482
0.248156545354
0.247717732183
0.247247988981
0.24679971611
0.246401930402
0.245915482149
0.245531425407
0.245149955026
0.244689228654
0.244225632485
0.24380313464
0.243297625268
0.242832594201
0.242419892637
0.241953143235
0.241371123666
0.240856739183
0.240445844527
0.239949157123
0.239509830223
0.239056809787
0.238659094938
0.238159413734
0.237712664335
0.237373762604
0.23684688919
0.236458598612
0.23604146835
0.235538084753
0.234985206021
0.234491848998
0.234007615094
0.233417836445
0.232987862957
0.232505595395
0.232035480182
0.231663876941
0.231254116032
0.230812202772
0.2304036819
0.229934009557
0.229352432858
0.228878172383
0.228452804741
0.227920935755
0.227492645172
0.227026444928
0.226428552904
0.225992485526
0.225571954023
0.225172166543
0.22465386709
0.224197073403
0.223693459514
0.223230465648
0.222807613507
0.222275903954
0.221801590335
0.221366142975
0.220921289059
0.220517533466
0.220128357148
0.219726497038
0.219320828247
0.218833015955
0.218332750162
0.218017285104
0.217579322243
0.217167984718
0.216671155596
0.216287984594
0.215846000474
0.215395778975
0.214933741709
0.214448267769
0.214048710583
0.213579746831
0.213078683873
0.21269041101
0.212190233791
0.211724405559
0.211286052972
0.210832784529
0.210425999706
0.209993528431
0.209643997824
0.209204121765
0.208717584938
0.208278771767
0.207741960353
0.207303554622
0.206851667933
0.206405821988
0.205931756377
0.205508372791
0.205016326663
0.204597283202
0.204030090917
0.203562863215
0.203071844545
0.202640772739
0.202235475959
0.201822225236
0.201385909851
0.200916361512
0.200523163936
0.200127220567
0.199644953005
0.199160736816
0.198801321354
0.198400382413
0.197862596686
0.19740525384
0.196822950834
0.196346529155
0.195964243892
0.19553285322
0.195081621978
0.194621604198
0.194211010694
0.193836041642
0.193357937057
0.192971205381
0.192566174323
0.192155421386
0.191704066141
0.191264562092
0.190848884443
0.190447821498
0.189982879006
0.189574535281
0.189101089687
0.188721656506
0.188336908887
0.187876040797
0.187440735155
0.187000061931
0.186535225727
0.186140150383
0.185756022782
0.185300256553
0.184915367216
0.184382506201
0.183879742622
0.183465942741
0.183083870056
0.18272735982
0.182321513881
0.181965021359
0.181530140872
0.181106987579
0.180631274492
0.180207961766
0.17977552592
0.179291398305
0.178882044837
0.178501052755
0.178062097865
0.177612018085
0.177198076485
0.176783408579
0.176309325252
0.175846614823
0.175276375593
0.174849714771
0.174386100887
0.173959723502
0.173477154789
0.173058713631
0.172538146684
0.172134887105
0.171779953485
0.171390174865
0.170918394461
0.170509235856
0.17015357593
0.169752070115
0.169248420797
0.168866153249
0.16842199021
0.167896250543
0.167453256681
0.167030121103
0.166631449655
0.166207871207
0.165793894178
0.165475364461
0.165025249251
0.16466439889
0.164213681377
0.16378434562
0.163368278245
0.162961918577
0.16247323826
0.162130651852
0.161762237274
0.16132748079
0.160916656994
0.160456869507
0.160062998769
0.159675080202
0.159203866672
0.158709163325
0.158364681433
0.157943122472
0.157539083442
0.1570530072
0.156596178083
0.156162874213
0.155718197445
0.155258356813
0.154828029028
0.154408843849
0.15402668259
0.15366443276
0.153268932261
0.152854671795
0.152504875466
0.152083971952
0.151618055145
0.1512403403
0.150813307467
0.150375468609
0.14999592914
0.149593945027
0.149177310778
0.148731482548
0.148336779215
0.14782893149
0.147384033287
0.147015087265
0.146593740881
0.146231446764
0.145854059643
0.145429267731
0.1450764156
0.144605636082
0.144280410173
0.143939338379
0.143576468532
0.143173412673
0.142765387814
0.142351517074
0.14193894837
0.141587504565
0.141143013802
0.140720081944
0.140302287377
0.139891073855
0.139408133131
0.13904340323
0.138687265004
0.138321091348
0.137859071796
0.13743943489
0.13708017886
0.136617911301
0.136301445357
0.135884926255
0.135430152054
0.134944607255
0.134562685146
0.134250825049
0.13381349992
0.133412711555
0.13295295064
0.132441435953
0.131979203823
0.131528946895
0.13119302125
0.130781037135
0.130353127419
0.12993527085
0.129487679998
0.129089256558
0.128615182089
0.128201391065
0.127813596501
0.127417387411
0.127011249178
0.126690496254
0.126303029414
0.125902630775
0.12546923833
0.125046049608
0.124665890121
0.124262931694
0.123793108775
0.12341726284
0.123107953673
0.122621868574
0.12223713867
0.121729972964
0.121320079195
0.120889574262
0.120418945321
0.120050601602
0.119552187005
0.119144374724
0.118780371129
0.11837517178
0.117944153119
0.117534480784
0.116975260156
0.116522895167
0.116138909285
0.115733293638
0.115246251939
0.114826871898
0.114411876267
0.114040104736
0.113673815933
0.113300999228
0.112839909703
0.112398155876
0.112054152284
0.111660626985
0.111214843042
0.1107969599
0.110332070552
0.109957482368
0.109535303389
0.10912299155
0.108695816999
0.108298394444
0.107904940004
0.10745242444
0.10704215866
0.106606578438
0.106177712124
0.105756224022
0.105280475505
0.104953894413
0.104561795155
0.104119049299
0.103748570948
0.103338190021
0.103017747106
0.102642742624
0.10221455833
0.10187745465
0.101545567978
0.101174203887
0.100801909768
0.100434248069
0.100023291412
0.0996026447621
0.0991641947443
0.0987318917601
0.0983572415741
0.0979774540978
0.0976395355379
0.0971690128849
0.0967779853715
0.0963803768121
0.0960371172418
0.095631138442
0.0952454607965
0.0948697122933
0.0944637777805
0.0940398273219
0.0936189769522
0.0932324667114
0.0928184985394
0.0924347783787
0.0920313150797
0.0915995701115
0.0912475948624
0.0909195700152
0.0905031394867
0.0901214830996
0.0896562217405
0.0893394369303
0.0890054067678
0.0886277982112
0.0882389230454
0.0878815890709
0.0874764251517
0.087176132815
0.0867322089257
0.0862941929203
0.0859324125325
0.0854994186713
0.0850975851334
0.0846659995984
0.0841928551558
0.0837729259554
0.0834013138567
0.0830303660628
0.082673359812
0.0822321728584
0.0818488778528
0.0814252108309
0.0810881071515
0.0805950512801
0.0802521460056
0.0798885675661
0.0795010121525
0.0791243336226
0.0787272387922
0.0783739615056
0.0779370083879
0.0775166363177
0.0771090277568
0.0766004005811
0.0761809142506
0.0757676546703
0.0753356705524
0.0749250859061
0.0745567156148
0.0741063169681
0.0737205286052
0.0733093239411
0.0729206834963
0.0725195585502
0.0721346382122
0.0717151253095
0.0713148551022
0.0709322642597
0.0705611924622
0.0701012012544
0.0697224235213
0.0693166971574
0.0689467679641
0.0685511124607
0.0682124321647
0.0678405056284
0.0674439510992
0.0670889421915
0.0667602663256
0.0663089819393
0.065972303415
0.0654882200869
0.065051284684
0.0646236982638
0.0641713288462
0.0638035874301
0.0634061028742
0.0630446590674
0.0626359256171
0.0622259875608
0.0618086890074
0.0613926747766
0.0610178828723
0.0605647251465
0.0602083344848
0.0599073556999
0.0595037108243
0.0591337152005
0.0587045875932
0.0583412615895
0.057942302277
0.0575294147074
0.0571499283826
0.0567899239029
0.0563692551099
0.0560545473594
0.0556934977068
0.0552861637252
0.0549272531341
0.0545211813316
0.0541611989954
0.0537735638652
0.053387456636
0.0529865885543
0.0524721686409
0.0521206982633
0.0518223146958
0.0514415529058
0.0510701755281
0.050726632521
0.0503801754303
0.0499734747527
0.0495455163218
0.0492643116761
0.0487647367603
0.0483903212954
0.0479821502898
0.0475408349039
0.0472675310565
0.0468977302955
0.0465530801138
0.0461571987468
0.0458295326242
0.0454403917365
0.0451430001974
0.0447918619723
0.0444467822068
0.044083429631
0.0436974331192
0.0433251788592
0.0429844392183
0.042632025528
0.0422661840236
0.0419236153302
0.0415934779938
0.0411641023793
0.0407452404953
0.0403439029717
0.0399057895349
0.0395708204883
0.0391494165314
0.0388153155097
0.0384516396389
0.0381368211709
0.0378029902998
0.0375037032778
0.0371469450341
0.0368261500374
0.0364359374046
0.0360894028116
0.0356723168358
0.0353109837465
0.0350460589968
0.0347662272476
0.0343925469467
0.0340794113842
0.0336712868799
0.0332993182709
0.0329098806604
0.0325493225933
0.0321457662917
0.0317730403753
0.0313913707021
0.0310537400076
0.0307061646705
0.0304750308911
0.0301468687542
0.0297635936777
0.029366078121
0.0290630820639
0.0287559584597
0.028469992963
0.0281974065647
0.0278820322951
0.0275690694518
0.0272688258308
0.0268868727209
0.0265989364533
0.0262352030094
0.0258707144724
0.0255069788141
0.0252520252793
0.0249513255024
0.0246397776283
0.0243546535844
0.0240645848984
0.0237872465066
0.023469660102
0.0231786613894
0.0229417127287
0.0226594230518
0.0223441152126
0.0220459818666
0.0217670247854
0.0214564312959
0.0211840331173
0.0208570623004
0.0205623412666
0.0202593119942
0.020004754828
0.0197200980117
0.0194672348226
0.0191916324807
0.0188706559073
0.0185763024555
0.0182537138358
0.0179420685303
0.0176080726902
0.017316594571
0.0170339904565
0.0167849824496
0.0165324082331
0.0162469996453
0.0160110496561
0.0157298350459
0.0155096456878
0.0152398349764
0.0149868167829
0.0146841163414
0.0143725618243
0.0141373159982
0.0138884696388
0.0136409696037
0.0133769770951
0.0130824055298
0.0128074054909
0.0125787595329
0.0123223567064
0.0120924386048
0.0119197503606
0.0116508431038
0.011373092843
0.0111593538844
0.0108459426354
0.0105643017629
0.0103815293721
0.0101741588821
0.00996999919858
0.00974996373782
0.00951069665342
0.00930347784637
0.00905897659383
0.00883531790403
0.00861269386894
0.00841891948364
0.00823221772999
0.00804690381976
0.00785302203852
0.00761839014078
0.00737716003574
0.00712756135112
0.00689010947955
0.00668943130674
0.00650893748134
0.00631466984973
0.00616454693209
0.00596847848092
0.00579522225619
0.00556139361366
0.0053503628043
0.005173524316
0.00499338644725
0.00484144665601
0.00465428099618
0.00448882979913
0.00428434903498
0.00408065547201
0.0039111893829
0.00375812442542
0.00357635596521
0.00344753315023
0.00333333168364
0.00320309860496
0.00300019611827
0.00282629025882
0.00268498543366
0.00249781949703
0.00235994774366
0.00219426182558
0.00206465222462
0.00193083037771
0.00175661174142
0.00164192754669
0.00149377830625
0.00136922420312
0.00125358825339
0.00115757475993
0.00103105445303
0.000897753047401
0.000800163421635
0.000705286512153
0.000614432106563
0.000534067765568
0.000437137531503
0.000367638621908
0.000288660359775
0.000212205244865
0.00015198437232
0.000105229208682