0.254887117051
0.292416963059
0.302496530417
0.308914617763
0.313636064314
0.317430821836
0.320666706575
0.32335431894
0.32587585868
0.328096110461
0.330211640157
0.332153852137
0.333992523801
0.33569039851
0.337293769629
0.338874695655
0.340261028473
0.341661499266
0.343062448066
0.344370224162
0.345491012338
0.346700445775
0.347890342122
0.34899804508
0.350106400467
0.351211546505
0.352118841573
0.353233431629
0.354232106007
0.35514472652
0.356196304276
0.35714861247
0.357866564431
0.358801237218
0.359664526754
0.360557434943
0.361474756402
0.362245441378
0.36306904466
0.363875479176
0.364690431761
0.365479554404
0.366358252868
0.367092230734
0.367807193931
0.368523019605
0.36926227151
0.369945993983
0.370709725295
0.371390811868
0.372135784089
0.372847081739
0.373525289084
0.374195511295
0.374898900651
0.37555933032
0.376237482445
0.376919283396
0.377620575086
0.378267294103
0.378824746419
0.379464956317
0.380151277021
0.380711587372
0.381286766201
0.381860224687
0.382520209514
0.383193237264
0.383779684196
0.384275985439
0.3849150943
0.385498089743
0.385988309714
0.386536286917
0.387115741906
0.387697218846
0.388271651183
0.388951488372
0.389620589055
0.390213818756
0.390735928013
0.391325391871
0.391872809259
0.392389757193
0.392925556715
0.393465162161
0.394033795517
0.394538381718
0.395055737596
0.395563404269
0.396091065223
0.396573677344
0.397090399447
0.397643136197
0.39823273751
0.398740384554
0.399224018235
0.399722555639
0.400180411915
0.400777736319
0.401230542919
0.401730218258
0.402107320137
0.402510664183
0.402987772564
0.403445435526
0.403826356059
0.404223594455
0.404698512986
0.405159833632
0.405629774415
0.406139504615
0.406656606759
0.407173067564
0.407662390158
0.408183880244
0.408675991035
0.409205417413
0.409783918952
0.410150003216
0.410630281994
0.411040743532
0.411471610091
0.411974392269
0.412451158507
0.412942331217
0.413414681455
0.413817458833
0.414203470051
0.41465685202
0.415070890867
0.415523926002
0.415939121917
0.416305953536
0.416778341272
0.417259692762
0.417646414974
0.418120422368
0.418525073942
0.418968061925
0.419430368561
0.419890555391
0.420346481544
0.420774911889
0.421292345926
0.421721360199
0.422197691498
0.42262019173
0.423044673097
0.423521776662
0.423931493382
0.424323324233
0.424616578165
0.425032564454
0.425464676039
0.425884852968
0.426278640376
0.426725136358
0.427160388074
0.427624835563
0.428003747367
0.428457906325
0.428914930048
0.429346475478
0.429822266627
0.430238155281
0.430666720211
0.431115348136
0.431469637755
0.431819202888
0.432243799965
0.432592495865
0.43302894415
0.433469257709
0.433655301064
0.43408988685
0.434533181465
0.434934104372
0.435319682933
0.435701915776
0.436132060267
0.436542853403
0.437013122004
0.437477475109
0.437814723525
0.438139516904
0.438549257783
0.438947546453
0.439366597899
0.439785088638
0.440140568017
0.440671862711
0.44109791064
0.441546191486
0.441929456215
0.442341858053
0.442765715066
0.443218764514
0.443666065395
0.444173403401
0.44468307077
0.445121220312
0.445522909719
0.445872812677
0.446298017137
0.446738453158
0.447159603123
0.447556105593
0.447977242058
0.448395565842
0.448829342427
0.449232926882
0.449688224753
0.450001549352
0.450398685457
0.450737219098
0.451125252823
0.451525614175
0.452023121859
0.452516326163
0.452927398442
0.453333122218
0.453739185217
0.454162154299
0.454563526368
0.454981779527
0.455407108859
0.45572061133
0.456110912487
0.456572307152
0.457024607865
0.457489781148
0.457897823963
0.458346714633
0.458752971706
0.459167777437
0.459612503283
0.459998705307
0.460441750992
0.460970727887
0.46139292062
0.461884857169
0.462273135668
0.462601699261
0.463013813872
0.463514027308
0.463881273826
0.464403294687
0.464899894771
0.465097612729
0.46550570085
0.466033532563
0.46644110435
0.466823619515
0.467216794321
0.467686333717
0.468164834853
0.468691248803
0.469124718542
0.469470043423
0.469919155046
0.470190379815
0.470583363906
0.470961745217
0.471260103902
0.471653736081
0.472064595319
0.472560098832
0.472792141463
0.47314759031
0.473256090089
0.473627706539
0.474116134343
0.47457276081
0.474898976653
0.475436434271
0.475685239372
0.476038613218
0.476450833854
0.476882497009
0.477339297257
0.477632709698
0.477963990328
0.478326919173
0.478674666221
0.479078573277
0.479544028676
0.479919862477
0.48027909872
0.480688648525
0.481065116305
0.481422058984
0.481756616044
0.482179074526
0.482576850628
0.483022156525
0.483426423219
0.483813433862
0.484291836885
0.484775658689
0.485165265428
0.485610927321
0.486053707727
0.486453604355
0.487007057694
0.487489597275
0.487928321083
0.488291108061
0.48864973745
0.488929532022
0.489185187306
0.489587441387
0.490046044157
0.490625941943
0.491118977693
0.491594863692
0.492030041278
0.49236252645
0.492842797481
0.493221479642
0.493640916679
0.494061937358
0.494506924894
0.494931545448
0.495438797015
0.495914789708
0.49628474557
0.496740270716
0.497147721868
0.497555893593
0.498029929566
0.49843654348
0.498922401176
0.499434755192
0.499933650363
0.500080598065
0.500440355387
0.500680737847
0.501089017249
0.501548528828
0.501966832471
0.502328161416
0.502807080039
0.50326538853
0.503566265802
0.50394093704
0.504265591746
0.504659399824
0.505043928451
0.505525036529
0.505887521022
0.506407195767
0.506893880025
0.507254253073
0.507652489073
0.508236993591
0.508763254077
0.509199608741
0.509636622746
0.509839879267
0.510241977826
0.510668748843
0.511044208515
0.511468965919
0.511781313476
0.512227700179
0.512646343962
0.512992172223
0.513542399032
0.51414877161
0.514625892427
0.515160368924
0.515630755128
0.516108383114
0.516562332104
0.517037982677
0.517454297414
0.517914528776
0.518412251543
0.518695796964
0.51922759561
0.519888372982
0.520356140596
0.520782110902
0.52113731607
0.521629808977
0.521961161456
0.522241305003
0.522664440226
0.523078449137
0.523439963812
0.524046113821
0.524582082274
0.52502660039
0.525573220421
0.526002715991
0.526572970919
0.526947595822
0.527379473217
0.527698375203
0.528159903074
0.528466488163
0.528843873126
0.529334952568
0.529810098509
0.530419487007
0.530661070359
0.531111458906
0.5314564849
0.531899492955
0.532213449011
0.532533135943
0.532934978599
0.533510120275
0.53397232558
0.534455592598
0.534748069162
0.535131272962
0.535455700661
0.536089344286
0.536621721424
0.537178219798
0.537655845587
0.53809836296
0.538654762515
0.539099994655
0.539448529507
0.539771640267
0.540248984305
0.540681456587
0.541174419973
0.541566114361
0.541793218843
0.542419430598
0.542744186697
0.543267640262
0.543737778897
0.544496637125
0.544877155929
0.545538654069
0.546052617929
0.546602139644
0.546808346515
0.54740322573
0.548045589084
0.548572654255
0.549032190324
0.549630251794
0.550257623387
0.550635223829
0.551050474002
0.551649728196
0.552037007405
0.552857012525
0.553336177661
0.553783342533
0.554313579962
0.554776410867
0.555434916873
0.555866220489
0.556301080257
0.556991842136
0.55755247539
0.55814145527
0.558406197725
0.558983154615
0.55956342539
0.560078555602
0.560540648279
0.560855759361
0.561345549828
0.561650772574
0.561933612433
0.562153082455
0.56284564645
0.563502152751
0.56399526526
0.564569628806
0.565171509696
0.565758561507
0.566384719432
0.566819142072
0.567641814052
0.568149949484
0.568793619457
0.569302179081
0.569860158002
0.570497353955
0.57079771226
0.571484580544
0.571808986099
0.572425285009
0.573096599252
0.573715156661
0.57449329304
0.574930937948
0.575305354599
0.576017784833
0.576584215616
0.577164742285
0.577756729327
0.578537124154
0.579059378673
0.579922662915
0.58050940343
0.581284699509
0.582000474078
0.582658862505
0.583263630849
0.584044145504
0.584650509748
0.585206599087
0.58574396469
0.586267876139
0.586810395955
0.587151792454
0.587849577436
0.588728407051
0.589246824258
0.58995444486
0.590882518912
0.591445454867
0.592096651514
0.592575930546
0.593254677799
0.593999025356
0.594495247501
0.595310014912
0.595947559453
0.596578081144
0.597246221253
0.597860071792
0.598609252763
0.599375293532
0.599917471749
0.600392054695
0.601205134698
0.60197649891
0.602608281599
0.603212122218
0.603233314504
0.604116147529
0.604947267647
0.60531861552
0.606026486448
0.606535590253
0.607478951815
0.608272094038
0.608864230007
0.609498766145
0.60981277793
0.610316321454
0.610956085766
0.61142844624
0.611980273717
0.612580327199
0.613320118366
0.61376421815
0.614324803027
0.615273612106
0.615803764457
0.616481604279
0.617303329683
0.618009751523
0.61866619469
0.619190336908
0.619629859779
0.620337128453
0.621264046184
0.622206735209
0.622975859437
0.623875991842
0.62432439929
0.625136539729
0.625669848098
0.626083622276
0.626796479925
0.627485133692
0.628037977699
0.628296645554
0.628971103875
0.62978004252
0.63035311475
0.631173326745
0.631809187905
0.632633964268
0.633144798555
0.633991231742
0.634928250919
0.635865024074
0.636515757528
0.637331063873
0.637710332678
0.638713282738
0.63969385921
0.640323625959
0.641317389964
0.642066268898
0.642724452184
0.64365479873
0.644620307274
0.645137077815
0.645890843939
0.646739884892
0.647716964477
0.648780595337
0.649934855213
0.650998886961
0.651994783076
0.652708549397
0.653391859211
0.654334011158
0.655172547415
0.656017164897
0.656928374397
0.657974748008
0.659042935999
0.659632626121
0.660017736698
0.660846470234
0.661583623642
0.662066543605
0.662721299054
0.663619554998
0.664542078939
0.665561515171
0.666439924107
0.667581626747
0.667731556017
0.668381761553
0.669384162448
0.670085971742
0.671396933398
0.672227200284
0.673291124487
0.674472771018
0.675321117189
0.676514204649
0.677544196698
0.678342725738
0.679232589218
0.68019743965
0.681247014207
0.682685770012
0.683800970495
0.68440342066
0.685561863918
0.686670558515
0.687377163696
0.68854053745
0.689570630489
0.69056616384
0.691578759248
0.692838932163
0.693296318
0.693934637283
0.694352672648
0.69540385284
0.696152126329
0.697177160038
0.698020139748
0.699374122944
0.700111114221
0.701184777411
0.702151386705
0.702027443103
0.703515316626
0.704438438561
0.705011001715
0.705222784125
0.706301522079
0.707467334866
0.70794776415
0.708855539756
0.709991118049
0.711021266397
0.712041256258
0.712460804154
0.713584796701
0.714073246395
0.71448919047
0.715372434623
0.716356976021
0.717130830991
0.718048754115
0.719259178472
0.720505549522
0.721902988739
0.723199989709
0.724115476842
0.725339081118
0.726266375717
0.727902301738
0.728745113635
0.729701144942
0.73077001353
0.73165704675
0.732790514717
0.733670505029
0.735258052024
0.736738661644
0.737730888136
0.738478222362
0.739644528433
0.74103497925
0.74267102096
0.74429500668
0.745285671176
0.746419982319
0.747795726765
0.749111539052
0.750545408513
0.751122546937
0.751712548519
0.752606709167
0.753937729625
0.755332923993
0.756627787994
0.757554626233
0.758854947155
0.759764989785
0.760508221139
0.762221417537
0.763627734889
0.765357231268
0.766361306549
0.767579349064
0.768772404697
0.769730496859
0.771235579667
0.772389104555
0.77331615516
0.774731114803
0.775929986631
0.777559981176
0.779234337216
0.77981527842
0.77988498328
0.781057190178
0.78283360661
0.784451721041
0.7860938186
0.787669506976
0.789291524794
0.791182722068
0.79255942717
0.79335636421
0.795067120938
0.796933709626
0.798063961135
0.799681199928
0.801154680902
0.802506371616
0.803603850986
0.805384653081
0.806089971173
0.807943936336
0.81007431737
0.812086736087
0.813359436918
0.815138070569
0.816516718316
0.817861686614
0.81938939772
0.820681959319
0.822421722101
0.823993908431
0.825701638975
0.827042237564
0.828151726143
0.829766444765
0.831491752255
0.834027613472
0.836108273884
0.838158488125
0.840386196844
0.842443617061
0.843915760643
0.845872196809
0.846014509726
0.848090495618
0.850792104339
0.853482516398
0.855601350427
0.8581076814
0.85830737446
0.860103335353
0.862129120724
0.863473447147
0.866046292759
0.868253052572
0.87011666389
0.873105882417
0.874445166305
0.876874247483
0.879810503656
0.880950883146
0.883187517347
0.885322499803
0.888070756987
0.890968720119
0.893356290949
0.895757082391
0.898188992214
0.900655737844
0.904321311586
0.90668796507
0.908189401847
0.91087091057
0.913601912737
0.915572450064
0.917918321437
0.92092339866
0.923196181404
0.924869323911
0.929053489467
0.931327853754
0.934243816746
0.937375467196
0.939253404251
0.942439204548
0.945964153532
0.949242645322
0.950934699512
0.954657323796
0.95651466453
0.958299546578
0.960026321048
0.962754298768
0.966251043921
0.969072870917
0.971669860773
0.974326312176
0.97764848921
0.980139154721
0.983556974835
0.986785393175
0.989825519885
0.992181771931
0.993822806998
0.996898763112
1.00135541198
1.00338654677
1.00512790583
1.00800970351
1.01044840592
1.01384673344
1.01746688218
1.01932096064
1.02246960179
1.02556073257
1.03008836705
1.02878976625
1.03116458126
1.03358712167
1.03674660397
1.04038523662
1.04567509903
1.05001121013
1.055056566
1.05894279979
1.06248945496
1.06761629696
1.07246546879
1.07551250364
1.07936078549
1.08219171516
1.08671934402
1.09121388947
1.09612564015
1.10028472778
1.10386540547
1.10706512155
1.10975382522
1.11434838739
1.11887187066
1.12290449453
1.12888916964
1.13123902466
1.13564746866
1.13882861755
1.14472163918
1.14878716732
1.15197139177
1.15641393804
1.16119122555
1.16440778728
1.16910195681
1.17509642819
1.17785430392
1.18083117737
1.1850818068
1.19073213044
1.19686656009
1.20114407089
1.20710087494
1.21004434718
1.21661973603
1.22311266647
1.22321252144
1.22815222185
1.2336363816
1.23862969122
1.24416742713
1.25265179952
1.25935621001
1.26802947958
1.27392012842
1.28351859414
1.29025039404
1.29672511735
1.30306093642
1.31162770549
1.3150394364
1.31733708649
1.32436815475
1.33073262234
1.33896140831
1.3464903924
1.35580212536
1.36545719125
1.37237501951
1.38171035806
1.38832552941
1.39822886455
1.41124114102
1.42080641397
1.43113902416
1.43908051888
1.44739248717
1.4524402198
1.46407307171
1.47470969252
1.48098516505
1.49526182199
1.5116782141
1.51408407902
1.52479883108
1.5266852906
1.54061363403
1.55620534316
1.5670872344
1.57796398088
1.59036570412
1.59896138437
1.61427422167
1.62363728425
1.63333640751
1.64443047248
1.66039817082
1.68036971612
1.70026017288
1.71884869012
1.73234490762
1.74517282204
1.75798270312
1.7654200228
1.77577451668
1.78562348865
1.81517647427
1.8341675904
1.85595082466
1.87199652976
1.88592511088
1.89969150418
1.9164633325
1.94852127716
1.97573574394
1.98881975353
2.00598760711
2.04462970549
2.02336562176
2.03614868606
2.04076240433
2.08340182858
2.120153814
2.14843938771
2.19019022959
2.21800827133
2.25543844402
2.28910178115
2.30938581849
2.32640652335
2.31749216646
2.38048552261
2.4260916021
2.46073474966
2.48192476421
2.53930398083
2.61118654892
2.59961113
2.61483823922
2.63576918929
2.5902985974
2.62481762044
2.55510410822
2.45214716278
2.16763951415
1.78589139815
1.03044781486