1.0
0.999377076988
0.999377076988
0.999377076988
0.999377076988
0.999377076988
0.999377076988
0.999377076988
0.999377076988
0.999377076988
0.999377076988
0.999377076988
0.999377076988
0.999350100007
0.999350100007
0.999350100007
0.998997053431
0.998997053431
0.998997053431
0.998997053431
0.998428724151
0.998428724151
0.998428724151
0.998289040969
0.998289040969
0.998289040969
0.997986642876
0.997986642876
0.997986642876
0.997986642876
0.997986642876
0.997986642876
0.996867791255
0.996867791255
0.996867791255
0.996867791255
0.996867791255
0.996867791255
0.996867791255
0.996867791255
0.996572324006
0.996572324006
0.996572324006
0.996572324006
0.996572324006
0.996572324006
0.99634392601
0.99634392601
0.99634392601
0.99634392601
0.99634392601
0.99634392601
0.99634392601
0.99634392601
0.99634392601
0.99634392601
0.996257663648
0.996257663648
0.996257663648
0.996257663648
0.995969660386
0.995746380553
0.995746380553
0.995746380553
0.995746380553
0.995746380553
0.995746380553
0.995746380553
0.995553276552
0.995071849403
0.994991238346
0.994728506011
0.994442315431
0.994442315431
0.994442315431
0.994442315431
0.994442315431
0.994442315431
0.994442315431
0.994442315431
0.994442315431
0.994442315431
0.994442315431
0.994442315431
0.994442315431
0.994442315431
0.994442315431
0.994442315431
0.994231724375
0.994231724375
0.994231724375
0.994231724375
0.993801585479
0.993801585479
0.993801585479
0.993801585479
0.99351272919
0.993269829734
0.99302543748
0.99302543748
0.99302543748
0.99302543748
0.99226986876
0.992065995292
0.992065995292
0.991774473293
0.991448190442
0.991224590723
0.991224590723
0.991224590723
0.991224590723
0.991107299502
0.991107299502
0.991107299502
0.991107299502
0.991078936352
0.991078936352
0.991078936352
0.991078936352
0.990785601671
0.990785601671
0.99058919219
0.99058919219
0.99058919219
0.99058919219
0.99058919219
0.99058919219
0.990315157246
0.990100834196
0.990100834196
0.990100834196
0.990100834196
0.990100834196
0.989841087456
0.989841087456
0.989841087456
0.989841087456
0.989841087456
0.98953815622
0.98953815622
0.98936147299
0.98936147299
0.98936147299
0.98936147299
0.98936147299
0.98936147299
0.98936147299
0.98936147299
0.98936147299
0.98936147299
0.98936147299
0.98936147299
0.988987207366
0.988987207366
0.988987207366
0.988947968122
0.988947968122
0.988947968122
0.988947968122
0.988947968122
0.98871135974
0.98871135974
0.98871135974
0.98871135974
0.98871135974
0.98871135974
0.98871135974
0.98871135974
0.98871135974
0.987977969723
0.987977969723
0.987707240259
0.987510191008
0.987510191008
0.986639890147
0.986639890147
0.986639890147
0.986639890147
0.986639890147
0.986378863866
0.986270849314
0.986270849314
0.986270849314
0.986270849314
0.985761698786
0.985452689733
0.985452689733
0.985452689733
0.985135790179
0.985135790179
0.98484234887
0.98484234887
0.98484234887
0.98484234887
0.984638795287
0.984638795287
0.984638795287
0.984638795287
0.984638795287
0.984638795287
0.984638795287
0.984622267888
0.984355803559
0.983949869306
0.983750900743
0.983750900743
0.983750900743
0.98343069571
0.98343069571
0.98343069571
0.98343069571
0.983204217025
0.983204217025
0.982691867645
0.982691867645
0.982335728847
0.982335728847
0.981746500403
0.981746500403
0.981746500403
0.981746500403
0.981482701784
0.981482701784
0.981482701784
0.981254517045
0.981254517045
0.980926528139
0.980543518988
0.980543518988
0.980543518988
0.980543518988
0.980353080697
0.980353080697
0.980353080697
0.980158803783
0.980158803783
0.980158803783
0.979850114615
0.979850114615
0.979850114615
0.979850114615
0.979850114615
0.979575973043
0.979273894834
0.979273894834
0.979273894834
0.979014467979
0.978719747129
0.978719747129
0.97839261125
0.97839261125
0.97839261125
0.97839261125
0.97839261125
0.978361049249
0.978361049249
0.978361049249
0.978361049249
0.978361049249
0.977984544429
0.977984544429
0.977560483351
0.977560483351
0.977100061994
0.976527680835
0.976197772618
0.975934827026
0.975934827026
0.975024753779
0.974784306776
0.973720262144
0.97344953268
0.97344953268
0.97344953268
0.973080811732
0.973080811732
0.972128620274
0.971922614238
0.971732815717
0.971545256391
0.971545256391
0.970940353575
0.970672716335
0.970494646935
0.970121980737
0.970121980737
0.970121980737
0.970121980737
0.969674034901
0.969674034901
0.969674034901
0.969389657004
0.969107838188
0.969107838188
0.968922198174
0.968922198174
0.968626091155
0.968626091155
0.968626091155
0.968626091155
0.968114274917
0.968114274917
0.968114274917
0.968114274917
0.968114274917
0.968114274917
0.968114274917
0.967563859205
0.967034342656
0.966551635967
0.965932231692
0.965627274517
0.965627274517
0.965627274517
0.965627274517
0.965627274517
0.965627274517
0.965074726237
0.964802503976
0.964802503976
0.964802503976
0.964802503976
0.964518126079
0.964271388001
0.964271388001
0.963902667053
0.963902667053
0.963690796456
0.963618075899
0.963168850523
0.963168850523
0.962913688803
0.962642959339
0.962642959339
0.962642959339
0.961314049804
0.960833902196
0.959997295904
0.959809843207
0.959518534465
0.959518534465
0.959195876979
0.959195876979
0.959195876979
0.958790902381
0.958317045848
0.958048768837
0.958048768837
0.957700307282
0.957700307282
0.95740963831
0.957380315505
0.957380315505
0.957107240216
0.956758991918
0.956647565258
0.956578576694
0.956578576694
0.956235233302
0.955243589342
0.954935220059
0.954935220059
0.954332236554
0.954119619558
0.953918625057
0.953455751247
0.953442635956
0.953040113811
0.953040113811
0.953040113811
0.952797747497
0.952797747497
0.952125882057
0.952125882057
0.951820285112
0.951638483719
0.951638483719
0.951638483719
0.951638483719
0.950989650009
0.950989650009
0.950989650009
0.950724465221
0.950505237266
0.949581515586
0.949581515586
0.948835223535
0.94734935702
0.947051224062
0.946780707855
0.946404096407
0.946404096407
0.946404096407
0.945872553918
0.945872553918
0.945617818712
0.945398804013
0.944718834816
0.944403641317
0.943641568265
0.943557971613
0.942982178345
0.942599808965
0.942599808965
0.942185237812
0.942185237812
0.94167768671
0.941374968731
0.940811437728
0.940218050778
0.939659104795
0.938861417863
0.938311641921
0.938311641921
0.937808142698
0.937748217547
0.936714348747
0.935851298616
0.935274332437
0.935274332437
0.935067153489
0.935058623219
0.934705256758
0.934431221814
0.934431221814
0.934411495563
0.933652088221
0.932592735238
0.932271357292
0.931351794119
0.93107413381
0.930384248173
0.929155249433
0.929155249433
0.928351164798
0.927907697354
0.927607218571
0.927607218571
0.926771678563
0.926771678563
0.926539655202
0.926539655202
0.925342005206
0.925342005206
0.925342005206
0.925299780367
0.925013376531
0.924786258075
0.924640497076
0.924233283282
0.9237547351
0.923246330971
0.922400661267
0.922400661267
0.921756519206
0.92144239199
0.921167077506
0.920569745305
0.920569745305
0.920048332513
0.919702536668
0.919702536668
0.919702536668
0.919702536668
0.918608422832
0.918336307199
0.918124863116
0.917808923218
0.917384968767
0.916170684744
0.915791300958
0.914494273309
0.91357513665
0.91242259046
0.91242259046
0.91242259046
0.911863857734
0.911441822595
0.911441822595
0.911441822595
0.911209159463
0.910705340355
0.910705340355
0.909841437197
0.909841437197
0.909562923861
0.909562923861
0.909562923861
0.908736553894
0.908736553894
0.907643719599
0.907202384722
0.90718937606
0.906957139442
0.906957139442
0.906259150048
0.905501875273
0.905501875273
0.904981528765
0.904682116266
0.904407974694
0.904407974694
0.90365592471
0.903399163564
0.903015301386
0.903015301386
0.903015301386
0.902538459258
0.902221772961
0.901904233637
0.901655789505
0.901500005438
0.901098549577
0.900218652162
0.899718031904
0.89888163887
0.89888163887
0.89888163887
0.898423456709
0.898202202814
0.898202202814
0.897531403658
0.897225380199
0.896526324522
0.896285984147
0.896285984147
0.896051188448
0.896051188448
0.895997234486
0.895426559381
0.895076178516
0.894628765821
0.894628765821
0.894217873348
0.893938613614
0.893311745351
0.893311745351
0.893311745351
0.89262015366
0.892204729481
0.890107295876
0.890065177665
0.889728871746
0.888882775528
0.888579631036
0.887788661692
0.887788661692
0.887506203106
0.886765349102
0.886074397182
0.884365250834
0.883363903691
0.88281007587
0.881980453738
0.88148644444
0.88093325639
0.880663326639
0.879914368878
0.879081121381
0.879081121381
0.878394861109
0.877833302731
0.877606077647
0.87738402404
0.876882070928
0.875914578296
0.874531501543
0.874191410316
0.873788781543
0.873788781543
0.873744530764
0.873744530764
0.872832111692
0.872832111692
0.871767960431
0.870797748776
0.86993869721
0.869878825373
0.86934365752
0.867864188708
0.867276239806
0.867017132835
0.86606931314
0.86579442517
0.865381453443
0.864905091143
0.863699603961
0.863425249132
0.863425249132
0.862969999251
0.862464420774
0.862446613834
0.861188932059
0.860997427484
0.860997427484
0.860428565061
0.860174096426
0.860174096426
0.85929457221
0.85888447945
0.858358801523
0.857295076776
0.857295076776
0.856736663935
0.856736663935
0.856572456225
0.856296288714
0.856085910915
0.855760907604
0.855433345212
0.854523005393
0.854169319048
0.853601203024
0.852842008938
0.852566054684
0.852125732777
0.852125732777
0.851060568547
0.849409268096
0.848815987774
0.848549949959
0.847184040375
0.846159821444
0.845519997833
0.844997518758
0.844997518758
0.844476532479
0.844149289972
0.841965434064
0.841481234578
0.840658596604
0.839768462864
0.83953729253
0.838767915434
0.838421319876
0.838071365524
0.837596975848
0.837049545731
0.836718891116
0.836117080523
0.835438070982
0.834747012433
0.834398977391
0.833916004131
0.833388673464
0.832098363404
0.831981605324
0.831144252634
0.829814916586
0.829597021485
0.829359720019
0.829067664879
0.828756523258
0.828373087593
0.826215782152
0.825195188586
0.823284354652
0.822465342044
0.821128648637
0.820077079525
0.819257267204
0.819257267204
0.817884160204
0.817165698161
0.816408743271
0.813163775012
0.813163775012
0.812172077737
0.810176420924
0.807403656458
0.806643502717
0.805649619561
0.804236100404
0.803273832563
0.802419419332
0.801869430133
0.80097492463
0.799428226623
0.799014775068
0.79676731533
0.795061261205
0.794417812229
0.79367727811
0.792455316843
0.791573553431
0.790975101633
0.790360655577
0.78991372271
0.789277684407
0.788260982777
0.787853022584
0.787130082149
0.786842292143
0.785480061239
0.78429280751
0.783773420658
0.782343800615
0.781586845726
0.78036184555
0.78036184555
0.77996689402
0.77855524086
0.776903353953
0.775881001019
0.775558076961
0.775558076961
0.775271939696
0.774335156039
0.773883318267
0.773158938348
0.772588849699
0.771523099013
0.769973415412
0.768293805126
0.766843339234
0.7661602245
0.765861025257
0.764926000969
0.764154704562
0.762856290744
0.760814410527
0.759099079733
0.758652520066
0.757853660222
0.75740080948
0.755133890061
0.753740363726
0.752713425772
0.751221801324
0.750894878703
0.749108320149
0.747395974949
0.746229513755
0.745423456496
0.74398285373
0.74398285373
0.741712842088
0.738254190549
0.73695028537
0.736561998114
0.736264611554
0.735203232631
0.734148251412
0.733273525473
0.73190329744
0.730411246479
0.727903880058
0.726852524203
0.726259563766
0.724725394594
0.723246618867
0.7221136923
0.720492727624
0.71862145282
0.71781182351
0.715248317244
0.714334991831
0.714064209053
0.713733821009
0.712210261361
0.71064010511
0.70917439136
0.707355097892
0.706189009898
0.70433740803
0.703804905887
0.702623570033
0.701390146215
0.699947677453
0.69837496212
0.696341185661
0.695663189089
0.694738081239
0.693519692023
0.69231393827
0.691093949628
0.69047006696
0.688550542813
0.687773648416
0.683555749477
0.682388595199
0.682094247548
0.681751810497
0.680926186929
0.679797152297
0.676120445715
0.675531430529
0.674115885432
0.672000325003
0.671066420312
0.670282861641
0.668535648961
0.668292322991
0.665908805436
0.665357803268
0.664813572002
0.662805439668
0.661851435527
0.660162441944
0.659911225474
0.659269642494
0.658395716269
0.657167037414
0.655960750519
0.654581192502
0.653457809175
0.652447825133
0.650844614083
0.649843480197
0.648985228344
0.647377538902
0.646221367347
0.645163827046
0.642772578933
0.64142143738
0.640610102016
0.638778333027
0.637321469433
0.635656413921
0.634511385032
0.633776608846
0.633776608846
0.632701581491
0.630434075616
0.629926364571
0.628218551078
0.625643102434
0.623046274799
0.621433200624
0.620423003325
0.618698395861
0.617092679045
0.61534999807
0.614189134866
0.612288324
0.611659003285
0.609285135598
0.606770998274
0.603636177134
0.599054675409
0.597667760034
0.596537499176
0.593830524422
0.590301444836
0.588793612875
0.586441710635
0.585670414228
0.584201235055
0.581256159122
0.578621638354
0.57655320767
0.574873277498
0.567676021601
0.565995131775
0.564091868456
0.561414109878
0.560167624083
0.559029952553
0.557394326474
0.55611515908
0.554036918585
0.550806718356
0.549618824857
0.547900135269
0.545064779941
0.542786344657
0.541497260823
0.540101122093
0.53760569805
0.535156763982
0.533612358485
0.531379133636
0.529118878491
0.526580749781
0.524957652538
0.523235870726
0.521232110157
0.519352998166
0.515924575774
0.512805002492
0.508505959354
0.506492815486
0.504954221236
0.501693045462
0.499216601271
0.497474346811
0.494259074555
0.49246169322
0.490815564246
0.487003279676
0.484446810884
0.481902924241
0.479684787307
0.478107380326
0.47540648339
0.473225186562
0.469495219103
0.467223288151
0.46548460574
0.458762485917
0.456623733815
0.454112208886
0.451886554651
0.449438526925
0.447882072421
0.445570582338
0.443798205359
0.440250918977
0.438495016083
0.43572230493
0.432879405645
0.430680568449
0.429706411543
0.424509610736
0.419837581515
0.416835566025
0.414912736398
0.412688494989
0.410359864394
0.407585180617
0.404573781829
0.401954588891
0.400193008036
0.396810435848
0.394627992765
0.393039496433
0.389956070173
0.388498593465
0.384789471855
0.381943640289
0.379113536409
0.376446280727
0.372785488432
0.368903388927
0.365410909534
0.363653380557
0.358569605835
0.356339579837
0.350152707838
0.348605849889
0.346863222229
0.344028053501
0.339648319334
0.336451307189
0.331562075952
0.330241963259
0.32667913579
0.323155387623
0.3196631748
0.316126497942
0.31344015578
0.309987155545
0.306212350851
0.301999730017
0.298235934703
0.293644063369
0.28917761367
0.283385293344
0.278319565477
0.275910003939
0.27107925837
0.268358555211
0.263599170687
0.259478570148
0.253274237751
0.24870950334
0.245388642329
0.24040157955
0.233730588036
0.228656836383
0.226065580081
0.214070046957
0.209798114085
0.202881850634
0.198249447185
0.193635130576
0.189151100522
0.183238223482
0.177919346504
0.171540596731
0.166667706293
0.159282211315
0.148087977159
0.138302637154
0.133433518696
0.127819734269
0.121317148958
0.114907063768
0.108338615437
0.101244075994
0.0911911587264
0.0830577256209
0.0753961431021
0.0654805431991
0.0576034114045
0.0484464457881
0.0381760199485
0.0253448835064
0.0149815643525
0.00468497124126