0.254887124301
0.289142137975
0.300626248558
0.308305225685
0.314057084621
0.318742292886
0.322628406053
0.326020821435
0.329020138961
0.331708792821
0.334154308965
0.33641028231
0.338485836556
0.340483010648
0.342279366102
0.344080724099
0.345771436178
0.347354603468
0.348863238226
0.350285358099
0.351663756047
0.352998552946
0.354257269383
0.35550532386
0.356735766015
0.357894593463
0.35902200864
0.360118474118
0.361207683614
0.3623057968
0.363327486896
0.364286936623
0.365241331877
0.366152272529
0.367069884271
0.367972263831
0.368834449507
0.369743959459
0.370594288203
0.371428763708
0.372257828326
0.373104952355
0.373889386083
0.374696820141
0.375497291198
0.376220990563
0.376964526437
0.377725648119
0.378455378654
0.379208058279
0.379925685029
0.38059297436
0.381290300953
0.381986463813
0.382665293596
0.383310448876
0.383961274707
0.384618121727
0.385303296063
0.385902597255
0.38652970789
0.387167432842
0.387760323093
0.388338021062
0.388932461567
0.389554340835
0.390167051548
0.3907753724
0.391338599362
0.391913727771
0.392525993492
0.393121307881
0.393714346705
0.39427088304
0.394847190234
0.395401114989
0.395955752514
0.396500004832
0.397074041059
0.397596810345
0.398097970948
0.398643720815
0.399181043266
0.399709254531
0.400202665895
0.400714350476
0.401256287081
0.401770441009
0.402284045208
0.40277038685
0.403277652978
0.403758470964
0.404253557171
0.404760427487
0.405211391968
0.405734067066
0.406200002026
0.406725221619
0.407224753495
0.407724041688
0.408218051667
0.408684628416
0.409182398212
0.409672105434
0.410092388022
0.410600953404
0.411068131166
0.411577916349
0.412045553622
0.41252884957
0.413009146602
0.413445835769
0.41393994187
0.414438902783
0.414913613036
0.415385217244
0.415847719811
0.416292806904
0.416742675468
0.417212836493
0.417692113289
0.418119450182
0.418548860033
0.419009549709
0.419449885456
0.419875709608
0.420324017877
0.420756715334
0.421218330092
0.421681883446
0.42214185601
0.422611508869
0.423078539446
0.423551796451
0.423973300616
0.424447459589
0.42490109805
0.425353361057
0.42578808408
0.426229013664
0.42663907598
0.427125123122
0.42757093387
0.428047218061
0.428403439229
0.428801688799
0.429236496698
0.429695157836
0.430114204063
0.430550277541
0.430976631344
0.431399214203
0.431823303228
0.432244464936
0.432650395774
0.433039627173
0.433502954379
0.433899607474
0.434304002198
0.434747934391
0.435123982348
0.435562724707
0.435992994357
0.43641025711
0.436824409152
0.43725655433
0.43767183148
0.438069025425
0.438476908212
0.438927032683
0.439329871209
0.439735400931
0.440152606246
0.440560658371
0.440930459071
0.44131232524
0.441680488911
0.442062513644
0.442438697126
0.442842356103
0.443213980639
0.443596335928
0.443981617384
0.444395910745
0.444764033317
0.445191004402
0.445564547315
0.445950866875
0.446354531589
0.446741308905
0.447070664742
0.447475238997
0.447878285983
0.448347260146
0.448728992754
0.449138783553
0.449521918561
0.449860666418
0.450278019315
0.450616790156
0.451003089181
0.451378401747
0.451764899973
0.452150638203
0.452548972185
0.452955232979
0.45337086248
0.453775198742
0.454108230173
0.454526492681
0.454947530166
0.455276672406
0.455660710041
0.45604792494
0.456430384474
0.456852557834
0.457234927355
0.457606295345
0.458006822526
0.458375171064
0.458746249682
0.459115521203
0.45951653942
0.459912205174
0.460317703896
0.460758983319
0.461131494791
0.461497010167
0.46185380285
0.462225917514
0.462634828406
0.463018795667
0.463452280338
0.463798374075
0.464216505316
0.464620925465
0.465040098689
0.465381960048
0.465737239592
0.466159004429
0.466536685474
0.466929664754
0.467303622003
0.467715151489
0.468123784582
0.468484872989
0.468886970232
0.469252176163
0.469667005352
0.470080159572
0.470478032385
0.470851537056
0.47124633846
0.471601457243
0.471986044171
0.472350988753
0.472688953361
0.473005791381
0.473365632271
0.473765741419
0.47415177968
0.474558943847
0.474922847938
0.475299526272
0.475679640407
0.475971078337
0.476363334695
0.476760714253
0.477162370561
0.477498856952
0.477878118118
0.478239347244
0.47857208645
0.478986134527
0.479320250623
0.47958626297
0.480015900355
0.480359123589
0.480747002
0.481119194262
0.481498326838
0.481861311212
0.482216405441
0.482507951121
0.482898006106
0.483263160241
0.483666650064
0.484082062445
0.484449465401
0.4848441725
0.485223213289
0.485600145194
0.486041855646
0.486457093781
0.486850902662
0.487224762911
0.487606252379
0.488017003198
0.488384637766
0.488665338923
0.48903809113
0.4894281031
0.489792304873
0.490155244681
0.490473509992
0.490862819552
0.491257672639
0.491612192792
0.491993216663
0.492399298704
0.492712406203
0.493093460832
0.493450198436
0.493853960805
0.494238795558
0.494588892677
0.49503483496
0.495373026202
0.49578620837
0.496106882588
0.496476183455
0.496779522348
0.497171248406
0.497550016678
0.497921863146
0.498386157781
0.498799063587
0.499180913267
0.499557242824
0.499853081818
0.500290913897
0.500594750761
0.50092988924
0.501326254388
0.501616921061
0.502051695731
0.502451220429
0.502854684781
0.503258378647
0.503669323104
0.503998757618
0.504441786947
0.504840682624
0.505211029346
0.505573442028
0.505985301719
0.506395322799
0.506857235632
0.507228602555
0.507612617218
0.50800539131
0.508376584199
0.508777090113
0.509194145502
0.509566133879
0.510014396931
0.510435243498
0.510863777369
0.511299616428
0.511673659903
0.512054874297
0.512363375318
0.512759867168
0.513232439536
0.513665160125
0.514020344184
0.514322077039
0.514728810611
0.515082059989
0.515547587536
0.51599248609
0.516372374489
0.516801364927
0.517186368428
0.517511232124
0.517992120381
0.518320931546
0.518827602176
0.519279999357
0.519693960313
0.52005395677
0.520418900935
0.520880203148
0.521314396758
0.521786995971
0.522249273229
0.522706594486
0.523070885448
0.523503231107
0.523972247484
0.524303174308
0.524720220458
0.525158465431
0.525624710691
0.526100943491
0.526601089857
0.527033842653
0.527407188165
0.527895541062
0.52837170774
0.528803278111
0.529280563525
0.529742512534
0.530180254256
0.530584693782
0.531101500987
0.531627046196
0.532111130213
0.532533050527
0.532983639118
0.533475145668
0.533997988954
0.53446587505
0.534947321271
0.535448801983
0.535915577817
0.536391998013
0.536832550999
0.537302988604
0.537748967852
0.538172330549
0.5385963746
0.539007010611
0.539380851548
0.539804500559
0.540296862164
0.540763974847
0.541275629754
0.541758841687
0.54220369063
0.542683037527
0.543154768896
0.543692312059
0.544197290194
0.544679890461
0.545184369886
0.545623390472
0.546142952367
0.546683841518
0.547200189147
0.54772048914
0.548230264297
0.548670301279
0.549201128882
0.549672943445
0.550173802003
0.550769873386
0.551272399965
0.551714927937
0.552159356229
0.552619186427
0.55297619217
0.553390111153
0.55390203951
0.554442409872
0.554912288135
0.555432351538
0.555943010568
0.556510471903
0.557087955362
0.557607287704
0.558145841945
0.558686808999
0.559143839974
0.559669224853
0.560213072434
0.560773563028
0.561300725397
0.561842240948
0.562250606452
0.562797234041
0.563206767693
0.563689579313
0.56427288489
0.564862388719
0.565389010537
0.56596700255
0.566520730147
0.567023830382
0.567589575632
0.568145347053
0.568796652821
0.56930711708
0.569838691152
0.570394092668
0.57097443603
0.571570510777
0.572088873172
0.572715007042
0.573251250663
0.573724503607
0.574320075982
0.574833362218
0.575496321888
0.575966740597
0.576423300964
0.57700441571
0.577519671415
0.57818134778
0.578798842795
0.579434224854
0.580022885192
0.580692807808
0.581293070701
0.581887947741
0.582495099724
0.583021904159
0.583669754992
0.584298010819
0.58499583057
0.585676682621
0.586229014046
0.586851684011
0.587523393191
0.588181344657
0.588838610858
0.589578113671
0.59013228091
0.590782130414
0.591399742628
0.591984676911
0.592523273199
0.593130203137
0.593672663613
0.59428995637
0.594925951243
0.595523315567
0.596067442322
0.596729138651
0.597299678436
0.597903146066
0.598553340826
0.599215070806
0.599698234589
0.600395581075
0.60099928089
0.601627816759
0.602311607786
0.603063186953
0.60381414438
0.604539980005
0.605079540344
0.605709812139
0.606224877197
0.60682245372
0.607345148564
0.608016697673
0.608792316414
0.609533874967
0.610215607234
0.61096087229
0.61165194365
0.612278152629
0.612900450503
0.613670653445
0.614431956546
0.615041916401
0.61565278319
0.616353581881
0.616949071203
0.617696083003
0.61843053664
0.619089140283
0.619805961673
0.620613760413
0.621299419521
0.62206821494
0.622753558784
0.623501045586
0.624266676077
0.625007733872
0.625663343958
0.626293542915
0.627155858414
0.627825188249
0.628332459645
0.628914249774
0.629655972062
0.630288511498
0.631190526588
0.631891651567
0.63237438732
0.633152401711
0.633859267145
0.634528347805
0.635095492666
0.635899094299
0.636802354143
0.637563942973
0.638302411625
0.639112689791
0.639886854128
0.640577607094
0.641447483173
0.642248247451
0.64292282885
0.643861993788
0.644743128352
0.645386289081
0.646256056689
0.647170292334
0.647987491435
0.648687385422
0.649415603846
0.650006074671
0.65076682547
0.651662716471
0.652430331705
0.653159389479
0.653925109728
0.654615664693
0.655527091704
0.656205467814
0.656944612692
0.657770757633
0.658561737963
0.659378960537
0.659947429538
0.660777833298
0.66175248054
0.662715292815
0.663410276698
0.664279637542
0.665082588064
0.665843650929
0.666539929749
0.667251924643
0.668115503058
0.668806134972
0.669603868394
0.67054226853
0.671371724273
0.672265776722
0.673212601206
0.674101332669
0.674969679453
0.675703601998
0.676584356668
0.677402194515
0.678438790584
0.679353542792
0.68014354201
0.681168509869
0.682134657695
0.683156283633
0.683845097362
0.684866750669
0.685820252388
0.686790036141
0.687837938717
0.68891831331
0.689839560389
0.690754549689
0.691749663825
0.692867616221
0.693823777956
0.694718934462
0.695762764421
0.696831030674
0.697520572187
0.69841234182
0.699397225401
0.700557777749
0.701596770185
0.702703192718
0.70355130138
0.704454986017
0.705629198379
0.706632009612
0.707457682532
0.708391199646
0.709257787911
0.710461357478
0.711692620256
0.712706033731
0.713522725052
0.71464425341
0.715657995354
0.716635900505
0.717650890636
0.718877748717
0.720233364827
0.721201531877
0.722355157012
0.723733704856
0.724704373444
0.725724625189
0.726897741555
0.72773403414
0.72890926687
0.730039497651
0.731254222316
0.732348167365
0.733321770764
0.734176897894
0.735251866325
0.736285881625
0.737441840456
0.738541240328
0.739845662124
0.74111388532
0.742356315996
0.743314000973
0.744216915339
0.745289245911
0.746619086028
0.747449573961
0.748515745983
0.749599495154
0.750810450425
0.751940863264
0.753219616261
0.754436298039
0.755579123136
0.756694399495
0.757943726097
0.759256109271
0.760463394128
0.761623038686
0.76287392568
0.764160280655
0.76559480794
0.766629623776
0.767866369433
0.769269829704
0.770658667918
0.771942956813
0.7732242901
0.774665091994
0.775980268695
0.776989099019
0.778468718117
0.779577896202
0.781190634432
0.782719890098
0.783881898579
0.785352371125
0.787042850408
0.788605699124
0.790203298349
0.791588625862
0.792672458514
0.793965197307
0.795525521222
0.797141274491
0.798788138316
0.800256878101
0.801659140778
0.802665113503
0.804093709503
0.805377644719
0.806864643586
0.80867234989
0.810328202625
0.811767074244
0.813299671068
0.814697404129
0.816451040471
0.818075764963
0.81941015918
0.821108630354
0.822391377499
0.824086671691
0.825453678363
0.826850434514
0.828299535759
0.829898010289
0.831296636703
0.833041824755
0.834947677884
0.836663850261
0.838080462974
0.839472955729
0.84134305258
0.843356825589
0.845458673198
0.846971065177
0.848734204851
0.850725479536
0.852631525795
0.854303753729
0.856503100175
0.858544700809
0.860329751521
0.862572857397
0.864668986412
0.866674863212
0.868532862407
0.870444084604
0.872591051773
0.874418288128
0.876384777442
0.878101430933
0.880087686919
0.882182324623
0.884097544838
0.885964680347
0.888385903105
0.890491147195
0.892787222975
0.895119432387
0.897046691314
0.899241883651
0.900588408654
0.902916889983
0.904971468626
0.906814646056
0.909180586821
0.910618418707
0.912576477383
0.914679248265
0.916555257885
0.919074919333
0.921384348143
0.923707888514
0.926436548444
0.92891810587
0.930890737833
0.933619229142
0.935194950076
0.937020540383
0.938961345955
0.941058378818
0.943889294051
0.946346949005
0.948155141288
0.950822462102
0.953208672553
0.956036642125
0.958563869411
0.961571018483
0.963886376139
0.966996482569
0.969833102392
0.971975679453
0.975654558051
0.977588138457
0.980464724248
0.983777477072
0.986632922271
0.989489866948
0.99283434387
0.995842925122
0.99831946464
1.00114311984
1.00381335432
1.00758935517
1.01078371164
1.01390804749
1.0168636227
1.02029266911
1.02411489754
1.02783923704
1.03115553474
1.03325783481
1.03666407638
1.04044540251
1.04386125935
1.04721978121
1.05051155188
1.05333253819
1.05646232382
1.06106114985
1.06424214389
1.06803341247
1.07133476804
1.07540859572
1.07825086058
1.08272451343
1.0870752736
1.09102085211
1.09482013683
1.0991471644
1.10307127071
1.10802539193
1.1101991525
1.11445635704
1.11677082694
1.12117887195
1.1252196406
1.12947818766
1.13350878899
1.13833229302
1.14342575447
1.14867807885
1.15321263522
1.15754782635
1.16125620941
1.16635309215
1.17174110897
1.17692157087
1.182133062
1.18649229077
1.19253092453
1.19816726473
1.20439532831
1.20917084068
1.21600370321
1.21998867078
1.22647284895
1.2319611987
1.23650276078
1.24381306106
1.24905130936
1.25554637267
1.26253950479
1.26925751465
1.27592818718
1.28327926921
1.28893395742
1.29502141622
1.30352182996
1.31124949534
1.31872013228
1.32449790177
1.33299385617
1.34031232503
1.34845044567
1.35684247696
1.36627957562
1.37694697665
1.38483412212
1.39274274208
1.40114252472
1.41045564124
1.41929683592
1.42906708024
1.43873634786
1.44569402378
1.45565894528
1.46634024281
1.47681942707
1.48873383438
1.50101029642
1.51407616036
1.52812214624
1.53589532172
1.54854361832
1.55895437079
1.5730827046
1.585967102
1.59838868322
1.61003860288
1.62429726955
1.63997401292
1.65376086606
1.66803405564
1.68069623205
1.6943653795
1.71192403557
1.72768385786
1.74650376114
1.76409344965
1.7740556628
1.79353029057
1.81374703446
1.83033405068
1.85081294682
1.87152231628
1.89308025724
1.91577977466
1.93669349743
1.95763381119
1.98285744004
2.00127504289
2.01893625176
2.04433476966
2.07087863383
2.09981626668
2.13224323085
2.15434225286
2.17795299691
2.21667756853
2.23988404584
2.26896723786
2.29550656518
2.32581949877
2.34683125843
2.37478622715
2.40554685615
2.45331932884
2.4982316354
2.53732747496
2.58120495343
2.60624452201
2.65358014221
2.69900564634
2.73578848351
2.75187675087
2.77416665032
2.82097713561
2.80786376667
2.88023598097
2.80034938784
2.86853914208
2.74215802438
2.75971956664
2.44111008543
1.75445713167
1.2237872934