1.00000007086
0.774430720911
0.718456647434
0.685343728658
0.662547551823
0.644757930169
0.629923490512
0.617818971524
0.607205825645
0.598303220309
0.590067151825
0.582786265054
0.576154448348
0.570087308427
0.564506971055
0.558999122622
0.554005286662
0.54921577314
0.544564116147
0.540482804674
0.536117489618
0.532084539534
0.528504556741
0.525097895497
0.521777151005
0.518159683707
0.515003615944
0.511840887418
0.50886522712
0.506079115122
0.503286554939
0.500628981489
0.498002019203
0.495502532578
0.492866358599
0.490632912756
0.488203860153
0.485916490475
0.483612185454
0.481422495153
0.479248287582
0.477336967559
0.475318225023
0.473098455001
0.47097158136
0.468801023036
0.467062776555
0.465153263441
0.463241057678
0.461220720811
0.459182740008
0.457447150745
0.455685804172
0.454046016517
0.452221640705
0.450638504962
0.44918114426
0.447464616115
0.445853597287
0.444289310085
0.44268573147
0.441274110367
0.439754499877
0.438351169297
0.436819016733
0.435488564817
0.433967430855
0.432438785819
0.430957581004
0.429616323063
0.428287252902
0.426993612329
0.425688492569
0.424336712041
0.423169980254
0.421785214779
0.42055928015
0.419243106359
0.418099758101
0.416873610894
0.415776852546
0.41457136079
0.413291962911
0.412044841388
0.410900501102
0.40966620509
0.40870825987
0.40769522164
0.406664610333
0.405625318778
0.40447764811
0.403367461948
0.402285548597
0.401324060418
0.40034786896
0.399186345323
0.39808310336
0.397090968587
0.396019436106
0.394934015225
0.393923386207
0.392867974189
0.391732774736
0.39067807131
0.389670064081
0.388648381031
0.387562853862
0.386499895341
0.385483562159
0.384538903035
0.383757007441
0.382835590127
0.38182226846
0.380881116865
0.380144464857
0.379429743763
0.378615146659
0.377700567256
0.3768189728
0.376019787567
0.375185775048
0.374255642056
0.373327422261
0.372386837539
0.371517289143
0.370675234108
0.369641965583
0.368756721879
0.367835056558
0.367146801367
0.366224958898
0.365316225377
0.364465808959
0.363703931083
0.362957819374
0.362098155833
0.361252238973
0.360546765002
0.359880830453
0.35911353185
0.358403239455
0.357637995768
0.356920511167
0.356092734256
0.35525333644
0.354456737567
0.35373202533
0.353044301583
0.35238899591
0.351565328831
0.350886887637
0.350181236518
0.34954789719
0.34873985456
0.348125930647
0.347443875634
0.346793778111
0.346197108407
0.345468746922
0.344819641427
0.344187825571
0.343505487122
0.342748215093
0.341977267242
0.341280402662
0.34055600929
0.339912430811
0.339235158793
0.338493830079
0.337838595265
0.337097727135
0.336387895325
0.335815778326
0.335164086471
0.334450676273
0.333787080076
0.333086778825
0.332543040927
0.331908567852
0.331218080598
0.330506548167
0.329852305382
0.329113846464
0.328356716153
0.327763164253
0.327100312078
0.326436007289
0.325896910667
0.325266689143
0.324531525177
0.323986972399
0.323412977632
0.322834518737
0.322154199774
0.321517282057
0.32093382759
0.320246812435
0.319669380998
0.318983322442
0.318304987537
0.317702719958
0.317057121992
0.316421869466
0.315889327318
0.315318237778
0.314776873662
0.314162630882
0.313490177288
0.312932232125
0.312224242654
0.311601142477
0.311027537435
0.310342187471
0.309733011122
0.309256128858
0.308681921514
0.308071646848
0.307447483784
0.306870867227
0.306320362277
0.305775065477
0.305221265576
0.304521991783
0.303899281332
0.303301300734
0.30279076036
0.302193204917
0.301627110948
0.301076889435
0.300633984147
0.30014268204
0.299636853802
0.299064453366
0.298521494919
0.297885321224
0.297410210439
0.296847269704
0.296348190802
0.295770157062
0.295208863803
0.294665303053
0.294133859222
0.293641015928
0.293157224894
0.292694425891
0.292199279674
0.291627747263
0.290998836634
0.290426400769
0.289827109276
0.289331254467
0.288839491775
0.288231272026
0.287684345465
0.287141475591
0.286563654429
0.286028986505
0.285576532943
0.285105496561
0.284484876455
0.283881563703
0.283377595519
0.282771908985
0.282237896508
0.281701970835
0.281168029218
0.280534601316
0.280023724361
0.279435788051
0.279059968689
0.278539738323
0.278017382181
0.277574299745
0.277040003832
0.276532528118
0.276092386337
0.275578356149
0.275109268395
0.274685654517
0.274211890057
0.273632049408
0.273070472711
0.272596159092
0.27193132286
0.271433182843
0.270933696501
0.270433412993
0.269908364203
0.269302801673
0.268860268395
0.268358425985
0.267897752758
0.26738845242
0.266903244202
0.266462553263
0.265984289245
0.265440887928
0.264974900262
0.264507583987
0.263937858485
0.263392313678
0.262895112545
0.262395661633
0.261796051273
0.261267866964
0.260825989134
0.260294474444
0.259792348598
0.259294385728
0.258800780698
0.258389939187
0.257948858522
0.257384358885
0.256902073609
0.256433977883
0.255945279851
0.255441417954
0.255015731446
0.254557201709
0.253926377882
0.25337948675
0.252941098734
0.252515500799
0.25197707734
0.251521151677
0.251021842483
0.250473179872
0.249875854721
0.249344782901
0.248907369199
0.248415482504
0.248018901402
0.247474401768
0.247027971235
0.24647840517
0.245947599071
0.245469335053
0.245025668028
0.244599768942
0.244189990319
0.243786907888
0.243338404725
0.242850698721
0.242402106983
0.242026269906
0.241521008542
0.241065348601
0.240586411421
0.240202390108
0.23971037941
0.239297943567
0.23882090187
0.238338404016
0.237886694475
0.237426233825
0.236853992823
0.236429121195
0.235968111386
0.235484426641
0.235029333574
0.234498314898
0.234121556651
0.233656791307
0.233149351022
0.232715568853
0.232350006356
0.231921733488
0.23152697701
0.230980050449
0.230516223988
0.23007757025
0.229590501979
0.229098544425
0.228638190064
0.228107277677
0.227709651403
0.227277552139
0.226882281932
0.226465665398
0.226054682169
0.225640155981
0.225138915874
0.224645487992
0.224161679243
0.223663238075
0.223228605595
0.222766958054
0.222280492086
0.221826054466
0.221366514986
0.22093795868
0.220511740728
0.220083202138
0.219661395169
0.219282422573
0.218849384425
0.218402387019
0.217954539303
0.217581288585
0.217183024579
0.21670305994
0.216303272461
0.215885274173
0.215414361795
0.214964423733
0.214526443157
0.21410575222
0.213589613972
0.213151420819
0.212726265754
0.21223903805
0.211818719124
0.211424263798
0.21105111937
0.210664795134
0.210185999672
0.209833900419
0.20936608813
0.208840065026
0.208426176571
0.208002580408
0.207547327908
0.206978435001
0.206555458856
0.206112961008
0.205742225792
0.205302172585
0.204927557829
0.204473385931
0.204094236187
0.203686087325
0.203227043859
0.202709098701
0.202216379411
0.20173182664
0.201251720284
0.200787982397
0.20028378392
0.199773509268
0.199385750134
0.198979461326
0.198493349654
0.197998699451
0.197519992563
0.197032499137
0.196544049112
0.196043978182
0.195644155273
0.195236413851
0.194691311914
0.194289664381
0.193906121368
0.19350759164
0.193007538424
0.192539566702
0.192153986488
0.191743109547
0.191268299914
0.190725075745
0.19029042555
0.189829770038
0.189412887782
0.188979247331
0.188559690141
0.188188157759
0.187716306497
0.187295225835
0.186879619044
0.186403427657
0.185922931575
0.185562028069
0.185114977519
0.184720203326
0.184323338788
0.183958024299
0.183425854161
0.183095738968
0.182719087011
0.18232502141
0.181891186096
0.181353028358
0.180895951234
0.180452124776
0.180006757131
0.179553577262
0.179099653371
0.178702257389
0.178304294534
0.177889910064
0.177446243039
0.176945870958
0.176527004645
0.17601058296
0.17557595048
0.175132283455
0.174691999956
0.174272177045
0.173808970602
0.17337713706
0.17289598553
0.172567659531
0.172232849918
0.17181267271
0.171412885231
0.171030954265
0.170585923201
0.170186047148
0.169832318134
0.169370369441
0.168915506667
0.168598411847
0.16821182189
0.167732990998
0.167305550725
0.166845869526
0.166353433673
0.165953539905
0.165590918064
0.165192476909
0.164747764712
0.164379846148
0.163946081693
0.16348032432
0.162950545679
0.162550705056
0.162153450792
0.161726683681
0.161298463957
0.160886541844
0.160476532928
0.160006931445
0.159503175837
0.159096001289
0.15851357428
0.158145956867
0.157718746887
0.157329251703
0.156806009822
0.156459030145
0.156037435754
0.155650456071
0.155182838644
0.154743742036
0.154314902294
0.153836407984
0.153353555834
0.152961385716
0.1524782147
0.152058781514
0.151606611388
0.151135699009
0.150689357051
0.150275114299
0.149884131073
0.149402979543
0.14893807248
0.148543262858
0.148130933305
0.14777788631
0.147317717955
0.146906469004
0.146482713408
0.14603888695
0.145649994069
0.145219905434
0.144809905376
0.144430197616
0.143994794543
0.143633315307
0.143242473799
0.142939541958
0.142510684501
0.142006884607
0.141533102432
0.141109833993
0.140735529245
0.140270905619
0.139938505217
0.139515865653
0.139119922284
0.138701702562
0.138292845108
0.137963739658
0.137627069991
0.137219461431
0.136892286894
0.13652800872
0.136084208834
0.135613907616
0.135226750785
0.134791755152
0.134438380434
0.134018460091
0.133605315657
0.133145962182
0.132766661862
0.132360966499
0.131992357058
0.131550806951
0.131127113357
0.130717759889
0.130286333787
0.129927440911
0.129495430221
0.129167803956
0.128885235272
0.128516581544
0.128017095202
0.127553392745
0.127096705346
0.126598467897
0.12621208166
0.125736820299
0.125351089509
0.12492656332
0.124494765207
0.124019946717
0.123515039648
0.123117519662
0.12271372864
0.122385562074
0.121939317547
0.121495694809
0.12110039803
0.120583949773
0.120158900997
0.119734454524
0.11924977775
0.118774029233
0.118382611994
0.117956509188
0.117522727018
0.117020707461
0.116510477096
0.116064719726
0.11567859921
0.115254161595
0.114842000332
0.11444678327
0.114105357181
0.113655658268
0.113161929235
0.112705392412
0.112366455251
0.111991893639
0.111553629627
0.111070449753
0.110664807534
0.110305082063
0.109956268904
0.109493655907
0.109018686841
0.108591264282
0.10815300027
0.10771857151
0.107327809719
0.106950254307
0.106527039012
0.106061813082
0.105749483543
0.105301432106
0.104822716361
0.104382034279
0.103911679917
0.103501077556
0.103131431799
0.102743752382
0.102369128768
0.101870271301
0.101403265035
0.101106196791
0.100650784858
0.100317560718
0.099874487139
0.0995038936409
0.0989640264254
0.0986168961725
0.0981378438459
0.097754407122
0.0974070554341
0.0971213866602
0.0967062404544
0.0962937514677
0.0959485786995
0.0956243448183
0.0952433793082
0.0948470107843
0.0944359744108
0.0940271258143
0.0935909610049
0.093104920192
0.0926837155265
0.0922965941253
0.0918842202847
0.0914632990559
0.0911056285004
0.0907209960278
0.0904380464748
0.0900846186125
0.0896696406972
0.0892253093676
0.0888062924792
0.0885112880087
0.0880998619096
0.0876884623828
0.087297647447
0.086835822758
0.086471119429
0.0860710485132
0.0855745028272
0.0851524655663
0.0847428375189
0.0843537054886
0.0839315353667
0.0835281340695
0.0831035635931
0.0827421640733
0.0823841037923
0.0820231825719
0.0815850248482
0.0811272037027
0.0808123763773
0.0803695773774
0.0800205339267
0.0796082043732
0.0792353876684
0.0788009677663
0.0783929606226
0.0779870261098
0.0775910473114
0.0772383989
0.0768298780273
0.0763681330548
0.0759262729391
0.0755239433869
0.075170612956
0.0747376722392
0.0743049706721
0.0739360600795
0.0734973443397
0.0730379067193
0.0726402494441
0.0722510908416
0.0718531191289
0.0715003378566
0.0712058294003
0.0707905326187
0.0703604041255
0.069933792019
0.0695862631832
0.0691471665753
0.0687828884015
0.0684366660318
0.068097644726
0.0677443541533
0.0674519449002
0.0670950493669
0.066641745494
0.066217108587
0.0658498011833
0.0654882998035
0.065131479558
0.0647449383164
0.0644186362329
0.0639730604391
0.0636140789887
0.0632191763641
0.0628337644406
0.0624421611964
0.0620201593651
0.0616853187508
0.0613331574963
0.0609752300762
0.0605709208958
0.0602760847158
0.0598573645502
0.0594803450105
0.059082355583
0.0587138347159
0.0583048222575
0.0580016025512
0.0576071073668
0.0572213987205
0.056885384501
0.0564371736315
0.0560217617037
0.0556218280775
0.0552974790501
0.0549280414424
0.054572939532
0.0541912698588
0.053794622327
0.053393612527
0.0530246089317
0.0526340420031
0.0522859462938
0.0518919692672
0.0515417212105
0.0511163934266
0.0507421329661
0.0503362250255
0.0498453480737
0.0494813444792
0.0491115437182
0.0488080007168
0.0484645462837
0.0481321148814
0.0477603964939
0.0473694974129
0.0469474911529
0.0466133104146
0.0462555778573
0.045922220857
0.0455946654519
0.0452484120813
0.0449425572992
0.0445750771763
0.0442380664996
0.0438217112591
0.0434868440725
0.0431965738808
0.0428449573562
0.0425129865386
0.0422287792353
0.0418514585441
0.0414834336912
0.0410880173375
0.0406782830014
0.0403468790571
0.040003969354
0.0396274591146
0.0393085618152
0.0388632517432
0.0384858026198
0.0380954836982
0.037757702428
0.0374068387822
0.0371356739962
0.0367952775795
0.036439692941
0.0361107956401
0.0357554789379
0.0354314288477
0.0350832600649
0.0347809526705
0.0345196483819
0.0340947944687
0.0338512913341
0.0335512071463
0.0332424183514
0.0329960897072
0.0327227150006
0.0323567317777
0.0320187047148
0.0316897830561
0.0312582085928
0.030938839637
0.0305896566823
0.0302801570813
0.0300288860094
0.0296359165117
0.0293801215242
0.0290272184627
0.0287094172662
0.0283822028708
0.0280751877697
0.0278164521263
0.0275036885745
0.02721575895
0.026922127376
0.0266095321147
0.0263414519173
0.0260876033428
0.0257794877101
0.0254647068861
0.025159270616
0.0248546824418
0.0245250654774
0.0242139560445
0.023885656618
0.0235382384997
0.0232778177364
0.0229966285912
0.0226900010012
0.0224168787305
0.0220975164177
0.0218029503884
0.021456083643
0.0211404857241
0.0207935946209
0.0205161742981
0.0202208066743
0.0199487185047
0.0196828748001
0.0193551821053
0.0190930120061
0.0188493870823
0.0185729466091
0.0183265648204
0.0180366677466
0.0177442540647
0.0174231922389
0.0171814616909
0.0169107497393
0.016652236638
0.0164325864741
0.016159380058
0.0159235673585
0.0156301516836
0.0153281598339
0.0150787764948
0.0148966861235
0.0145863572487
0.0143295790901
0.0141092889792
0.0138772451022
0.0135731485135
0.0133432337333
0.0131252410098
0.0129280432405
0.0126893950667
0.0124370566784
0.0121470832095
0.0118805131983
0.0116348743238
0.0113809958556
0.0111226765099
0.0109345321076
0.0107335433723
0.0105647800623
0.0103208462368
0.0100910200306
0.00984786676321
0.00963985079041
0.00944084389773
0.00922126736085
0.00897848388978
0.00879322367752
0.008516448284
0.00834292744452
0.00817114486925
0.00798981346623
0.00776788141529
0.00756623225031
0.00737577385308
0.00719444134288
0.00696643754617
0.00676734374028
0.00659685489858
0.00635270185246
0.00614745215553
0.00595005509478
0.00577496151372
0.00564788498996
0.0054692058238
0.00530872971603
0.00512645998249
0.00502436851541
0.00482222222901
0.00466598604655
0.0045021900756
0.00435974098544
0.0042086830588
0.00405806689485
0.00391869021434
0.00377795004825
0.00360877376209
0.00350117714587
0.00335522191039
0.00321020694299
0.00306286303371
0.00288446951861
0.00277601982433
0.00265813201975
0.00250534025762
0.00237063419336
0.00225464214858
0.0021171111282
0.00195601209629
0.00181834101832
0.00168320855342
0.00156410396391
0.00145139829028
0.00133247181749
0.00123932244645
0.00113196470316
0.0010282258986
0.000941040462194
0.000865746635093
0.00080446092003
0.00069770790169
0.000592175820193
0.000508724607082
0.000453089357834
0.000300810494358
0.000230311165971
0.000185209956911
0.000112974215385
4.80205864112e-05
1.91428744986e-05