1.0
0.999377076988
0.999377076988
0.999377076988
0.999377076988
0.999377076988
0.999377076988
0.999350100007
0.999350100007
0.999350100007
0.999350100007
0.999350100007
0.999350100007
0.999350100007
0.999350100007
0.999350100007
0.999350100007
0.999350100007
0.998997053431
0.998997053431
0.998997053431
0.998997053431
0.998428724151
0.998126326057
0.998126326057
0.998126326057
0.998126326057
0.998126326057
0.998126326057
0.998126326057
0.997273725508
0.997273725508
0.997273725508
0.997273725508
0.997273725508
0.997273725508
0.997273725508
0.996978364888
0.996712007188
0.996712007188
0.996572324006
0.996572324006
0.996572324006
0.996572324006
0.996572324006
0.996572324006
0.996349044173
0.996349044173
0.996349044173
0.996120646177
0.996120646177
0.996120646177
0.996120646177
0.996120646177
0.996120646177
0.996120646177
0.995531417733
0.995531417733
0.995531417733
0.995531417733
0.995531417733
0.995531417733
0.995049883956
0.995049883956
0.995049883956
0.995049883956
0.994963728223
0.994770624222
0.994770624222
0.994770624222
0.994507998515
0.994507998515
0.994507998515
0.994507998515
0.994507998515
0.994507998515
0.994507998515
0.994507998515
0.994507998515
0.994507998515
0.994507998515
0.994219995253
0.993931032335
0.993931032335
0.992964872559
0.992721973103
0.992721973103
0.992721973103
0.992641362045
0.992237880245
0.992237880245
0.992237880245
0.992237880245
0.992237880245
0.992237880245
0.992237880245
0.991897415818
0.991897415818
0.9916738161
0.9916738161
0.991653556707
0.991653556707
0.991653556707
0.991653556707
0.991409164454
0.991409164454
0.991409164454
0.991409164454
0.991409164454
0.991143979666
0.991143979666
0.991143979666
0.990884019668
0.990884019668
0.990884019668
0.990557736817
0.990557736817
0.990557736817
0.990557736817
0.990127704549
0.990127704549
0.990127704549
0.990127704549
0.990127704549
0.990127704549
0.989933321007
0.989933321007
0.989933321007
0.989933321007
0.989933321007
0.989933321007
0.989933321007
0.989933321007
0.989925323878
0.989616528082
0.989616528082
0.989616528082
0.989616528082
0.989616528082
0.989616528082
0.989616528082
0.989616528082
0.989616528082
0.989616528082
0.989616528082
0.989616528082
0.989616528082
0.989616528082
0.989325006083
0.989054169991
0.989054169991
0.988850296523
0.988850296523
0.988613581513
0.988613581513
0.98830457246
0.98830457246
0.988090462667
0.987913886065
0.987913886065
0.987913886065
0.987913886065
0.987913886065
0.987739548659
0.987631534107
0.987492384068
0.987189452832
0.987189452832
0.987189452832
0.98699048427
0.986762299531
0.986762299531
0.986762299531
0.986425993611
0.986165073959
0.986165073959
0.985848174405
0.985848174405
0.985848174405
0.985492035606
0.984328400065
0.984328400065
0.984008301659
0.984008301659
0.984008301659
0.983811252408
0.98320251097
0.98320251097
0.982635034717
0.982583533208
0.982552077835
0.982552077835
0.982217158085
0.982020641975
0.982020641975
0.982020641975
0.982020641975
0.982020641975
0.982020641975
0.982020641975
0.982020641975
0.981718563767
0.981718563767
0.981206107759
0.981206107759
0.981206107759
0.981206107759
0.981206107759
0.981206107759
0.981206107759
0.981206107759
0.981206107759
0.98118958036
0.980931646302
0.980931646302
0.980931646302
0.980931646302
0.980931646302
0.980931646302
0.980931646302
0.980402023124
0.980111354153
0.980111354153
0.979687399703
0.979497068039
0.979497068039
0.979234015819
0.979194883202
0.978820617579
0.978820617579
0.978820617579
0.978553833365
0.978279798421
0.977831745957
0.977523376674
0.977523376674
0.977523376674
0.977523376674
0.977523376674
0.977523376674
0.977523376674
0.977154655726
0.977154655726
0.977154655726
0.976782096156
0.976782096156
0.976283501838
0.976283501838
0.97507017747
0.97507017747
0.97507017747
0.97507017747
0.974195078332
0.973130927072
0.973130927072
0.972678609472
0.972408626407
0.972408626407
0.972032014959
0.970163245922
0.970163245922
0.96975720504
0.96975720504
0.96975720504
0.969430069161
0.969430069161
0.969430069161
0.969430069161
0.969430069161
0.969202844078
0.968608817357
0.968353335752
0.968353335752
0.968353335752
0.968353335752
0.968353335752
0.968353335752
0.968353335752
0.968353335752
0.968057122104
0.968057122104
0.967752164929
0.967752164929
0.967573988902
0.967089149645
0.967089149645
0.967075927726
0.967075927726
0.967075927726
0.967052895995
0.96676841147
0.96676841147
0.966684708189
0.966471984565
0.96616702739
0.965673764492
0.965673764492
0.965673764492
0.965673764492
0.965673764492
0.965361769843
0.965288942658
0.964736501007
0.964481339287
0.963829093469
0.963829093469
0.963829093469
0.963396182235
0.963169063779
0.962547740193
0.962547740193
0.962249713863
0.961851776738
0.961851776738
0.961851776738
0.961851776738
0.961581047274
0.961094182078
0.96056327936
0.960301186795
0.960009878053
0.959518321209
0.959247805001
0.958963427104
0.95864919326
0.95864919326
0.95864919326
0.95864919326
0.957811414057
0.957811414057
0.957468497177
0.95703846491
0.95703846491
0.956689043699
0.956281829905
0.95603626474
0.95603626474
0.95603626474
0.955461324499
0.955452794229
0.955452794229
0.954622159127
0.954622159127
0.954163870337
0.953641284633
0.953641284633
0.953311483045
0.953311483045
0.953064958224
0.953064958224
0.952749764724
0.952749764724
0.952503133275
0.952503133275
0.952503133275
0.952503133275
0.951748097696
0.951028782626
0.951028782626
0.95101993247
0.950758373047
0.950758373047
0.950199533693
0.950199533693
0.94993200308
0.948615569066
0.948615569066
0.948571851429
0.947933787186
0.947376547258
0.947376547258
0.947113814923
0.946950993382
0.946419450894
0.946151600396
0.94587244729
0.945599905143
0.945070495223
0.944499926746
0.944118623649
0.943926585932
0.943578231005
0.943578231005
0.943578231005
0.942986123596
0.942986123596
0.942986123596
0.942986123596
0.942986123596
0.942986123596
0.942153675811
0.942153675811
0.941678539737
0.941678539737
0.941097095166
0.941097095166
0.940585385557
0.940161431106
0.939862125236
0.939190046539
0.939190046539
0.938940216238
0.938650506922
0.938650506922
0.938650506922
0.938384575735
0.937667713118
0.936992222313
0.936710510125
0.936158601616
0.936158601616
0.935467756323
0.934782882221
0.934532305521
0.933827918424
0.93321501848
0.93321501848
0.93321501848
0.932933093036
0.932401870432
0.931903489371
0.931607062467
0.931373972822
0.930840617651
0.930231556329
0.930068841417
0.92978115804
0.929712169476
0.929413823261
0.929037211813
0.928891557442
0.928368971738
0.928030319994
0.927549639244
0.927549639244
0.927549639244
0.927208108534
0.926870203189
0.926561833906
0.926342819208
0.926342819208
0.926342819208
0.926322986328
0.925662636754
0.925662636754
0.925662636754
0.925072022141
0.924924021946
0.924889047836
0.923452976777
0.923070394139
0.922839863575
0.922607307072
0.922391384597
0.921717919731
0.921429809841
0.921161319573
0.920683197905
0.920683197905
0.919735271581
0.919735271581
0.919249366041
0.919036535789
0.918509684949
0.918509684949
0.918232344526
0.917349035002
0.917012622455
0.91648545173
0.91648545173
0.915775519957
0.915074971482
0.914700812487
0.914222264305
0.913477678308
0.913477678308
0.913477678308
0.913123885334
0.912770625501
0.912368956383
0.912361065883
0.911809157373
0.911146675231
0.911005072739
0.910319558866
0.909888993456
0.909398289638
0.909167865703
0.908856617453
0.908419121199
0.908419121199
0.90755990969
0.905578860966
0.905347903889
0.905347903889
0.905160451192
0.904842698611
0.904782986716
0.904166034893
0.903890827037
0.903890827037
0.903890827037
0.903559106139
0.90228319091
0.901531887325
0.900744436717
0.900238911555
0.900238911555
0.900238911555
0.899867418269
0.899867418269
0.899867418269
0.899551371742
0.899327238881
0.899065786087
0.898868950092
0.898263300878
0.897326570535
0.896621650296
0.896095972369
0.895180994216
0.894562336339
0.893875649553
0.893528787424
0.893160546304
0.892624685366
0.89227697021
0.891613261841
0.891323019383
0.890767272252
0.889787623985
0.889552988228
0.888945099818
0.888026656243
0.888026656243
0.887772667435
0.886511893436
0.885617921075
0.885617921075
0.88527441774
0.88527441774
0.88527441774
0.885014351114
0.884635713727
0.883422016159
0.883095733308
0.88287735838
0.882550489072
0.881925380178
0.88175317534
0.881531921446
0.880843155407
0.880289914043
0.879618261859
0.878958658683
0.878091663303
0.878091663303
0.878091663303
0.876989445709
0.875530769433
0.873701559525
0.873236659776
0.873028681116
0.873028681116
0.871982336795
0.871094495566
0.871094495566
0.870825258899
0.870070809776
0.870070809776
0.868935057557
0.868598858266
0.868172931191
0.867579171041
0.867017772606
0.866745017202
0.866125079785
0.865323447603
0.864795850365
0.863200743072
0.862673945547
0.861434710482
0.860940434613
0.860164926385
0.859163099414
0.858934328219
0.858289812959
0.85765612048
0.857363265626
0.857363265626
0.857123245137
0.856551077235
0.855264339225
0.855264339225
0.855044044986
0.854794694513
0.853255460493
0.852769128439
0.852769128439
0.852366286409
0.852107499323
0.851230267618
0.850890976104
0.850537289758
0.849545112656
0.849210299534
0.848210231932
0.847375331694
0.847172364568
0.84641162437
0.844975233426
0.842433959178
0.841375192651
0.839903454397
0.839258672566
0.838667418184
0.838082988017
0.837233533006
0.836725288819
0.836201956716
0.834984900355
0.834333507564
0.834039479799
0.833703653707
0.832671704218
0.831573005361
0.830055683474
0.828840173224
0.828520234762
0.82707968531
0.826698009014
0.826483419393
0.825984025362
0.825243331301
0.823748881202
0.822491785883
0.821235063763
0.820400163525
0.819838018691
0.819302211067
0.819046089692
0.818086487561
0.817230634846
0.816392375815
0.815763215042
0.814740702165
0.813430079398
0.812429585282
0.811195255122
0.810627245727
0.810105832935
0.809664284802
0.809342160457
0.808222775695
0.807430153611
0.807030670375
0.803402319764
0.802830471747
0.801917306277
0.801460936799
0.801239949475
0.800061012761
0.799529043759
0.797914156901
0.797914156901
0.796875383196
0.796282955901
0.795783508556
0.795528240207
0.79437585396
0.793933132915
0.793416625028
0.792619311296
0.791615831585
0.790742758387
0.790088006802
0.789754419906
0.788655774364
0.787363864878
0.786198949796
0.785400143266
0.784608320895
0.782579502655
0.781804420941
0.781009506347
0.780177591704
0.779265812403
0.779063485046
0.777974542687
0.77726061235
0.776415049274
0.776415049274
0.77596267836
0.774349497556
0.773888436429
0.773235124328
0.771434490827
0.771434490827
0.770694756421
0.770210716878
0.76840859058
0.767975519403
0.767717425402
0.766234224597
0.765042172592
0.764519906773
0.763130059117
0.762577084324
0.76147422696
0.76058382665
0.759302100174
0.759258595794
0.755249261972
0.753537343286
0.752185028821
0.751199515992
0.751199515992
0.749754061635
0.748458953297
0.747686803863
0.746441650923
0.745508332688
0.744449512847
0.743928473254
0.743631086695
0.743188312335
0.742724212299
0.741786628929
0.739996391696
0.739428009101
0.738464408405
0.737397164922
0.73590879264
0.735015353421
0.734532859989
0.733550172813
0.732525900567
0.731388922121
0.729976949076
0.728627886777
0.726633616133
0.725405043906
0.72387577964
0.723209992018
0.722279126236
0.720994787365
0.719832431364
0.718959678051
0.717243920743
0.716003406137
0.71516978544
0.714075138462
0.712422931671
0.710787625478
0.709695484267
0.707621029079
0.706014192664
0.700235734029
0.699827347323
0.697242142181
0.694492782645
0.692558703723
0.692524689269
0.692047313999
0.690512131858
0.689145209304
0.688254115909
0.685343001116
0.684269093358
0.682677451488
0.681389273995
0.679441066813
0.677785234656
0.676888063443
0.676158565362
0.675431573048
0.673942241111
0.672962859415
0.672007575733
0.670318102322
0.670074349839
0.668889228678
0.667034268016
0.664800776596
0.662363891535
0.660666900823
0.659763065336
0.658497066547
0.655568677955
0.653652459288
0.653112706414
0.651584508431
0.6481536869
0.645449964311
0.645291301278
0.643818550054
0.642191027733
0.641629256099
0.638522851422
0.637062895605
0.636305834087
0.634242948079
0.633007924835
0.632381483086
0.630898228967
0.629478525364
0.626931333241
0.625869261234
0.625340810969
0.624766190614
0.623777638877
0.62055586229
0.618940975432
0.617909985599
0.617314306138
0.616351398527
0.614364005414
0.612938117365
0.611603876411
0.61061921661
0.609632477555
0.608521942948
0.606831403253
0.605697303773
0.604106408302
0.601469275138
0.598960629176
0.598694058219
0.596881642282
0.595182092488
0.594551012405
0.593837561895
0.592394613305
0.591901510348
0.590259753138
0.588322422051
0.58701238574
0.584980475277
0.581431349555
0.580545907464
0.577818406746
0.575239812564
0.573553538004
0.571862518481
0.570134605538
0.567370691227
0.565270112086
0.562882915851
0.562299765226
0.561642241303
0.560123906446
0.558365604413
0.550571549458
0.54886202991
0.547597310662
0.544719570552
0.543013569741
0.541271848422
0.540229129467
0.532877795556
0.52847777534
0.526486703547
0.524440931395
0.522264166274
0.520223192398
0.517208328189
0.51617307322
0.51445944848
0.51316050152
0.50986707066
0.507964393797
0.505912383884
0.503036882971
0.501563385349
0.49911914293
0.498284296006
0.494762093951
0.492567681833
0.490238171554
0.486732816783
0.48322197065
0.481508612481
0.47893854857
0.477438393852
0.475734898809
0.472901622735
0.470206163846
0.467869776036
0.465747924532
0.463391863785
0.461952753817
0.459631987065
0.456986803458
0.454034316852
0.451948772313
0.449206610192
0.445917337839
0.443207750689
0.439998449623
0.43729568669
0.434122452675
0.432267305413
0.429563049683
0.427823354303
0.424784791935
0.422615757372
0.41914950856
0.417067935928
0.413906431035
0.411936365034
0.407921406565
0.406498290854
0.40490374336
0.4019089786
0.400048260006
0.396783832066
0.393846966518
0.390374613232
0.386349578381
0.381578251478
0.375912045872
0.372607792232
0.368407940147
0.366055078251
0.362752903864
0.358601807607
0.355889981261
0.353309654368
0.350248326841
0.347540525716
0.344493619677
0.342485407373
0.340356438424
0.335732418632
0.33271078352
0.329814436758
0.327554234927
0.325469703358
0.32301994292
0.320805111466
0.316175866883
0.312743392612
0.309487548257
0.306965973604
0.304914523489
0.302250893173
0.298606335048
0.295475565786
0.293082451677
0.288407970002
0.285971351513
0.282560762717
0.280495610856
0.274649443197
0.27067375063
0.268128797703
0.264160062638
0.259369435998
0.255831053085
0.252501102004
0.246749647007
0.243776261238
0.238199037018
0.234600782268
0.231663756778
0.223309956127
0.218825486231
0.213591498775
0.20943257866
0.205518877169
0.202462094676
0.19370100026
0.191340847649
0.186270374818
0.182514456676
0.178245189514
0.172369499122
0.166122248801
0.15917101124
0.151454528433
0.145156256431
0.139852907212
0.134453352535
0.127593735412
0.121519489642
0.113217297128
0.106285372633
0.100615421706
0.0922106526873
0.0852646465813
0.0794068231076
0.0701511795871
0.0639856465934
0.055747407784
0.0491238858933
0.0407583561198
0.0310568660095
0.021918850256
0.0118403821625
0.00323778229831