0.254887138197
0.290119433993
0.301826566673
0.309356771969
0.314978774622
0.319520438114
0.323305032699
0.326538951237
0.32942852937
0.3320204739
0.334376322057
0.336608711635
0.338653878546
0.34056918818
0.342376676388
0.344071615542
0.345710887834
0.347305141458
0.348798694795
0.350238652497
0.351648652055
0.352984463203
0.354310027936
0.355577699176
0.356822605455
0.357996106261
0.359144472524
0.3602844125
0.361377073212
0.362431114739
0.363466259167
0.364468744933
0.365420827871
0.366372563874
0.367370642663
0.368307589133
0.369202146386
0.370111744814
0.371012225926
0.3718777897
0.372738996816
0.373552352954
0.374413938102
0.375252257225
0.376086024328
0.376908818715
0.37767222237
0.378413049636
0.379146323706
0.379913206348
0.380670840984
0.381403769039
0.382076425077
0.382769489689
0.383486396246
0.38415815584
0.384873550479
0.385560833556
0.386239939087
0.386921097516
0.387597082674
0.388241702238
0.388875112836
0.389544852584
0.390175488742
0.3908125622
0.391456679974
0.392061005183
0.392659409437
0.393345515875
0.393957678245
0.394571927333
0.395218576101
0.395855236173
0.396429011569
0.396985489558
0.397558947319
0.398162723441
0.398743505911
0.399310984735
0.399873868009
0.400439858215
0.401013342406
0.401566772919
0.402121143378
0.402689365126
0.403251032413
0.403753034004
0.40427352117
0.404812054361
0.405364323712
0.405892142196
0.406418428684
0.406968302097
0.407486314416
0.408003716132
0.408484147062
0.40897958248
0.409474837296
0.409970186217
0.410498971783
0.410979638196
0.411494132731
0.411942518275
0.41245526985
0.41293382552
0.413438832304
0.413917611538
0.4144012443
0.414827902321
0.415291981916
0.415752235832
0.416202923372
0.416620620594
0.417060313488
0.417523500467
0.417975139514
0.418436846555
0.418925269603
0.419356265419
0.419816857829
0.420280116474
0.420751611425
0.42120996025
0.421672855411
0.42211215254
0.422586130058
0.423019763027
0.423475078611
0.423899772295
0.424337012841
0.424802913479
0.425233379964
0.42573364372
0.426202717862
0.426604615022
0.427041897289
0.427478994248
0.427939661327
0.428403955887
0.428830194002
0.429255243625
0.429680743013
0.430088694321
0.430492613362
0.430891196148
0.431281076401
0.43175095612
0.432195750897
0.432594535528
0.433030875329
0.433454125186
0.433872445399
0.434300301189
0.434734118762
0.435141249064
0.43551703748
0.435903290853
0.436319028527
0.436743203585
0.437208586651
0.437645573961
0.438027730808
0.438431212325
0.438851364074
0.439290527434
0.439696226574
0.440104441315
0.440471100265
0.44090364955
0.441300704924
0.441705931215
0.442099792961
0.442503609479
0.44292066064
0.443340308445
0.443730992636
0.444144563037
0.444566003421
0.444989622569
0.445399537056
0.445798509495
0.446177499561
0.446598933516
0.446982524547
0.447365991037
0.447720330931
0.448080232362
0.448475274785
0.448877540221
0.449295061671
0.449660351408
0.450058040656
0.450414777173
0.450786291818
0.45120191058
0.451610663828
0.451966226706
0.452352511054
0.452752776222
0.453136718723
0.453558994575
0.453946361895
0.454319548719
0.45470867251
0.45509760845
0.455515136111
0.455845665468
0.456195528702
0.456555381692
0.456950644723
0.45736047627
0.457736945607
0.458110135679
0.458474275709
0.458858548642
0.459238575148
0.459623260294
0.460007790046
0.460335171965
0.460678388372
0.46101445958
0.461457414727
0.461852896866
0.462254273163
0.462630172546
0.462999901229
0.463355278434
0.463720229434
0.464127472238
0.464506647232
0.4648880882
0.465237238672
0.465589482738
0.465933993809
0.466331686171
0.466675237367
0.467035058492
0.467435435314
0.467854366809
0.468199456541
0.468498549846
0.468843912561
0.469190002324
0.469561956143
0.469940335328
0.470276120134
0.470665217096
0.471038218762
0.47140080207
0.471782773418
0.47217608901
0.472500972876
0.472874590774
0.473258797468
0.473597600663
0.473969395883
0.474302769293
0.474693214013
0.475019775981
0.475403161005
0.475719173901
0.476112572846
0.47649427119
0.47681919061
0.477207140293
0.477573561437
0.477933109735
0.478326274308
0.478698428407
0.479048665058
0.479438850764
0.479750508774
0.480124034321
0.480501088983
0.480884412101
0.481242866988
0.481624409199
0.481989564911
0.482384198685
0.482735246484
0.483085143859
0.483349146096
0.483699832858
0.484065093844
0.484441632072
0.484789600722
0.485153148512
0.485488098267
0.485824188992
0.486249462902
0.486636066763
0.487009127593
0.487338668947
0.487742426309
0.48808541901
0.488456098429
0.488838458917
0.489205066032
0.489603953156
0.489945521157
0.490303942991
0.490689679099
0.491036090045
0.49138484989
0.491773541397
0.492074115122
0.492440836713
0.492844793529
0.493249402222
0.493513006492
0.493865569058
0.494257850666
0.494642644394
0.495059221634
0.495469120536
0.495784973491
0.49617073126
0.496518801526
0.496870970758
0.49724092675
0.49756315396
0.497918892051
0.498312863655
0.498654265752
0.499032740828
0.499420147861
0.499838311182
0.500230111892
0.500622739091
0.500966777297
0.501334771644
0.501724931847
0.502130807173
0.502548778381
0.502917454077
0.503332836991
0.503624586774
0.504033403275
0.504442075724
0.504831445729
0.505273111565
0.505668095938
0.506100474043
0.506455658967
0.506796231382
0.507215208009
0.507678340271
0.508089213409
0.508487988948
0.508902627251
0.509273984109
0.509628924212
0.510033329181
0.51041042344
0.51084443351
0.511258679381
0.511666792074
0.512119164476
0.512491007263
0.512860662989
0.513193319743
0.513616025567
0.514037353559
0.51449857903
0.51489407858
0.515360631573
0.51577303431
0.516206564109
0.516640149652
0.517081889237
0.517450276097
0.517872396968
0.51830562845
0.518656707411
0.519189919452
0.519594702567
0.520027748896
0.520466316846
0.520897862861
0.521246718905
0.521707460702
0.522163238026
0.522585980255
0.523027942708
0.523451611161
0.523888405454
0.524293000382
0.524721576195
0.525237771321
0.525624211533
0.526078943565
0.526527224274
0.527017589286
0.527430291416
0.52785475334
0.528301306903
0.528791283411
0.529278661407
0.529777006166
0.530214708477
0.530636744494
0.530993150977
0.531465880833
0.531877131438
0.532329145953
0.532814075239
0.533307084409
0.533756881866
0.534265027203
0.534716815981
0.535188269672
0.535701241395
0.536136122144
0.536566413217
0.537112400872
0.537625839989
0.53803891055
0.538503085476
0.538946708289
0.539505962337
0.540048199264
0.540486465269
0.541034689382
0.541577493198
0.542043261448
0.542512550648
0.543037266743
0.543474432191
0.543966780518
0.544472112613
0.545027720852
0.545542625731
0.545900641891
0.546395289579
0.546901033924
0.547384259844
0.54787023887
0.548398255447
0.548905701338
0.549474524586
0.549998688926
0.550537820126
0.551054526317
0.551438368721
0.552047644248
0.552587018089
0.553031618852
0.553458966502
0.55395143219
0.554472803578
0.555077992847
0.555607338395
0.556014707381
0.556542428606
0.557081324247
0.557662099971
0.558119558692
0.558734661355
0.559322376651
0.559867836924
0.560413270952
0.560978453517
0.561593716444
0.562152110993
0.562733103806
0.563338720191
0.563916238139
0.564366411688
0.564936499122
0.565516759476
0.56608853845
0.566677642449
0.567302524225
0.567968609155
0.56858859915
0.569147268501
0.569768063747
0.570231663477
0.570855390466
0.571465938881
0.572027249254
0.572541895823
0.573171041808
0.573764800994
0.574346254715
0.575018120805
0.575570365773
0.576176993874
0.576819560008
0.577495175031
0.578132862865
0.578620852444
0.579196761737
0.579905543187
0.580551602558
0.581215013156
0.5818051604
0.582286166766
0.582940588941
0.583641793479
0.584244575863
0.58474407504
0.585292364677
0.585989603793
0.58666417016
0.587363357118
0.587995016918
0.588758276275
0.589520303874
0.590161274283
0.590872494238
0.591578898424
0.592277096889
0.592961694859
0.593719519448
0.594416352693
0.595105523585
0.595710512845
0.596463368671
0.597206451898
0.597787538182
0.598412628325
0.59889423069
0.599515094169
0.600255964214
0.600975932277
0.601648851517
0.60238776375
0.603035692054
0.603591527537
0.604168996884
0.604938593279
0.605609406469
0.6062708618
0.606902390444
0.607614696969
0.608305794481
0.609038821896
0.609664322938
0.610309922492
0.611072336896
0.611567219534
0.612232522186
0.612936784206
0.613698458236
0.61449534031
0.615282923856
0.615942369374
0.61670693294
0.61738376034
0.618178238389
0.61881739552
0.619470760684
0.620261869266
0.621123376945
0.621853864284
0.622414168016
0.623147201436
0.623833879151
0.624511773258
0.62515821026
0.625809593799
0.626602828037
0.627336235307
0.627921688946
0.628597322605
0.629250060974
0.63011317244
0.630942431796
0.631615315893
0.632477977541
0.633167871759
0.63403544187
0.634824076374
0.635512882615
0.636246415805
0.637080253546
0.637820778176
0.638692314177
0.639286097651
0.640046754996
0.640794341021
0.641498732575
0.642332168899
0.643071283258
0.643944454314
0.644732519782
0.645662898008
0.646422814241
0.647261541118
0.648198554008
0.649060112843
0.649989652208
0.650886102075
0.651622337232
0.652523448675
0.653443981377
0.65417230373
0.655053666155
0.655795926282
0.656434823452
0.657239276925
0.658112774341
0.658648682
0.659425224628
0.660265320781
0.660685754822
0.66139433762
0.662089457423
0.662964850658
0.663840249734
0.664573940404
0.665323446315
0.666212178237
0.667005694785
0.667577532189
0.668500686434
0.669410693617
0.670354656236
0.671395551604
0.672258078701
0.673112238246
0.673936720965
0.674771468723
0.675728581029
0.676805894164
0.677752575899
0.678539038148
0.679468522559
0.68056751565
0.681181187193
0.682029568595
0.683013922928
0.684039536275
0.684946308267
0.685985153908
0.686759802903
0.687805225688
0.688823103413
0.689882622432
0.690556005778
0.691576376599
0.692459581956
0.693477137641
0.694538311967
0.695664420746
0.696674172158
0.697383225242
0.698270074187
0.699206773198
0.700283935053
0.701335697949
0.702298039272
0.703246237328
0.704213347463
0.70511156462
0.705998482333
0.707230705726
0.708439298015
0.709566832022
0.710465749865
0.711408867291
0.7124420227
0.713598352122
0.714264746718
0.715234997563
0.716329521071
0.717527895399
0.718474455012
0.719754397928
0.720909279596
0.722122924444
0.723252706254
0.724384625634
0.725242963704
0.726458992442
0.727542123042
0.728703658723
0.729674100256
0.731089567924
0.732211382307
0.733514047486
0.734360075537
0.734922704483
0.7359602501
0.736927351725
0.738126134252
0.739383738755
0.740528413339
0.741518195289
0.742663115012
0.743911710595
0.74498529846
0.746255004894
0.7476411378
0.748655259324
0.749872044418
0.751235356468
0.752247346505
0.753444596865
0.754429519071
0.755950793944
0.757182277045
0.758199950409
0.759205129015
0.760495076679
0.762069848978
0.763399075309
0.764362291049
0.765803710586
0.767058079223
0.768245848015
0.769394363836
0.770751092038
0.771816690193
0.77321520183
0.774659860068
0.775887043031
0.777215761773
0.778495929275
0.77977216927
0.78110158896
0.782508125348
0.784048657873
0.785408946387
0.786621062355
0.78832197914
0.789928740686
0.791473259527
0.792456507733
0.793567005059
0.794579370257
0.796066343429
0.797045393691
0.798441596122
0.799841110152
0.801610801105
0.803239911493
0.804395590877
0.805749830542
0.806965997257
0.808388169035
0.809930135534
0.811234772158
0.812784497974
0.813952160896
0.815418538322
0.817254133245
0.818916725441
0.820354512737
0.821676126084
0.823245167524
0.824905249837
0.826618819189
0.828300677207
0.830036954678
0.831532654632
0.832974134432
0.834725584199
0.836163557949
0.837452925327
0.839241512401
0.840788392467
0.842472802673
0.844349815328
0.846090574266
0.847919230328
0.849902178482
0.851700522954
0.853548599027
0.855484293375
0.857403388365
0.858730241234
0.860440265286
0.862510378265
0.864312527571
0.866352210521
0.868399442045
0.870391262576
0.87180342934
0.873599911728
0.875543418131
0.878038455764
0.879814524407
0.881571914085
0.883521757101
0.88512897787
0.887117938908
0.889045937004
0.891551597527
0.893689903911
0.89543317193
0.897463666619
0.899564959492
0.901939023691
0.903854769306
0.90626008397
0.908424774211
0.91030274809
0.912768149011
0.915223062837
0.917764704966
0.920139733124
0.922319819154
0.924460036211
0.926763367634
0.929589040598
0.931797053427
0.933872659573
0.936301699418
0.938585482225
0.940988175505
0.943583442782
0.946080935887
0.948730815094
0.950921319574
0.954012567736
0.956306636103
0.958632022895
0.961191775041
0.964008227649
0.966549143043
0.969334474858
0.972074039388
0.97491855154
0.977172291366
0.979439805505
0.982251840753
0.985166671332
0.987932066302
0.990450578153
0.993798824574
0.99685079185
0.99988347049
1.00335469655
1.00622164405
1.00830100962
1.01131098646
1.01502236546
1.01832472249
1.02115542555
1.02414081613
1.02692985112
1.02932598303
1.03250418791
1.03623444955
1.03975609376
1.04367847792
1.04668671487
1.05036450267
1.05363580928
1.05708833134
1.06099481644
1.06440467834
1.06816231994
1.07227427781
1.0762969061
1.08076031766
1.08395032177
1.0877306249
1.09134158695
1.09512311699
1.09966541725
1.1038271477
1.10785466324
1.11254806257
1.11719982131
1.12184119114
1.12585994218
1.12936609455
1.13299146403
1.13710712138
1.14156318938
1.14509539891
1.14948812585
1.15431629358
1.15862693861
1.16364807991
1.16852953505
1.17380594744
1.17927092342
1.18562136973
1.19143862111
1.1951824816
1.20093405408
1.2063764584
1.21023375704
1.21534995233
1.21913969837
1.22479218159
1.22910215816
1.23520557006
1.24206492725
1.24595260823
1.25325319788
1.25881941175
1.26380178583
1.27041788712
1.2742383363
1.27962962796
1.28475261419
1.2903747386
1.29657033789
1.30442850119
1.31149588674
1.31801601234
1.32371448811
1.33022586553
1.33785916373
1.34488291312
1.35129406179
1.35801805035
1.36673334274
1.37455511618
1.38276029165
1.39050025478
1.39709249231
1.40762798481
1.41801812386
1.42665500218
1.43516276577
1.44557313657
1.45433479693
1.46528180815
1.47395090122
1.48003108798
1.48949617013
1.49994947164
1.5121109965
1.52034883162
1.52871802003
1.53859568379
1.54983976903
1.55939131637
1.57316178616
1.58610965889
1.59796289443
1.60987654077
1.62103458279
1.63190507538
1.64645139593
1.65684477252
1.67075070594
1.68477703657
1.69813436016
1.71277932963
1.72854921501
1.74107468942
1.75764054618
1.77287799161
1.79011216749
1.80344832788
1.81861979543
1.83794851131
1.8578786517
1.87200797206
1.88888062004
1.90545960486
1.92232648755
1.94369590125
1.9604077999
1.98157352352
2.00401816209
2.02403066632
2.0472623651
2.07090754266
2.10278510986
2.12535432568
2.15536528735
2.18199643627
2.20018139559
2.22865429801
2.25150501234
2.28728291876
2.31047527283
2.34441346152
2.37755043881
2.42059791214
2.43878723216
2.47388124969
2.50838151056
2.54740407764
2.57685702827
2.62123350669
2.64467068069
2.68968483018
2.73410735311
2.78522060099
2.80201236876
2.82980441364
2.85346794765
2.87574354818
2.86303604077
2.83095864126
2.75268677714
2.71304993514
2.56310857142
2.08281272684
1.17478462232