0.254887135176
0.286887824808
0.300704687379
0.30865887078
0.314216383739
0.318407520671
0.32180408752
0.32468337798
0.327329991919
0.329784939173
0.332074748059
0.334041879535
0.336013235474
0.337939387692
0.339658253133
0.341373469648
0.342967197987
0.344549522312
0.346075930869
0.34738437525
0.34880005795
0.350053491405
0.3512613769
0.352504436938
0.353740828048
0.354858932194
0.355864252707
0.356858202875
0.357926207232
0.358996947181
0.360068529425
0.361113122624
0.362073335151
0.36302668775
0.363918980206
0.364702883314
0.365604813269
0.366577754339
0.367491185888
0.368318549238
0.369274931002
0.370115011185
0.371007293404
0.371765390789
0.372616273874
0.373375871473
0.37419930389
0.37487692434
0.375665811142
0.376462345201
0.377199589711
0.377892232804
0.378682152436
0.37942809616
0.380058318878
0.380722589442
0.381402647291
0.382102043915
0.38279083201
0.38341767128
0.384056556093
0.384738786708
0.385373439996
0.386025966775
0.386669781286
0.38729814809
0.387977819041
0.388581235882
0.389253554323
0.389821132777
0.390365284464
0.390963630413
0.391595768695
0.392173107073
0.392749499663
0.393330657709
0.393908455643
0.394469437303
0.395091224634
0.395627679992
0.396106082099
0.396644701378
0.397280925663
0.397888760521
0.398409911421
0.398935093358
0.399484892142
0.400070902114
0.400526049784
0.401054174682
0.40162331022
0.402198609976
0.402685443574
0.403250732595
0.403754948189
0.404287287624
0.404774631092
0.405282819174
0.405743175942
0.406254896265
0.406763508778
0.407279661044
0.407823618643
0.408267730325
0.408751844191
0.409247314483
0.409682485826
0.410157975421
0.410684502205
0.411186827284
0.411648013655
0.412204673555
0.412778837341
0.413237974813
0.413585163722
0.414025498792
0.414548177908
0.41506296164
0.41557393934
0.416051522403
0.416513273688
0.41696307765
0.417429435368
0.417901479141
0.418327074786
0.418752091431
0.41925175289
0.419764460418
0.420259899692
0.42075283081
0.421233462769
0.421739973448
0.422179096848
0.422643681234
0.423147134856
0.423532468544
0.423936357766
0.42440317224
0.424779919588
0.425195551591
0.425670824367
0.42611208519
0.426449094254
0.426872379148
0.427271769191
0.427647175177
0.428111902034
0.428499999852
0.428880641524
0.429251805008
0.429660246529
0.430019104174
0.430462187458
0.430898136048
0.431130297731
0.431592290019
0.431991753536
0.432430144605
0.43288377491
0.433299633581
0.433761681021
0.434164112945
0.434591515902
0.435011609354
0.435420660711
0.435878093752
0.436275607583
0.436632755852
0.437015328679
0.437405356644
0.437916838675
0.438263325326
0.438664491457
0.439030292662
0.439453475897
0.43985137067
0.440273741754
0.44065653479
0.441036549438
0.44145176911
0.441872209412
0.442213680224
0.44262609265
0.443012408708
0.443415005914
0.443737374016
0.444176286444
0.444637117443
0.444980489996
0.445404096513
0.445882450037
0.446231890365
0.446637546562
0.447089115779
0.447475843626
0.447873418141
0.448293340708
0.448634018827
0.449058662182
0.449457917809
0.449873015436
0.450170072945
0.450481030192
0.450937800398
0.451095535941
0.45151307668
0.451951995497
0.452373053238
0.4527877304
0.453301011308
0.453658423822
0.45402500661
0.454442725714
0.454953406884
0.455350673208
0.455773548111
0.456237555008
0.456737190009
0.457184463421
0.457562769708
0.457853011142
0.458068569061
0.458574678015
0.458904665598
0.459296041256
0.459800802008
0.460173142609
0.460556493221
0.460930178258
0.461376524003
0.461632528469
0.461917661202
0.462368491815
0.462709647509
0.463123303887
0.463536430612
0.463875347897
0.464294159427
0.464706047083
0.465068892541
0.465439085003
0.465860245595
0.466262005587
0.466718112308
0.467096143343
0.467568522359
0.467982349365
0.468320483235
0.468632979104
0.468961228845
0.469398892913
0.469801109983
0.470222673421
0.470649912963
0.471062469304
0.471494880222
0.471921518935
0.472383998333
0.472831301986
0.473105398786
0.473546569805
0.473978560441
0.474452772719
0.47493114355
0.475319717821
0.475754455582
0.475867616783
0.476331656113
0.476803200526
0.477200252568
0.477542361931
0.478004559829
0.478406870592
0.478786002064
0.479187914882
0.479641561008
0.480058030219
0.480465254808
0.480885347982
0.481269843192
0.48162386411
0.481715733461
0.482119814807
0.48262551299
0.482924687796
0.483358179933
0.483817150459
0.484335711221
0.484826484094
0.485157149284
0.485432489624
0.48580937979
0.486321597212
0.486687705616
0.487050175478
0.487431084295
0.487625815674
0.487990884135
0.488453308535
0.488943452058
0.489299359899
0.489724459857
0.490261768533
0.490699939111
0.491045631209
0.491437559316
0.4918706235
0.49207323547
0.492328598379
0.492733921026
0.493232520088
0.493627089824
0.493988343902
0.494512837329
0.494921403153
0.495064912719
0.495551632476
0.4960332964
0.496538058019
0.496873312271
0.497297913027
0.497743629446
0.498020664083
0.498432567393
0.498840380381
0.499255402018
0.499683075944
0.500104618181
0.500628030434
0.501200431914
0.50154061583
0.502036226691
0.502458936921
0.502800521462
0.503341819034
0.503867166857
0.504239140713
0.504684048426
0.505059432119
0.505462621751
0.50588686416
0.50613260496
0.506583443466
0.507090364414
0.507493748055
0.507605538329
0.508089333865
0.508514646403
0.509017732968
0.509425032039
0.509903579312
0.51016329116
0.51052331247
0.511001197974
0.511535321548
0.51195759762
0.512299770472
0.512773825438
0.513026271091
0.513487206464
0.513985317001
0.514443649625
0.514949564505
0.515419296192
0.515837522687
0.516131391563
0.516535069516
0.517043353394
0.517346772552
0.517730653993
0.518184851523
0.518685550358
0.51908556357
0.519482365897
0.519831782756
0.520222348196
0.520760862686
0.521256574446
0.521730164885
0.522209159633
0.522606463256
0.522926507915
0.523357106066
0.523814349933
0.524293772628
0.524584066176
0.525057275113
0.52562463733
0.525898226107
0.526335724024
0.526688395372
0.527121191932
0.527571627492
0.527857351954
0.528413026674
0.528875424947
0.529238037245
0.529782039577
0.530300251152
0.530793962332
0.531141709816
0.531609089006
0.532053875254
0.532546690159
0.533194822538
0.533720627235
0.534283303183
0.534616809373
0.534957921109
0.53548295439
0.536046188493
0.536446403577
0.536800076374
0.537205582761
0.537407919175
0.537836669721
0.538344481976
0.538724972111
0.539237681697
0.539725456211
0.540348040928
0.540854139861
0.541525660194
0.542072869044
0.542532338405
0.542932486948
0.543267176146
0.543691367343
0.543941250976
0.544371981434
0.544802004773
0.545297210157
0.545820730749
0.546407907971
0.546968813157
0.547343805152
0.547973768526
0.548211014183
0.548703985784
0.54908980896
0.549620175222
0.550011665582
0.550604035137
0.551022409501
0.551477447297
0.552023010641
0.552645709488
0.553266128317
0.553870239382
0.554660284831
0.55519713533
0.55576923062
0.556212347087
0.556548691797
0.556999278723
0.557380240752
0.557912023575
0.558423694975
0.559023235949
0.559550694164
0.560117646114
0.560535182452
0.561089614574
0.561594299554
0.562275092876
0.562922563782
0.563426438142
0.564015955593
0.564448370213
0.564992118442
0.565511590632
0.56603691745
0.56636425536
0.567051403773
0.567674535743
0.568069543013
0.568527481552
0.56907142809
0.569546110358
0.570158719908
0.570849688803
0.571373094708
0.571995897126
0.572610108909
0.573263390177
0.57377816885
0.5743358293
0.575019510173
0.57541441818
0.57593264657
0.57659020241
0.577066138351
0.577723035234
0.578442131585
0.579058615243
0.579730743943
0.58025283269
0.580980907259
0.581562851548
0.582303777897
0.582883453893
0.583305532936
0.583700135021
0.584049077163
0.584398073041
0.585046509005
0.585618667997
0.586420748927
0.586794290436
0.58733402491
0.587661761852
0.588514763161
0.589149049369
0.589627640419
0.590206453757
0.5906180764
0.591296894037
0.591776799163
0.592259133802
0.593143741136
0.593865677285
0.594509117315
0.595118708032
0.595341309339
0.59588040762
0.596582917574
0.597219392622
0.597703767828
0.598563699258
0.598933007114
0.599648261197
0.600119170326
0.601043846333
0.601701273123
0.602525179745
0.603279133142
0.603655221954
0.604220657409
0.604884181113
0.605537174869
0.606334972385
0.607283289092
0.607606997028
0.60830623492
0.608918683907
0.609305689427
0.60993589589
0.610569165538
0.611326714084
0.6119082306
0.612565593667
0.613316556873
0.613865047743
0.614211963759
0.615000581172
0.615547568581
0.615891357518
0.616549205381
0.617321153672
0.618323530496
0.618957172361
0.61976630043
0.620693346263
0.621638264924
0.62239591535
0.622727981823
0.62347926031
0.624225310813
0.625043860974
0.62550565466
0.626153658952
0.627224271812
0.628031454897
0.628773775356
0.629591691816
0.630490961198
0.631153737122
0.632030991703
0.633047068311
0.633742976371
0.634239757729
0.634839810933
0.635458685687
0.636166884675
0.636761475249
0.637490494508
0.638443891874
0.63910387795
0.639848027934
0.640721919784
0.641589493447
0.64209825881
0.643044136794
0.643789519493
0.644816921508
0.64572304247
0.646549839314
0.647384471415
0.648458793612
0.64918856305
0.649938416887
0.650975427179
0.651636455256
0.652621778368
0.653460442699
0.654409282363
0.654652660152
0.655656676123
0.656780373822
0.657604645649
0.658397116556
0.659370764295
0.660133302104
0.661499051973
0.66227133621
0.66297618843
0.663950767198
0.664911295613
0.665598684494
0.666375050271
0.667095974455
0.668249431938
0.669077976904
0.669770408991
0.670940674821
0.671749341194
0.672730399266
0.67319543403
0.674442578809
0.675745388292
0.676527054622
0.677477618714
0.678432631616
0.679015155812
0.679981988011
0.680892923833
0.68193512
0.682074826524
0.682945465907
0.683707600934
0.684483087599
0.685178172426
0.685877600657
0.686899827234
0.687855398779
0.689058400884
0.690107645416
0.690960992245
0.691580464575
0.692864454325
0.693650222459
0.694244315559
0.695344956582
0.696189352813
0.697178677909
0.697716123695
0.698718707255
0.699808512529
0.700966503418
0.701867409127
0.702362523012
0.702897938256
0.703830301584
0.704861142155
0.705845180554
0.70697616632
0.708075012144
0.709391230029
0.710227391527
0.711501502404
0.712267532733
0.713776860557
0.714953364284
0.715676200143
0.716630267575
0.717216327219
0.717996838588
0.719487855708
0.72093754241
0.720853897133
0.721709021786
0.722727332695
0.723914040817
0.724814331062
0.725780302913
0.727200259605
0.728436058957
0.730038154617
0.731542430211
0.732907403798
0.733797592523
0.734442656136
0.736058691669
0.736939326491
0.738276090606
0.739695106152
0.740757519347
0.741969851217
0.743397527452
0.744139390327
0.745226777954
0.746399807685
0.748026872993
0.748821622855
0.75006775875
0.751137236869
0.752901002749
0.75369385357
0.754919023718
0.756660040935
0.757391434766
0.758742333832
0.760601956143
0.761785750564
0.762875514645
0.764409312106
0.76593757568
0.767484540037
0.768556287505
0.770258045671
0.771525723106
0.772625746188
0.774148226951
0.775328061874
0.776693313103
0.778143007153
0.779990637888
0.781579939463
0.783273793105
0.784849824357
0.785921600051
0.787462682341
0.789067076392
0.788571204373
0.789409586009
0.791427127829
0.792428513754
0.793721326155
0.794941660997
0.796463877213
0.798179085903
0.799739572498
0.801360162511
0.80324918937
0.804134767082
0.806350770453
0.808247443646
0.80958573886
0.811773619238
0.813863811556
0.815253509767
0.817739010139
0.819211219732
0.820547432924
0.822360478124
0.82447524611
0.826725098705
0.828875492795
0.830497051895
0.832880743854
0.835337802484
0.83675676062
0.838927583505
0.8407471656
0.843207541971
0.844143386617
0.845656942726
0.847975596069
0.850608166575
0.852512358216
0.854604784716
0.855671637782
0.858068311804
0.85966957733
0.860933752372
0.862556221835
0.864458810691
0.865895987546
0.867886315246
0.870137166042
0.872720058943
0.87381693126
0.877299353019
0.87994420465
0.881759411479
0.883728803101
0.885459778856
0.88688045451
0.888429576232
0.890626054848
0.892943115136
0.895775837667
0.896889729995
0.899398117719
0.901325868367
0.903566294876
0.906147040914
0.909069646682
0.911090675598
0.913144322521
0.915416972802
0.918116159297
0.920151532928
0.923076015626
0.924989612863
0.929166726181
0.932626182825
0.934851790847
0.936915673383
0.939536514495
0.941564377997
0.943618251871
0.945783689571
0.948163066674
0.950509165727
0.953027723493
0.955303367067
0.957854188297
0.960655216732
0.961766470322
0.964799531451
0.966595681665
0.970192054148
0.973210198972
0.975581284268
0.977883444335
0.979975459931
0.98373439332
0.987050469424
0.989231573045
0.993959933869
0.995671002295
0.998525060556
1.00240437091
1.0049325032
1.00423265714
1.00711253914
1.01048093543
1.01310667181
1.01601217191
1.01963295088
1.02305651921
1.02715942785
1.03033243529
1.03238152623
1.0363085703
1.0399439528
1.04467707479
1.04651892642
1.04960742058
1.05093103413
1.05599041901
1.05977422584
1.06452096451
1.06796371117
1.07204009067
1.07504126467
1.07846189115
1.08323034852
1.08655819478
1.09333896329
1.09670166939
1.09989054
1.09495364736
1.09797277037
1.10335975038
1.10505378191
1.10987776464
1.11561252792
1.12078028838
1.12678057858
1.13161553427
1.13795352191
1.14135923964
1.14576196098
1.1499461553
1.15515910215
1.15886477305
1.1630704562
1.16929636525
1.17518855549
1.18043205126
1.18466137281
1.19123287053
1.19469209733
1.19921051427
1.204941661
1.20966165557
1.2148264334
1.22040727887
1.22499695891
1.23291887283
1.23806075883
1.24527196258
1.24800460978
1.2548617375
1.2601046799
1.26488069938
1.2696178533
1.27703729727
1.28881754729
1.29349711931
1.29746507226
1.30352268023
1.3097706237
1.31808836672
1.32431724868
1.32947478034
1.33643780077
1.34317268039
1.3474816224
1.35647304532
1.35887046626
1.36761560889
1.37275559335
1.38016322205
1.38603383003
1.39103688346
1.39889872716
1.3984769797
1.40597316978
1.41356687624
1.42705979287
1.4316421728
1.44313537517
1.45348904758
1.46374264428
1.47037975993
1.48104587918
1.49539289742
1.50712410246
1.51865635343
1.52942020896
1.53060677669
1.53609491097
1.55189386179
1.56509151348
1.57552946079
1.59199784571
1.60105691004
1.61704736436
1.63754012697
1.65527096319
1.66757559956
1.67811303641
1.69114659674
1.7050799059
1.72221813763
1.73846724207
1.75963255899
1.77686467124
1.78892811389
1.80785675688
1.82448511364
1.83537992752
1.85339771079
1.87169947648
1.8880886357
1.90416683731
1.93764966202
1.9514900661
1.97765468293
2.00064691912
2.01705677223
2.02904617467
2.02127217611
2.04008882158
2.06178392952
2.08042858798
2.10870478139
2.1336736033
2.13895777361
2.17625460739
2.20025459863
2.22514144816
2.24643797101
2.29190746998
2.3108194657
2.3744750188
2.39768366427
2.43022774537
2.46863003581
2.47822650514
2.50922631381
2.5409681412
2.59254765663
2.656941416
2.69181676944
2.76418482714
2.73517023766
2.77906213104
2.81811341203
2.67520280151
2.70455285729
2.62322355132
2.39023717774
2.64298400968
2.07223809878
1.22977496852
0.327925632091