1.0
0.79001109513
0.737381929124
0.703863695853
0.679668050263
0.66079208656
0.644843811492
0.63135364129
0.618947545644
0.60776965212
0.598101767667
0.58922169555
0.5812196395
0.573845750058
0.567100098083
0.560677918254
0.554328829666
0.54872468361
0.54328982013
0.538044859245
0.533292546791
0.528567196254
0.524180481726
0.519687372143
0.515713412324
0.511724820085
0.507933570655
0.504413109571
0.500912099332
0.49738033621
0.494201062066
0.490962903945
0.488034223282
0.485167721547
0.482137357965
0.479273974034
0.476527259738
0.474024194724
0.471587383042
0.469136186946
0.466758152951
0.46423669998
0.461817461374
0.459676415897
0.457464688392
0.455065148636
0.452806795792
0.450662490794
0.44856172876
0.446620754171
0.4447067415
0.442724987454
0.44098089509
0.439124561789
0.437323427787
0.435512479789
0.433904366187
0.43214064583
0.430327217761
0.428500645315
0.426758040993
0.425248138211
0.423572212375
0.422031769287
0.420394319985
0.418686082365
0.416986312416
0.415599740032
0.413952512163
0.412579969896
0.41103159058
0.409633184713
0.40828877354
0.406835380951
0.4055390123
0.404028648932
0.402629747051
0.401276230473
0.399854405648
0.398449339019
0.397315237883
0.395935609699
0.394631907122
0.393278673981
0.392073713669
0.390721224549
0.389507973712
0.388236157766
0.38706768993
0.385825882845
0.38460997479
0.383439133171
0.38213071846
0.380954562403
0.37975052326
0.378628468185
0.377508468026
0.3765010631
0.375377378264
0.374172169945
0.373035765886
0.371952470782
0.370899574264
0.369804587395
0.368663010617
0.367692239886
0.366627899611
0.365616384853
0.364543435188
0.363666092282
0.362709918542
0.361729510963
0.360853018367
0.359787012902
0.358925542452
0.358012132225
0.357000475749
0.356120440194
0.355251529531
0.354357747296
0.353305949096
0.352331847983
0.351308464313
0.350419110777
0.349467861749
0.348612733196
0.347747152914
0.346872467227
0.346119057023
0.345242954153
0.344403166612
0.343585557993
0.342775495876
0.34194474288
0.341062050106
0.340208409596
0.339449259798
0.338705911597
0.337792076215
0.337072465838
0.336310729681
0.335500632135
0.334643342376
0.333999941045
0.333350693832
0.332600188854
0.331909418163
0.331231012398
0.330499603968
0.329734785436
0.329112819006
0.328456769312
0.327720577888
0.327036751396
0.326188815049
0.325542969076
0.324755192171
0.324066405536
0.323477211476
0.32281786683
0.322017335273
0.32118799946
0.32060649362
0.319947007256
0.319359053231
0.318724084142
0.318085536664
0.317433136217
0.316775704769
0.316078556752
0.315467290057
0.314878840018
0.314335775282
0.313648264113
0.312928866314
0.312359619112
0.311734818315
0.31110381734
0.31063951258
0.310037989022
0.309515898603
0.308924897633
0.308362771779
0.30766831641
0.3070773863
0.306502116068
0.30596007879
0.30529846665
0.304753098991
0.30409676586
0.303507182074
0.302848439731
0.302211274007
0.301729750467
0.301106154275
0.300402664362
0.299750901648
0.299164187658
0.298608793426
0.298048864205
0.297571379638
0.296888155449
0.296363638103
0.295738500725
0.295136994882
0.294690865501
0.294108367633
0.293665001759
0.293158482644
0.29261401844
0.292004257503
0.291519120144
0.29091564796
0.290323778965
0.289757188982
0.289205213705
0.288686878822
0.288183300363
0.287675151486
0.28719671032
0.286724823628
0.286221829757
0.285726541821
0.285216993476
0.284750775518
0.284236727615
0.283754672631
0.283192688495
0.282654141032
0.282235540441
0.281671306526
0.281183759955
0.28069105838
0.280111040583
0.279570048478
0.279010597557
0.278400588613
0.277902413166
0.277366328059
0.276868436049
0.276400712333
0.275880464252
0.275394246291
0.274796673133
0.274263953837
0.273757381578
0.27330273138
0.272807939459
0.272245105013
0.271776300695
0.271302872815
0.270768931198
0.270334086141
0.269869214508
0.269433589999
0.268933395066
0.268454670463
0.267995095553
0.267522659702
0.267082411633
0.266696122827
0.266225724177
0.265703314892
0.265138071233
0.264704111916
0.264155945319
0.263655626382
0.263151303901
0.262764536796
0.262337061093
0.261785758978
0.261327618966
0.260818442631
0.260325634767
0.259842818047
0.259398247568
0.258880869283
0.25844097551
0.257900125123
0.257438158716
0.256936759176
0.256558424313
0.25612278209
0.255661807711
0.255141010472
0.254788734071
0.254343986444
0.25389854794
0.253470983663
0.252990168714
0.252532861298
0.252051904631
0.251646784999
0.251188591842
0.250713038188
0.250213746709
0.249696563287
0.249247457821
0.248755943136
0.248324623323
0.247966146745
0.247519379631
0.247144764874
0.246671585002
0.246203808142
0.245664144647
0.245202709683
0.244689830957
0.244224941608
0.243738705933
0.243272293112
0.242748378069
0.242375074207
0.24191739478
0.241449865927
0.24103833354
0.240422638147
0.240043027818
0.239556685854
0.23907544575
0.238571725573
0.23810161036
0.23763597699
0.237190414482
0.23676933382
0.236340618082
0.235862247775
0.235382531144
0.234950077584
0.234495569105
0.234003576121
0.233524072067
0.233059997599
0.232545347393
0.232086303927
0.231624691816
0.231129864465
0.230718154929
0.230293584453
0.229800953736
0.229363274312
0.228928748121
0.228467844601
0.227914416711
0.227441892286
0.22692033331
0.226433583906
0.226015922199
0.225614912399
0.225166922964
0.224762671357
0.224300315224
0.223824407274
0.223462618028
0.223036435506
0.222611528448
0.22218281271
0.221749951709
0.221325646955
0.220845115443
0.220388463474
0.219875425314
0.219429508511
0.219032271962
0.21850913637
0.217943130975
0.217555726137
0.217049171592
0.216579640968
0.216102315834
0.215652448631
0.215096133229
0.214738117235
0.214288746046
0.21372118175
0.213337886744
0.212873404836
0.212387399453
0.211912324097
0.211461748303
0.210942102525
0.210457726903
0.210062226404
0.20954695618
0.209094219181
0.208611313886
0.208223182742
0.207797655667
0.207418399634
0.20697894873
0.206512128469
0.206020241774
0.205569311684
0.205124865208
0.204677672939
0.204138080303
0.203606051884
0.203077796716
0.202632358212
0.202213332466
0.201713190677
0.20130240231
0.200799603302
0.200309257794
0.199901746665
0.199476007012
0.19896355344
0.198502118477
0.19808622825
0.197700506317
0.197263322907
0.196961551385
0.196508548664
0.196069487485
0.195609983435
0.195200275671
0.194756998371
0.194399974406
0.193876891958
0.193412286046
0.192912392264
0.192425731433
0.191944030745
0.191592604654
0.191150301669
0.190721993371
0.190214411368
0.189756165067
0.189311293436
0.18887852101
0.188437830071
0.187889114316
0.187403817524
0.186919264754
0.186479424125
0.186016129108
0.185568068814
0.185123144039
0.184660681617
0.184211257284
0.18369044233
0.18331311721
0.182920840804
0.182516819489
0.182098555479
0.181633931852
0.181230016826
0.180810955651
0.18031350651
0.17981564993
0.179421548899
0.178932780008
0.178428492957
0.178064276785
0.177653258126
0.177156801014
0.176667217242
0.176228350927
0.175797934568
0.175372566926
0.17498842161
0.174553363976
0.174071681002
0.173649200871
0.17314705731
0.172666118358
0.172197331755
0.171760963226
0.171338412236
0.170892300569
0.170399847001
0.169969979801
0.169510599753
0.169182822913
0.168755276352
0.168341759907
0.167927747448
0.167513646415
0.167095098968
0.166673858873
0.166325656875
0.165837153706
0.165446436201
0.165064469805
0.164518074688
0.164075505981
0.16362764055
0.16317143145
0.162766666114
0.162275930881
0.161810935243
0.161385532172
0.1608666127
0.16052893329
0.160119012949
0.159682325553
0.159253379522
0.158743600885
0.158289216409
0.157785035647
0.157358498828
0.156950615688
0.156569588176
0.156075611136
0.155644521615
0.155219827135
0.154774548064
0.154379844731
0.153945849983
0.153549959759
0.153044910972
0.152586912678
0.152237311212
0.151734955073
0.151241438617
0.150831305698
0.150457948692
0.150061580168
0.149617558847
0.149200924599
0.14877142941
0.148293838554
0.147855220245
0.147453103271
0.147020862288
0.146598417587
0.146173111947
0.145720428091
0.145372288095
0.144943687503
0.144548328723
0.144105804302
0.143640542943
0.143303164684
0.14293548527
0.142524661474
0.142075449718
0.14172707943
0.141283217542
0.140806476996
0.140370808201
0.14000482055
0.139614731921
0.139164607853
0.138749408503
0.138367583825
0.13797305764
0.137490418068
0.13719516559
0.136758566768
0.136327804971
0.135896839454
0.135445147627
0.134999443401
0.134597671865
0.134174651433
0.133774607089
0.133385147335
0.133020851447
0.132585953245
0.132221710501
0.131757494315
0.131278291412
0.130872303755
0.13046508492
0.130047866083
0.129663632193
0.129227263664
0.128787927906
0.128417405267
0.128059504419
0.127654907374
0.127228255409
0.126752878902
0.126366811531
0.125985899165
0.125537112565
0.125102001786
0.124696501286
0.124219548162
0.123830548993
0.123428352302
0.123009299984
0.122656084699
0.122241558511
0.121780176692
0.121434959636
0.120990690309
0.120534817791
0.120129193287
0.119804303958
0.11939971577
0.118930397723
0.118482585436
0.118065800612
0.117619901523
0.117256225652
0.116812053755
0.116321362809
0.115906420323
0.115496969424
0.115047155365
0.114663497207
0.1141876424
0.113862478492
0.113438147166
0.113012522659
0.112635923846
0.112182132816
0.111729103522
0.1113815304
0.111006579062
0.110612398315
0.110159696745
0.109806056306
0.109456888851
0.109116879946
0.10857361149
0.108134975466
0.107697517477
0.107230032911
0.106820068283
0.106431263976
0.106049598732
0.105646153147
0.105230989227
0.104800936021
0.10445410692
0.103987082939
0.103542485887
0.103127959699
0.102775949021
0.102320545944
0.102024886027
0.101578916079
0.101103938155
0.100784646701
0.100421573133
0.0999895713006
0.0994989334985
0.0990891460179
0.0987096774079
0.0982333000153
0.0977483575197
0.0973837073352
0.0969767365069
0.0965323254607
0.0961254254916
0.0957068780453
0.0953159833929
0.0948591188463
0.0944846723805
0.0941044243195
0.0937261868877
0.0932950619373
0.0929257616192
0.0925511025759
0.0921346011883
0.0917229093673
0.091373697626
0.0910346453193
0.0906948047043
0.090329401641
0.0899466203644
0.0895522624698
0.0890781968578
0.0887199771437
0.0884060621302
0.0879915359421
0.087644556265
0.087264308204
0.0868614560654
0.0864801362594
0.0860235640069
0.0856671777739
0.085269914653
0.0848767436495
0.0845075939072
0.0840969295443
0.083658692104
0.0831994803471
0.0827813049114
0.082450241977
0.0820970621218
0.0817278415203
0.0813472391635
0.0809954676344
0.0806285322414
0.0802670530051
0.0799080626973
0.0795298784099
0.0792182663197
0.0788205514715
0.078516539028
0.0781181775898
0.0777631819682
0.077378646927
0.0770269639719
0.0766118974826
0.0761726680138
0.075855378332
0.0754247936829
0.0751257059523
0.0747912683495
0.0743991956633
0.073991520672
0.073627552507
0.0732913921405
0.0729471228269
0.0726437835456
0.0722709934131
0.0719274769782
0.0715265601809
0.071153349322
0.0708280082661
0.0704663607393
0.0701326981588
0.0697320072251
0.0693962985858
0.0690677422948
0.068740138174
0.0683631452065
0.0680907005266
0.0677603063256
0.0674318696095
0.0670231273018
0.066715416895
0.0662985479254
0.0659423476978
0.0656180562435
0.0652286717773
0.0649039064523
0.0645780915257
0.0642775511819
0.0639095839022
0.0635666166259
0.0631523340163
0.0628062090779
0.0624437422418
0.0620612134011
0.0617340920084
0.0613923824825
0.0610357703859
0.0606506064695
0.0603434717936
0.0599909163849
0.059718104123
0.0593554069946
0.0590240473373
0.0587516956601
0.0584717841944
0.0581205219657
0.0578127451285
0.0574803092975
0.0571706724068
0.0568017706716
0.0565096227117
0.056197341888
0.0558236527297
0.0555215490553
0.0551763452863
0.054875122923
0.0545660174761
0.0542160307126
0.0538691130373
0.0534950828691
0.053146765725
0.0528378994279
0.0525538648438
0.0522818320329
0.0520035414708
0.0516249187422
0.0512392632403
0.050884542198
0.050505073588
0.0501793738075
0.0498612736739
0.0495471770837
0.0491975180439
0.0488341477533
0.0485447455865
0.0481590679411
0.0478540147534
0.0475836028462
0.0472606355728
0.0469482307455
0.0466215787949
0.0463530667994
0.0460848338118
0.0457455379267
0.0453985892505
0.0451033057719
0.0448094616205
0.0444966582103
0.0441993065296
0.0438791027641
0.043597242671
0.0432942488282
0.0429737350539
0.0426594746019
0.0423184249521
0.0419617154242
0.0416965559535
0.0413299748563
0.0410115159981
0.0406793636038
0.040381219186
0.0400743458033
0.039739784197
0.039460023307
0.0391605281361
0.0388514669763
0.0385860196402
0.038264473979
0.0379524633059
0.0376165022309
0.0373322373544
0.0371016903776
0.036774905566
0.0364711212005
0.0361390108789
0.0358096153495
0.0354844470129
0.0352041502504
0.0348659659686
0.0345354544072
0.0341941722507
0.0339343847914
0.0336280472812
0.0333154918782
0.033021820446
0.0328286295417
0.0325506268451
0.0322987800423
0.0320422543195
0.0318011293961
0.0314835031332
0.0311783126559
0.03090337019
0.0306037510156
0.0303620282178
0.0300132615608
0.0296962221004
0.029477253956
0.0291725019199
0.0288829004617
0.0286254845705
0.0283659894053
0.0280868086748
0.0278300637315
0.0275187815793
0.0272586243236
0.0269890959418
0.0267066490461
0.026399120216
0.0261397601261
0.0257919943549
0.0255274947603
0.0253063100523
0.0250276740518
0.0247988609104
0.0245338896594
0.0242182651682
0.0239364050751
0.0236811216023
0.023422583036
0.0231147176248
0.0229148748152
0.0226590598985
0.0224006076918
0.0221426227129
0.0218768720109
0.0216384153783
0.0213298413754
0.0210075317637
0.0207330166672
0.0204764488718
0.0202034129606
0.0199965196629
0.0197006383101
0.0194588158666
0.0192889929905
0.0190568671825
0.0188147856602
0.0186024871359
0.018355990201
0.0181950324723
0.0180071504705
0.0177579564582
0.0175143935361
0.0173350821733
0.0171330261216
0.0169466078047
0.0167091066638
0.0164772011837
0.0162220350713
0.0159866386695
0.0157022763617
0.0154858126464
0.0152792603584
0.01505154332
0.014836330712
0.0145787099934
0.014349788349
0.0141812520097
0.0139550584436
0.0137602621361
0.013548878138
0.0133246531284
0.0131440319779
0.0129307237103
0.0126820611418
0.0124877641701
0.0122727718899
0.0121129844447
0.0119238446925
0.0117556117191
0.0115249241311
0.0113846152095
0.0111946982207
0.011029500013
0.0107683474074
0.0105657366612
0.0103426287908
0.0101741057377
0.00999737630609
0.0098301231823
0.00968027705832
0.00953696990781
0.00937587046071
0.00916032459314
0.0090240192151
0.00882606635268
0.00863216242794
0.0084791221051
0.00831671619192
0.00815705385751
0.00799841565965
0.00783245294791
0.00769026681173
0.00751143485547
0.00735915239368
0.00718188376803
0.00699437322329
0.00680527886523
0.0066278563423
0.00644350124531
0.00632215822546
0.00609151381722
0.00595988846641
0.00578508385794
0.00559779696249
0.00539904084486
0.00523838980349
0.00507645720747
0.00494201963306
0.00474143999879
0.00459409775027
0.00443223462946
0.0043251677963
0.0041734621725
0.00405051153506
0.00393513784732
0.00379675845437
0.00364642378957
0.00351719491829
0.00339343355221
0.00321569686848
0.00307232384107
0.00294370668378
0.00282128859735
0.00272146988302
0.00259393526575
0.00243409882813
0.00231419361295
0.00223332350074
0.00212037051197
0.00200116862948
0.00186196286906
0.00174949952827
0.00167577747398
0.00158998458649
0.00149163384735
0.00139275761545
0.00126010286901
0.00111217907701
0.00103378322334
0.000961866970902
0.000824062755182
0.000731573606224
0.000650413829443
0.000551751040051
0.000470466221733
0.000395016698198
0.000319992917913
0.00026995566478
0.000228410821785
0.000183026833401
0.000126249395106
9.92174233418e-05