0.254887135176
0.286720262297
0.296790486287
0.303785551648
0.309153987262
0.313545617478
0.317405664272
0.320784500388
0.323988989258
0.326960013534
0.329596693811
0.332071086427
0.334353419684
0.336498793495
0.338497992259
0.340434816627
0.342382653263
0.344130018736
0.345850411899
0.347436343692
0.34898407711
0.350543721317
0.351963452502
0.353484822831
0.354846978837
0.356177247144
0.35744348368
0.358691325519
0.359945324053
0.361223757829
0.36238632381
0.363582036189
0.364673727247
0.365751819694
0.366902002287
0.367998837917
0.369060279869
0.370035607433
0.370992585909
0.371962743049
0.372833229194
0.37384669998
0.374826896613
0.375674459178
0.376583639673
0.377577528946
0.378520163107
0.379421759288
0.38025343621
0.381080798176
0.38190197862
0.382593693979
0.383351369873
0.384162771846
0.384954991269
0.385722177166
0.386415229779
0.387160393432
0.387977324477
0.388805426774
0.389449401183
0.390141924332
0.390914937403
0.391629527307
0.39239343027
0.39319514085
0.393980640646
0.394571238626
0.395357537334
0.395964201022
0.396711247481
0.397347339355
0.397998635479
0.398710779101
0.399349219085
0.400047885036
0.400744090149
0.401244796935
0.401851708938
0.402561511933
0.403137181421
0.403840821164
0.404509134281
0.405189847081
0.405759789875
0.406463369354
0.406942061704
0.407609889938
0.408226357094
0.40883831903
0.409485847523
0.410112292621
0.410747895948
0.411383246077
0.412036721946
0.412648513721
0.413261910749
0.413815985142
0.414436650626
0.415105459298
0.415739061278
0.416284827729
0.416876968336
0.417495468431
0.418143224772
0.418634622287
0.41924360066
0.419824823961
0.42044399785
0.420952332688
0.421384726869
0.421957061582
0.422375036279
0.422951338725
0.423460103989
0.424001554091
0.424601927116
0.425127797242
0.425648941267
0.426187007011
0.426822820966
0.427414212028
0.428038178777
0.428559180308
0.429143819264
0.429531210462
0.43006708016
0.430610629314
0.431037442679
0.431585681514
0.432113163733
0.432477959562
0.432951906541
0.43347914025
0.434041453189
0.434587345248
0.435074545946
0.435553196828
0.436143796886
0.436610566373
0.437106296835
0.437577954174
0.43813985853
0.438562996032
0.438991223182
0.439487803951
0.439946353195
0.440398094165
0.440766203612
0.441238704174
0.441560998526
0.442003174899
0.442368174589
0.442831914361
0.443328451681
0.443764978964
0.444304631116
0.444778088451
0.445184291282
0.445640179625
0.446163922129
0.446741455943
0.447075490611
0.4475375332
0.447950669636
0.448398129532
0.448844901187
0.449307434864
0.44969870489
0.449917214637
0.450354347051
0.450595233773
0.450985602455
0.451481261189
0.452001662114
0.452414724194
0.452869403679
0.45332208015
0.453605334873
0.453836686991
0.454220586405
0.454656334341
0.455071958271
0.455539447727
0.455979044618
0.456408216774
0.456813706741
0.457310116558
0.457720526757
0.458155009134
0.458601326698
0.459101543651
0.45958693692
0.459954784918
0.460317639868
0.460804722783
0.461307172737
0.461760884474
0.462191612033
0.462627079011
0.462954198895
0.46342936587
0.463840729151
0.464332439396
0.464807041132
0.465159988754
0.465550678893
0.465903232851
0.466306986589
0.466742159591
0.467230971413
0.467548319653
0.467872948565
0.468351333516
0.468720542033
0.469169239335
0.469334948522
0.469746314299
0.470162511883
0.470555390304
0.470943852689
0.471358983957
0.471768829874
0.472191593778
0.472392099062
0.472820633912
0.473114423052
0.47351262763
0.473912622856
0.474265230028
0.474682932499
0.475007197016
0.475425449072
0.475919242172
0.476307646382
0.476786709871
0.477310717564
0.477658269914
0.478121373486
0.478552692101
0.478931402122
0.479295135502
0.479719646174
0.48024292789
0.480522335339
0.480968399587
0.481369803162
0.481761071107
0.481994294916
0.482239755034
0.482567837703
0.482974729668
0.483364499161
0.483699986653
0.483944418089
0.484280470737
0.484713733141
0.48513076024
0.485560581505
0.48596214839
0.486233897584
0.486664935333
0.487144977654
0.487665983815
0.487865946072
0.48829796911
0.488624073543
0.489013761735
0.489280066235
0.489631550898
0.490148863151
0.490538490005
0.491018958923
0.49148532917
0.491851376121
0.492192390823
0.492685918417
0.493106703197
0.493547147023
0.493699503518
0.494182899981
0.494474198639
0.494825944019
0.495189016065
0.495696173416
0.496040108304
0.496475348982
0.496912416043
0.497333032322
0.497807312216
0.498182613765
0.498324538549
0.4986813054
0.499049573316
0.499524570233
0.500024739543
0.50029910472
0.500684444727
0.501180870083
0.501578784311
0.501942697085
0.502397349928
0.502779530566
0.503198765872
0.503504727121
0.503745529729
0.50411703021
0.504539572088
0.50502153645
0.505477771033
0.505964116602
0.506424221109
0.506626815614
0.507048818358
0.507541543494
0.507976445031
0.508539487437
0.508943128521
0.509461664912
0.509976324843
0.510516700095
0.510952047946
0.511454517926
0.511936719676
0.512277590451
0.512743991156
0.513247221474
0.513772201455
0.514061180269
0.51449563541
0.514864210762
0.51530465988
0.515492146679
0.516064715909
0.516577033352
0.517093759106
0.517649391357
0.518056478498
0.518367292674
0.518925038285
0.519422082414
0.519833593635
0.520287503382
0.520865404457
0.521281960093
0.521883321161
0.522446428015
0.522931064932
0.523126544929
0.52364899927
0.524121791607
0.524563744199
0.525080861785
0.525506396686
0.525938333839
0.526429879946
0.526939806552
0.527287842337
0.527725841416
0.528302253712
0.528851775618
0.529255914898
0.529795849817
0.530201829496
0.530727404165
0.531357242385
0.531832292837
0.532382997403
0.53295642373
0.533403869508
0.533962502477
0.534385472586
0.534645966656
0.535208851805
0.535922333464
0.536320492611
0.536908012297
0.537429800754
0.538034696068
0.538450865243
0.539114331816
0.539737286097
0.540247542834
0.54081426801
0.541326445133
0.541955597479
0.542304165297
0.542861784157
0.543298290577
0.543877492081
0.544494800168
0.544998343619
0.545197058754
0.545790216678
0.546388997219
0.547114129974
0.547756677474
0.548383663505
0.548621294441
0.549077067672
0.5497606679
0.550230970952
0.550922789966
0.55152556374
0.551883767898
0.552475286408
0.553087469153
0.553733115897
0.554092715071
0.55457816417
0.555047821186
0.555327102372
0.555880143796
0.556400180443
0.556801977079
0.557301008803
0.557724055432
0.558238526765
0.558923741439
0.55952748379
0.560177141878
0.560810633737
0.561288046088
0.561675919055
0.562045353219
0.562376306003
0.56312996482
0.563606290243
0.564271505193
0.564920893443
0.565336111597
0.566081131081
0.566817386268
0.567033108069
0.567365558185
0.5680753151
0.568694595562
0.569381132589
0.5700197988
0.570500161894
0.571312578732
0.571724912126
0.571986070103
0.572622118194
0.573282828726
0.573929231612
0.574498560182
0.575167447112
0.575855125716
0.576630673963
0.577180071235
0.577761292042
0.57839873266
0.578726639582
0.579008188269
0.579823269222
0.580325529401
0.580961526011
0.581416499125
0.581520736648
0.581961312595
0.582690028657
0.583500043157
0.584140235609
0.584759980363
0.585578249542
0.586264054957
0.586925849442
0.587653116622
0.588423875987
0.589105076189
0.589761012308
0.590564045522
0.590860292246
0.59161246923
0.592231883919
0.592857723248
0.593425124452
0.594048106998
0.59464079356
0.595157551572
0.595928921951
0.59624561159
0.596757530688
0.597729180915
0.598408757748
0.599231821048
0.599981266221
0.600502849275
0.601415360427
0.602283858393
0.602912116575
0.603784100955
0.604132132404
0.604707122014
0.605431091161
0.606108789013
0.606909118232
0.607282453596
0.60794940059
0.608674850895
0.609337805393
0.609838021841
0.610808021727
0.611151059536
0.611863990453
0.612568924993
0.613356162865
0.614025208507
0.614654991168
0.615517290253
0.616294930727
0.616777747285
0.617644836808
0.618415234821
0.619260536929
0.619981630707
0.62068468622
0.621051735514
0.621452234316
0.622160161806
0.622757941109
0.622899645405
0.62375362241
0.624538994966
0.625186372239
0.626008459514
0.626877073661
0.627491485836
0.628261345596
0.628749618092
0.62963978545
0.630665059895
0.631070528864
0.631451785396
0.632164919623
0.632545075708
0.633074399118
0.634074342155
0.634906524508
0.635767058436
0.636507952744
0.637280135142
0.63788555772
0.638845367963
0.639484431544
0.640319673374
0.641449805076
0.642056325585
0.642914877102
0.643536195481
0.644244038235
0.64509015562
0.645975262887
0.646944968046
0.647756542691
0.648603605338
0.649251730788
0.649767356816
0.650568365023
0.651145841997
0.652299530682
0.65297510858
0.653602756633
0.654406666552
0.654732846852
0.655441411981
0.656554542829
0.657303938698
0.658159583353
0.658740112912
0.659528582252
0.660492065801
0.66161964381
0.662505892402
0.663345577682
0.663827427148
0.66446789049
0.665324293195
0.666101521879
0.666981421636
0.668074757728
0.668896426565
0.669534042191
0.670344860109
0.6710965153
0.6717876928
0.672851992671
0.674132133531
0.675127438927
0.675813238176
0.676234972262
0.677476384297
0.678554557821
0.678968838378
0.679710746556
0.680529671715
0.680898776684
0.681977804333
0.683169770138
0.68424469919
0.685510318534
0.686664534405
0.687648418824
0.688636770802
0.689669111483
0.690976139715
0.691575215571
0.692877364656
0.694041418006
0.694653137934
0.695659904534
0.696815506185
0.698130005942
0.699088306716
0.699863001565
0.699232774138
0.700581312199
0.701921696107
0.702977908692
0.703830683812
0.704952873431
0.705557398828
0.706168195343
0.70711211168
0.707924172735
0.709386334417
0.710180396981
0.711532022469
0.71263874467
0.713651074675
0.714236402579
0.715279054862
0.716077962749
0.717536689794
0.718433723741
0.719401990546
0.720561339945
0.721469180414
0.722810325949
0.723928856465
0.724704360419
0.725742370132
0.726987158598
0.728257551506
0.729263628075
0.730640834767
0.731940459549
0.732880252957
0.733778101897
0.735428904311
0.736654719638
0.737562688033
0.738522673993
0.73999236467
0.741118632674
0.742185355072
0.743512313838
0.744567779526
0.745662422624
0.746428983431
0.747501469632
0.74865756707
0.75013696901
0.751544728291
0.75342273883
0.754735122462
0.755622938491
0.757416011184
0.758140778791
0.758759664474
0.760216143045
0.761771643909
0.763605652917
0.76443129393
0.765453996646
0.766728128683
0.768030002358
0.769520902149
0.770985153601
0.773092339582
0.774321123236
0.775451872669
0.776851022211
0.778260140421
0.779622358475
0.781251321416
0.782757218674
0.784048034445
0.784469000272
0.785730039127
0.786711691555
0.788395849059
0.789621602838
0.791034035727
0.792854324831
0.794336340322
0.79593475597
0.797459293676
0.799381473783
0.800270515267
0.800897083806
0.801999953374
0.803804375389
0.805168520128
0.806892190953
0.807851512281
0.808748346305
0.809941813058
0.8114632955
0.811495447637
0.812720838104
0.814386178136
0.815823328107
0.817187949206
0.818676251158
0.819796559152
0.82146722482
0.823012779938
0.823504412779
0.824861505333
0.825056655336
0.826152418461
0.82783928459
0.829577427311
0.830881165598
0.832498148036
0.834471846864
0.835788262249
0.837300030419
0.838237707606
0.840187091927
0.841466952011
0.843445460618
0.845150722387
0.846615751228
0.848734573014
0.850353391721
0.851505893983
0.85380240585
0.855415757407
0.85763995156
0.859415850224
0.86050663322
0.861791516275
0.863350388439
0.864879456681
0.866894589128
0.869184632448
0.8709225978
0.872392593826
0.873811042883
0.875784683781
0.87774510259
0.879416216732
0.881813344843
0.883776211089
0.885801793183
0.885237831085
0.887394300769
0.889525027032
0.890911239391
0.892832400883
0.894587822173
0.896307077528
0.898829959215
0.901345939865
0.902789622467
0.904455436984
0.906297238693
0.907058040772
0.909185408702
0.911938837123
0.913206149118
0.915807006152
0.918390781143
0.920714722336
0.922951288549
0.925689833404
0.92820963662
0.930798175678
0.934345176731
0.936403017942
0.938541119171
0.941608108886
0.943443664312
0.946162190668
0.946804431348
0.948446158456
0.950648099798
0.953880651832
0.954627783537
0.957335766012
0.959547798901
0.961211677623
0.96382103525
0.964379810773
0.965961446054
0.9683649034
0.971167921973
0.972797764445
0.97559667935
0.977976700439
0.981091226639
0.984223294845
0.987053347683
0.98959402031
0.991502165799
0.995052521288
0.99808739494
0.999966508697
1.0026830021
1.00438716265
1.00792805267
1.01172773278
1.01476180341
1.01726525534
1.01536747116
1.01861471974
1.02227215218
1.02551533212
1.02787686879
1.03145142574
1.03417510955
1.03825588073
1.0417850596
1.04576172486
1.04929262619
1.05105962087
1.05380975722
1.05635166277
1.05817432205
1.06035219509
1.0630563366
1.06449230461
1.06688226151
1.07057098335
1.07424649408
1.07821224238
1.0832697744
1.08631952836
1.09060043627
1.09545651669
1.09795329619
1.10338853332
1.10778115839
1.11041595186
1.11305066062
1.11705196256
1.11968333003
1.12440081166
1.12882997915
1.13256563456
1.13741891782
1.14161532395
1.14432157943
1.14966344182
1.15477686262
1.15682848058
1.16114181043
1.16454511381
1.16880065869
1.17233812739
1.17576874696
1.17949104143
1.1834626693
1.18631197062
1.18825388719
1.193452842
1.19772537402
1.20275885515
1.20708484021
1.21049393972
1.21507397407
1.22261073029
1.22805670521
1.23252103771
1.23857362833
1.24140546302
1.24828584849
1.25353666596
1.25802148631
1.2636948085
1.27058616762
1.27417327759
1.27603825362
1.27876690428
1.28390644644
1.29142979409
1.29669850413
1.293068706
1.29713807904
1.30131648116
1.30626961709
1.31156893359
1.32024765031
1.32673596582
1.33753837286
1.34592096114
1.34917020865
1.3572456516
1.3602324008
1.37061261592
1.37708698951
1.38067512577
1.38916576679
1.39518983173
1.39846812362
1.40806301833
1.41289048443
1.4195056867
1.42738068087
1.43483922547
1.44466724984
1.45136114214
1.45815387231
1.46063335535
1.47178389813
1.47567706799
1.48385675712
1.49142161241
1.50418171368
1.51235844566
1.52386369385
1.53094206463
1.53899310062
1.54630342899
1.55327033559
1.55810975406
1.5605806418
1.57438748724
1.57672174998
1.58657910878
1.60203601065
1.605766048
1.61907457465
1.62649000816
1.6332994635
1.64923713876
1.65813928789
1.67219213807
1.68398501254
1.69745118635
1.71667161111
1.7361911993
1.75175396783
1.76581369863
1.77039441977
1.79236195928
1.79971958647
1.82032912261
1.83827883632
1.8627290956
1.87410748412
1.88800439903
1.90415274317
1.93255914964
1.94902401159
1.97428056282
1.98467064116
2.0014301002
2.01083669732
2.02529196744
2.04981252283
2.07645334606
2.09659516293
2.12106010933
2.15318041261
2.1433670748
2.16687475898
2.18409591911
2.19727989135
2.22620812668
2.26878814001
2.28497389925
2.29348282227
2.3167099882
2.35578263852
2.40656493867
2.42695576428
2.44016140497
2.45917353283
2.47310367236
2.50738524997
2.59486291543
2.69428214101
2.67224642434
2.6819322806
2.77955787586
2.79544222588
2.76766764105
2.75695214403
2.76646486991
2.72090882352
2.72580226151
2.52223726874
2.35655554925
2.12620586403
1.72451399352
0.925018175728