1.0
0.999377076988
0.999377076988
0.999377076988
0.999377076988
0.999377076988
0.999377076988
0.999377076988
0.999377076988
0.999377076988
0.999377076988
0.999350100007
0.999350100007
0.999350100007
0.999350100007
0.999350100007
0.999350100007
0.999350100007
0.999350100007
0.998781877355
0.998781877355
0.998781877355
0.998515732911
0.998515732911
0.998515732911
0.998220159034
0.997867219087
0.997867219087
0.997867219087
0.997867219087
0.997867219087
0.997867219087
0.997867219087
0.997867219087
0.997867219087
0.997867219087
0.997867219087
0.997867219087
0.997867219087
0.997867219087
0.997450835252
0.997450835252
0.997450835252
0.997311152071
0.997311152071
0.997311152071
0.997311152071
0.997311152071
0.997008434092
0.997008434092
0.997008434092
0.996155940171
0.996155940171
0.996155940171
0.996155940171
0.995979256941
0.99586196572
0.995633567724
0.995633567724
0.995633567724
0.994864137313
0.994864137313
0.994864137313
0.994864137313
0.994864137313
0.994864137313
0.994777874952
0.994437303897
0.994437303897
0.994176384244
0.994176384244
0.99396568656
0.993945427167
0.993945427167
0.993945427167
0.993702527711
0.993702527711
0.992832226851
0.992301750646
0.992301750646
0.992301750646
0.992301750646
0.992301750646
0.992221139589
0.991958407253
0.991958407253
0.991202838533
0.991202838533
0.991202838533
0.990979238814
0.990979238814
0.990979238814
0.990652955963
0.990652955963
0.990652955963
0.990652955963
0.990652955963
0.990652955963
0.990652955963
0.990652955963
0.990652955963
0.990363993045
0.990363993045
0.990363993045
0.990363993045
0.990072577675
0.990072577675
0.990072577675
0.990072577675
0.990072577675
0.989493478928
0.989493478928
0.989046919261
0.988810204251
0.988810204251
0.988810204251
0.988802100494
0.988802100494
0.988802100494
0.988802100494
0.988802100494
0.988802100494
0.988802100494
0.98869419257
0.98869419257
0.98805133005
0.98805133005
0.98805133005
0.987854813941
0.987854813941
0.987854813941
0.987169619953
0.986995389175
0.986995389175
0.986995389175
0.986995389175
0.986995389175
0.986995389175
0.986995389175
0.986995389175
0.986995389175
0.986737455117
0.986737455117
0.986737455117
0.986737455117
0.986737455117
0.986737455117
0.986737455117
0.986200261325
0.986022085297
0.985596104908
0.985596104908
0.985006983093
0.985006983093
0.984650631037
0.984631011415
0.984631011415
0.984631011415
0.984631011415
0.984631011415
0.984491861375
0.984491861375
0.984174961822
0.984174961822
0.984174961822
0.984174961822
0.984155022314
0.984155022314
0.983822555017
0.982609230648
0.982609230648
0.981822846325
0.981822846325
0.981822846325
0.981822846325
0.981822846325
0.981822846325
0.981788725243
0.98154497276
0.980641083959
0.980641083959
0.980641083959
0.980641083959
0.980437210491
0.980437210491
0.980437210491
0.980437210491
0.980437210491
0.980437210491
0.980177677007
0.980177677007
0.980177677007
0.980177677007
0.980177677007
0.979690811811
0.979464439754
0.979464439754
0.979464439754
0.979464439754
0.979464439754
0.979274001463
0.979025344074
0.979025344074
0.979025344074
0.979025344074
0.979025344074
0.978726571345
0.978726571345
0.978726571345
0.978726571345
0.978726571345
0.978423746738
0.977750281872
0.977750281872
0.977376016248
0.977376016248
0.976311864988
0.976311864988
0.976311864988
0.976311864988
0.976311864988
0.976311864988
0.976311864988
0.976311864988
0.975541474922
0.975541474922
0.975093529086
0.974795396128
0.974580220051
0.974580220051
0.974339773048
0.973977982945
0.973977982945
0.973977982945
0.973678570446
0.973678570446
0.973678570446
0.973347169432
0.973347169432
0.973347169432
0.973235742772
0.972874699068
0.972874699068
0.972874699068
0.972115185097
0.972115185097
0.972115185097
0.971927519144
0.970858889491
0.97017124305
0.969794738231
0.969513026043
0.969513026043
0.969184930509
0.968595382181
0.968135600594
0.968135600594
0.968135600594
0.968135600594
0.968135600594
0.967812943108
0.967812943108
0.967812943108
0.967812943108
0.967018988169
0.966719895555
0.966173531722
0.965858444851
0.965485778653
0.965295233733
0.965295233733
0.965132625449
0.965132625449
0.965132625449
0.964772754657
0.964453082765
0.964453082765
0.964453082765
0.964148232219
0.963014026111
0.963014026111
0.962725702964
0.962453587331
0.962126344824
0.962126344824
0.962126344824
0.962126344824
0.962126344824
0.962126344824
0.962126344824
0.961830237805
0.960544299508
0.960368682562
0.960030990473
0.960030990473
0.960030990473
0.959094793272
0.958839311667
0.958839311667
0.958691204843
0.958691204843
0.958691204843
0.958691204843
0.958445746306
0.957787635927
0.956599795743
0.95620633701
0.955800296128
0.955800296128
0.955614656114
0.955614656114
0.955284747897
0.95457641555
0.954355374913
0.954355374913
0.954355374913
0.954020455162
0.954020455162
0.954020455162
0.954020455162
0.954020455162
0.953758469226
0.953758469226
0.953758469226
0.953328543586
0.953328543586
0.953259448394
0.953259448394
0.952574787548
0.952333061004
0.95169179791
0.951360610153
0.950159121536
0.950159121536
0.950159121536
0.950159121536
0.950159121536
0.949952688987
0.949338296245
0.949338296245
0.949338296245
0.949035471638
0.948772526046
0.948568972463
0.948110790302
0.948110790302
0.948110790302
0.948110790302
0.947134074315
0.947134074315
0.947134074315
0.946773670381
0.946620338767
0.946615860375
0.946357606432
0.946313249024
0.946313249024
0.945712611344
0.945465020239
0.945465020239
0.945465020239
0.944700494734
0.944700494734
0.94442976527
0.94403481374
0.943815692414
0.943815692414
0.943560530694
0.943539418274
0.94303463951
0.94303463951
0.942086713186
0.941432228173
0.941432228173
0.941432228173
0.941134521728
0.941134521728
0.940803653856
0.940803653856
0.940249932664
0.940241402394
0.940241402394
0.940241402394
0.939894966778
0.939633407355
0.939633407355
0.939086830264
0.939086830264
0.938874000012
0.938874000012
0.938874000012
0.93836314343
0.936990303002
0.936990303002
0.936990303002
0.936990303002
0.936734394883
0.936434129357
0.935187430305
0.934797703566
0.934797703566
0.934483363093
0.934483363093
0.934232679765
0.933538315736
0.933538315736
0.933194972344
0.933194972344
0.932444521786
0.93225237744
0.931759754311
0.931266704669
0.930967505427
0.930617977588
0.929772627769
0.92948110577
0.928772560167
0.928772560167
0.928537657839
0.928304994708
0.928046527508
0.927789979619
0.927036650094
0.926612695644
0.925684922086
0.924694344409
0.924694344409
0.924020666287
0.924020666287
0.924020666287
0.923214342456
0.922941693681
0.922941693681
0.921254406151
0.920160292315
0.920160292315
0.919936266083
0.919936266083
0.919687502066
0.918988872902
0.918988872902
0.918419157452
0.917288150196
0.917288150196
0.917288150196
0.917001639731
0.916769296485
0.916769296485
0.916423394011
0.916343422724
0.916069281152
0.915405626097
0.914831005742
0.913994506079
0.912768919447
0.912768919447
0.911816727989
0.911535975457
0.910727732315
0.908850326379
0.908227509995
0.908227509995
0.908227509995
0.908001884337
0.907288753713
0.907288753713
0.906934960738
0.906669349437
0.906669349437
0.906669349437
0.906140152773
0.905857374302
0.905857374302
0.905009038888
0.905009038888
0.904672732969
0.904345916975
0.903834420623
0.903459941743
0.902972010263
0.902644021357
0.902314646283
0.9011418407
0.900597822691
0.900525635276
0.900135375395
0.900135375395
0.899859954282
0.899181051369
0.899181051369
0.899181051369
0.898678938314
0.898367796693
0.897510931009
0.896914878349
0.896599791478
0.896183194386
0.895662101479
0.894192975621
0.893293458583
0.89299399277
0.892609704079
0.891897639738
0.891897639738
0.890429526849
0.890061125787
0.889542591961
0.889542591961
0.88896738515
0.888490916221
0.888040784503
0.887609046181
0.886956053965
0.886502296882
0.885812304617
0.885812304617
0.885666436989
0.885326079191
0.883746592957
0.882417576793
0.881871746102
0.880722025564
0.878517323807
0.878517323807
0.878136287281
0.877419158092
0.87716218369
0.876859519025
0.876470165485
0.876019074112
0.874981100119
0.874759099826
0.874759099826
0.873821356513
0.872627918339
0.872074783603
0.870367929765
0.869679376983
0.869679376983
0.869007991371
0.868654838167
0.868398077021
0.868068062176
0.866905439604
0.866905439604
0.866240238438
0.866014079638
0.866014079638
0.865779177311
0.865319395724
0.864252685383
0.863405842766
0.862784199294
0.862291896051
0.862291896051
0.861726605679
0.861391632615
0.860591173345
0.859597076932
0.858887624987
0.858040622428
0.858040622428
0.856682070203
0.855666008343
0.855090108447
0.853202786072
0.852513007063
0.852513007063
0.851543861692
0.851291578938
0.8504085893
0.849739709455
0.849359792527
0.849058780602
0.848727059703
0.848301079314
0.846502258496
0.845187850421
0.844607365505
0.843332356617
0.842899392069
0.842899392069
0.842092321839
0.841266165129
0.840442247615
0.839137969237
0.838472821385
0.838036657985
0.838036657985
0.837667883723
0.837089531375
0.835299880598
0.835053035891
0.834540899769
0.832617110486
0.83127572543
0.830690335609
0.828439090562
0.827558660005
0.827471118103
0.827126761741
0.826934510767
0.826934510767
0.825849140458
0.825849140458
0.825223285165
0.825223285165
0.82389208312
0.823643479045
0.823056703055
0.821934652582
0.821527065589
0.821311996141
0.821017115348
0.820613686862
0.819806136805
0.815806719422
0.81485740693
0.814650867752
0.813782059689
0.812204812651
0.81166319378
0.810088985651
0.808574436101
0.807638612099
0.806302078635
0.806302078635
0.805421754707
0.804853265484
0.803889771416
0.80293214191
0.801497297077
0.800261634063
0.799719961878
0.799446779961
0.797687358331
0.797297045136
0.796967936632
0.795527493809
0.794548538626
0.793709373253
0.792354073194
0.790775919814
0.78955475826
0.789339368926
0.788198978372
0.787530684983
0.786982081953
0.785555607448
0.784252501982
0.783981239376
0.783471768963
0.782230454644
0.78110163327
0.78058203316
0.779842778582
0.778919643358
0.778168233144
0.776876696857
0.776178814092
0.774879120734
0.774189448354
0.773438944481
0.773183196305
0.772662103398
0.772385829259
0.771940335875
0.771006484498
0.771006484498
0.769427638034
0.767334842765
0.766703815995
0.766438631207
0.766036748832
0.764503006174
0.76298115258
0.761973887562
0.761217679071
0.76043843885
0.759334621831
0.759263713956
0.757833080944
0.756990876662
0.756447764994
0.755757346216
0.754852071246
0.754703964422
0.7541591467
0.753236118104
0.750671918754
0.749504231334
0.748419927309
0.747826540359
0.747240617395
0.746089990516
0.746089990516
0.745155339427
0.744730265379
0.743534161495
0.742808022208
0.741348652846
0.738292523452
0.737374986218
0.737368215316
0.735974742295
0.735051820328
0.733164924466
0.731428161366
0.73012569567
0.729798559792
0.726120626983
0.724836074856
0.723727566188
0.722473563092
0.721557358713
0.720468043154
0.719005528255
0.717789431549
0.717000274888
0.714457507843
0.713394316238
0.709824771181
0.708859517745
0.708276900262
0.707778945714
0.705685937188
0.705157167037
0.704047805343
0.702459042439
0.701512982112
0.698905225068
0.698631936523
0.697227160893
0.697216498055
0.696006319224
0.694653098418
0.693552533565
0.692361707786
0.690220769801
0.689661184048
0.688597619244
0.688315533857
0.687128440072
0.684517110976
0.683069524051
0.681516961483
0.680799938923
0.679791927506
0.679535912759
0.679080662879
0.678107572257
0.676210546699
0.675640777935
0.674737049077
0.673636270967
0.672905973173
0.6723977823
0.671719412529
0.666431604397
0.66602423066
0.665034026183
0.663449421786
0.662532311066
0.660851261296
0.659127080346
0.658202612267
0.657544075375
0.655801447715
0.654662549958
0.653901756447
0.651510348391
0.649776304316
0.648793403883
0.646083976676
0.64488632668
0.644308400845
0.643433941478
0.642458398403
0.641674466533
0.64037178758
0.640091301619
0.639798180195
0.638520772169
0.637783596844
0.63755242651
0.635787246947
0.634966581599
0.632168492891
0.630671696967
0.628910675911
0.628342826458
0.62523588864
0.624650605447
0.623131097677
0.621097907674
0.619914119368
0.616652410452
0.614362459303
0.612821679171
0.611827316187
0.608962531426
0.607273058015
0.606350402618
0.604812181568
0.603944866302
0.602466250517
0.601100234305
0.598816360974
0.598025764829
0.597399109824
0.595081808494
0.593562727238
0.591496962264
0.590660249344
0.59021246345
0.588463704658
0.586871423018
0.581132736769
0.579662704569
0.578957890959
0.577291236021
0.574645625901
0.573347851854
0.571794329631
0.57072356741
0.569118756935
0.567752420837
0.567199819244
0.563966473477
0.561624914191
0.559338641721
0.557967880546
0.555505031473
0.553991175009
0.551073769141
0.549360944113
0.547598270317
0.545976452614
0.545112176258
0.54483083727
0.543538927783
0.541489103752
0.540486530383
0.538923518233
0.538568232462
0.537419205009
0.535143328806
0.532789613884
0.531297989437
0.528903329215
0.527346768083
0.526427471481
0.524636967676
0.523543546925
0.521297046842
0.518607185943
0.516436658582
0.515630921207
0.51297262231
0.511068772535
0.50933499503
0.507536867296
0.504023728654
0.501054234821
0.498821223228
0.49666701001
0.492498160127
0.489836395807
0.488556801899
0.48640994604
0.484804495794
0.482401465245
0.479820311982
0.476533438767
0.475087451268
0.473013849108
0.470528501447
0.468763641769
0.466076819779
0.464214341816
0.462333150572
0.461534024157
0.460044425649
0.459089461853
0.456457606794
0.451754708656
0.449698486922
0.44858763243
0.447497837043
0.444931851668
0.438035154525
0.435637028881
0.433650488795
0.43080841588
0.428250934118
0.427128990274
0.42502806459
0.424178076437
0.423500959549
0.419880046268
0.418512910458
0.414365972708
0.413305020299
0.410630114031
0.407921273279
0.406294843899
0.404069749464
0.399759243774
0.398470906339
0.395756680855
0.392958965346
0.389656524388
0.387659188178
0.386142905918
0.38460980303
0.382125814881
0.378057142364
0.376236116185
0.373628998911
0.371436292847
0.369651946832
0.36702241094
0.364017009999
0.361704187062
0.359104613746
0.356560087333
0.35391615661
0.351648757363
0.34862080452
0.343892288913
0.341877732219
0.337853470423
0.334572781655
0.333521719029
0.329200203959
0.32818294253
0.324853817819
0.321238902384
0.320631280545
0.318207510775
0.316043274489
0.313980601738
0.311304922414
0.309973213884
0.30838839623
0.305716742128
0.302007513889
0.297945292389
0.294206128232
0.290288308219
0.288196605891
0.284402154917
0.281592123831
0.276662587065
0.272180143108
0.269530987594
0.266331256426
0.262532407031
0.259868670086
0.256361289376
0.251684888391
0.246746101613
0.243272921957
0.24046848886
0.237051742276
0.233225809272
0.230365156361
0.225138899463
0.213796278584
0.209559733007
0.204334129208
0.199758598673
0.195672279158
0.190983109424
0.184623592745
0.17985871686
0.174646708179
0.170765821573
0.166234901688
0.15949565468
0.154908435009
0.149826846169
0.142923564723
0.137838603761
0.134246680072
0.128790092539
0.11909428039
0.112668987327
0.105392746455
0.0964460919951
0.0860904900704
0.0750294281008
0.0667779773683
0.0569711650729
0.0492311507143
0.0383727526469
0.0306627075282
0.022488557375
0.0128479112526
0.00374579969141