0.254887162258
0.292700320362
0.302895370086
0.309497461734
0.314487736563
0.318488563965
0.321933054588
0.325170407872
0.327988078111
0.330691808704
0.333185253511
0.335485897755
0.337622923744
0.339723258883
0.341628002577
0.343506554791
0.34511292022
0.346719734648
0.34823388501
0.349785133836
0.351257870989
0.352683421437
0.353921618742
0.355287163057
0.356597430825
0.357822782027
0.359057259199
0.360222497053
0.361300452147
0.362358663508
0.363469259043
0.364393903091
0.365373104789
0.366401213303
0.36739076111
0.368374269217
0.36929263009
0.37023347047
0.37111402309
0.372032693524
0.372854628184
0.373698509658
0.374456769866
0.37519522503
0.375976298497
0.376735510003
0.37748268145
0.378205416462
0.378953710788
0.379643535402
0.380353457757
0.38102642924
0.381650122805
0.382394742967
0.382933537753
0.383514493782
0.384154039152
0.384715963713
0.385385966273
0.386034648336
0.386633259837
0.387287833157
0.387913293538
0.388578909978
0.389191619804
0.389805642407
0.3904296225
0.390999253582
0.391540149041
0.392103904291
0.392807601243
0.393388898482
0.394036033539
0.394619078409
0.395221762812
0.39574726436
0.396382949939
0.396951648269
0.397487265009
0.398017397412
0.398543046487
0.399074695603
0.39967689748
0.400249657539
0.40068188136
0.401233781323
0.401826791066
0.402381328647
0.402928888852
0.403472352738
0.404027916303
0.404589085085
0.40511099411
0.405502196466
0.405853331462
0.406316767625
0.406835978928
0.407367047112
0.40793655712
0.408452444566
0.408971838041
0.40949412508
0.410016482988
0.410542978044
0.411136164305
0.411655564848
0.412159339858
0.412598702409
0.413032479958
0.413526938078
0.414043138037
0.414612843281
0.415092809888
0.415562704802
0.416015090302
0.416523521776
0.416987717173
0.417445117066
0.417935366523
0.418369455328
0.418889742263
0.419399244575
0.419923748715
0.420398438653
0.420850032322
0.421280346979
0.421711839531
0.422208671383
0.422677753455
0.423169759799
0.423692831702
0.424257900006
0.424777074088
0.425255881306
0.4257757944
0.426270849938
0.426696965491
0.42715212381
0.427663324492
0.42816573215
0.428676129762
0.429178390149
0.429613458768
0.430122715825
0.430558456467
0.430970955248
0.431369712705
0.431804138745
0.432211495414
0.432653257833
0.433158438638
0.433554223127
0.433927021855
0.434368129116
0.434781487906
0.435217252145
0.435724974698
0.436136750508
0.436343676667
0.436694274407
0.437136865549
0.437535290671
0.43801026126
0.438456500119
0.438882797825
0.439317127752
0.43978838949
0.440190685746
0.440689014065
0.441156576478
0.441448985833
0.441808862101
0.442165890139
0.442577248084
0.442944414191
0.443388005026
0.443840109048
0.444003540334
0.444498359977
0.444948989643
0.44530399192
0.4457406856
0.446219655369
0.446576562358
0.447015375363
0.447541307332
0.447968193272
0.4483973803
0.4488153248
0.44917300645
0.449670564994
0.450149672551
0.450616121797
0.450997997656
0.45146269421
0.451868095112
0.452154652947
0.452613094382
0.453044289521
0.453414511989
0.453783742738
0.454216367799
0.45469744906
0.455120934407
0.455609849471
0.456038743239
0.456529382032
0.456937670876
0.457362390238
0.457792379444
0.458248846321
0.458567891843
0.459022440912
0.459371078806
0.459761992806
0.460096702982
0.460569710717
0.46110406386
0.461460466537
0.46185528786
0.46237954341
0.462819277475
0.463271030438
0.46373060093
0.46400647378
0.46446466669
0.464961211306
0.46542893273
0.465869484669
0.466160979685
0.466629782249
0.467211822918
0.467621726662
0.468167803707
0.46862435618
0.469030740164
0.469522818613
0.469965103822
0.470471011797
0.47088508899
0.471282488288
0.471840946664
0.472315605748
0.472837029786
0.473288515588
0.473512929202
0.473860315276
0.474313983771
0.474875524453
0.475353811365
0.475838771441
0.476370608944
0.476952648673
0.477560533698
0.47798339143
0.478428678114
0.478942460642
0.479433108859
0.479727897407
0.480256655533
0.480749314976
0.481176769808
0.481588346805
0.482111539294
0.4825837778
0.482657980629
0.483085929177
0.483594878091
0.484111429581
0.484552376372
0.484994530127
0.485473196174
0.485844454734
0.486263013818
0.486377365421
0.486797578635
0.48735738829
0.487740413974
0.488211875723
0.488626475559
0.489046035878
0.489535959666
0.490070027918
0.490503045919
0.490924989667
0.490979112765
0.491507674051
0.491984271376
0.492373900655
0.492765670135
0.493190012029
0.493616795614
0.49398125112
0.494532838421
0.494787147838
0.495120679098
0.495545487273
0.495877202165
0.496264677172
0.496731172475
0.497083029033
0.497535037049
0.497986270548
0.498323223616
0.498744870771
0.499133877952
0.499366192768
0.499808566185
0.500154702991
0.500459471257
0.500887533297
0.501282810556
0.501616555333
0.50192946786
0.502119009038
0.502468762943
0.502884133888
0.503138653589
0.503374980687
0.50378976512
0.504151870122
0.504449784483
0.504812767445
0.5049472507
0.505378321324
0.505694383832
0.506029757005
0.50640442668
0.506817088263
0.507272332606
0.507674127225
0.507986688354
0.508297661457
0.508492994209
0.508816002649
0.509128526762
0.509456045236
0.509917340738
0.510255445664
0.510663629138
0.510923675342
0.511270568623
0.511607774975
0.511927237233
0.512266257835
0.512371231926
0.512625005372
0.513017143354
0.513240533983
0.513160838277
0.513481732325
0.513550090436
0.513818997361
0.514218434368
0.514596671214
0.514878289317
0.515218747926
0.515522108325
0.515845996637
0.51607848523
0.516280792456
0.516657496257
0.517000268299
0.517271454805
0.517472357381
0.517835213711
0.518103765456
0.518470750959
0.518811097949
0.519163987895
0.519484916569
0.519735732755
0.520127519358
0.520370435175
0.520642604356
0.520986017093
0.521145232336
0.521499592197
0.521682364961
0.522026329646
0.522378028418
0.522727587249
0.523054700996
0.523291879686
0.523437825661
0.523700137116
0.523985664355
0.524127010595
0.524327880316
0.524654323476
0.524900823815
0.525245914331
0.525415462713
0.525737607126
0.526092995281
0.526410107779
0.526575826683
0.526766961352
0.527092489619
0.527387554019
0.527500059941
0.527875709175
0.528064070652
0.528340810774
0.528695097936
0.5288976704
0.5291667489
0.529450274679
0.529759850403
0.53003096142
0.53016800539
0.530443810963
0.530759063875
0.531074095957
0.531412389072
0.531665223263
0.531868935615
0.532101330295
0.532356907601
0.534562994576
0.534863483833
0.535196681038
0.535636089844
0.535953192576
0.536402273421
0.536838982391
0.53717788465
0.537515709096
0.537898317625
0.538105808418
0.538492737214
0.538788120555
0.539240840326
0.539623276997
0.539981274042
0.540271987576
0.540697318065
0.541034248364
0.541418934284
0.541793590769
0.542224130031
0.54266248963
0.543055336766
0.543401334268
0.543787294763
0.544327599644
0.54475723154
0.545315631316
0.545773327737
0.546212759605
0.54637245575
0.54684152107
0.547246508523
0.547729139625
0.548350173424
0.548782525242
0.549342018514
0.550105092045
0.55060466704
0.551049441018
0.551567759079
0.552026799058
0.552505971004
0.552947053142
0.553292837612
0.55378366893
0.554358732982
0.55462486696
0.555243822127
0.555537594069
0.556089572685
0.556609792041
0.557145314964
0.557408079831
0.557921240788
0.55845782829
0.559136006722
0.559743450279
0.56013969326
0.560785269035
0.561252241054
0.561827060494
0.562337363094
0.563072522243
0.563486299487
0.563986576134
0.56448271976
0.564921206222
0.565196582732
0.565653022108
0.566008237216
0.566472177679
0.566999209043
0.567522269
0.56801103644
0.568676917828
0.569235713318
0.569842129527
0.570475887411
0.57096913598
0.571742749602
0.572252341166
0.572817255836
0.573309196359
0.573964761325
0.574559773785
0.575246749276
0.575940287593
0.576331626953
0.577197677495
0.577763334704
0.578353288469
0.578926173585
0.579462807056
0.580065250648
0.580665734514
0.581271092132
0.581878168939
0.58263433445
0.583298293897
0.583704409566
0.584417791653
0.584894908209
0.585499506123
0.586245148447
0.586794813913
0.587398257553
0.587892078019
0.588382032009
0.589114480968
0.589688308989
0.59018797045
0.590739104546
0.591117283114
0.591638411652
0.592231575858
0.592768465121
0.593681736732
0.594285368794
0.595000999142
0.595649369782
0.596456174032
0.597217476498
0.597724797368
0.598407675998
0.599043606558
0.599507583172
0.600229571677
0.600970904702
0.601758617878
0.60242634348
0.602988432005
0.603638743786
0.604216608961
0.604853866844
0.605255389021
0.606006410877
0.606603689452
0.606858941398
0.607660280084
0.608284396962
0.608959909067
0.609769191903
0.61064567812
0.611168073927
0.612100234504
0.61263521186
0.613209229866
0.613824017653
0.614272872399
0.615185646908
0.615975288431
0.616913710752
0.617777849597
0.618531598697
0.618950287996
0.619534329428
0.620203998041
0.621004142152
0.621049595264
0.621839508603
0.622510844429
0.623354182261
0.623888323099
0.624436041334
0.625114025484
0.625612925423
0.626293292812
0.62694993137
0.627475940337
0.627973220093
0.628320161672
0.62878476665
0.629480131647
0.630097386638
0.630443281457
0.631332201936
0.632195141611
0.633212380936
0.634268079987
0.635005032219
0.636047708333
0.636979256515
0.637766776971
0.638652499487
0.639305651156
0.640347026533
0.641019148428
0.641678483444
0.642390820934
0.643155780684
0.642826906969
0.643568615581
0.644395830854
0.645087717305
0.645518456494
0.64652280456
0.647204859944
0.647907156377
0.648910707328
0.649489414068
0.650416999421
0.65108982228
0.651469038912
0.652376298595
0.653343319019
0.654036774976
0.655199106024
0.656079165186
0.656877870541
0.657547751736
0.658717958524
0.659462337045
0.659856605778
0.660845483518
0.661391622972
0.662850780943
0.663380813532
0.664415973391
0.665479421578
0.666326223823
0.667390305433
0.668538089568
0.669872752336
0.67059544558
0.671284705925
0.671901812439
0.672657838822
0.67326593431
0.673809647434
0.674487449289
0.675321201541
0.676207426306
0.677131991751
0.678310924843
0.679602247772
0.68060223777
0.681558942328
0.682039254039
0.682970589869
0.683839369704
0.684688127317
0.68570442999
0.686883480109
0.687710179127
0.688853537828
0.690040703113
0.690395695836
0.691654187764
0.692883639406
0.693804273618
0.694250793124
0.694850548761
0.695782179711
0.697182724209
0.698300034248
0.699372247565
0.70024633727
0.701438554371
0.702119728069
0.703396059251
0.703761582534
0.704993352521
0.705825217762
0.707191940417
0.708268951169
0.70923346157
0.710435603147
0.711367493466
0.711972106298
0.713087631527
0.714105152639
0.71528725677
0.716510690678
0.717105091578
0.718178128357
0.718926711549
0.719806998776
0.720627611135
0.721157317759
0.722153615973
0.723568158965
0.724967123624
0.726504752391
0.727304306611
0.728370091553
0.729639806024
0.730630934177
0.732198108844
0.733306432802
0.734608190352
0.735424883994
0.736736836282
0.738196356893
0.739128386292
0.739794050749
0.741000282375
0.742549563414
0.742997644925
0.74439768383
0.745493221729
0.747185046689
0.748925402156
0.750068487452
0.749723097954
0.751217606962
0.751731631333
0.75348072082
0.755173819989
0.756996978144
0.758848019147
0.759926625509
0.76122555838
0.762371339095
0.763645718589
0.765155093774
0.766333524219
0.767559814249
0.768859397223
0.770123340647
0.771875745007
0.773096624234
0.774746905917
0.776446233588
0.777423677044
0.778771391526
0.779842248899
0.781711348517
0.78314200181
0.784589192323
0.786554483577
0.787902269814
0.789254904433
0.790489534206
0.791364717392
0.792706920468
0.794336767735
0.795783485107
0.796279187906
0.79699728651
0.7986804332
0.800590228327
0.802215983744
0.803642699749
0.805507394835
0.80665618821
0.808984524072
0.810453732275
0.812049866502
0.814154224501
0.815469613901
0.816004007917
0.818010633635
0.819811755557
0.820638918078
0.822267865027
0.82439096038
0.826294261879
0.828523413348
0.829758112759
0.830806875412
0.832015744194
0.833406633369
0.835105442846
0.837309109399
0.839547763949
0.840793387516
0.842747630668
0.844667274322
0.845848553641
0.848131457055
0.848933992112
0.850750851355
0.852686133823
0.854675120376
0.856841155217
0.858949755494
0.861153544104
0.863686095169
0.864853497709
0.867445880887
0.86958811146
0.870173045222
0.871739877097
0.873449999771
0.875512983117
0.876779844871
0.878847492086
0.880960970812
0.882986420987
0.882807012366
0.884358282547
0.886636513954
0.889016934821
0.891348501116
0.893253659558
0.895559755253
0.896848212056
0.899513862416
0.901967810211
0.904370521267
0.906342445374
0.908585102475
0.911050873367
0.913141383154
0.915415366835
0.917936811717
0.92137616534
0.923338373316
0.925162651236
0.928186884073
0.93174189663
0.934039785882
0.936801198042
0.939204614092
0.941915566844
0.944313605861
0.947354881157
0.9497377439
0.952809682525
0.956198335837
0.958988474225
0.962439140993
0.964395945299
0.964390105636
0.96755212476
0.970109027661
0.973055454877
0.975315038873
0.978157616366
0.981925720746
0.984221322763
0.987414297532
0.990386485654
0.993340755291
0.995902994483
1.0002299204
1.00343590922
1.00777064315
1.0121053956
1.0167399889
1.02115429805
1.02367600539
1.02557079408
1.02818127188
1.0340837647
1.03809032786
1.04243844608
1.04648232448
1.05112153618
1.05500944697
1.05904755017
1.06159947219
1.06406902162
1.06784049851
1.07004676594
1.07463914306
1.07555729777
1.07789702679
1.08113479576
1.08535707331
1.09015213953
1.09283889881
1.09719453994
1.10302851767
1.10701626962
1.11160569957
1.11627664112
1.12230708536
1.12718895517
1.13177842015
1.13789588761
1.14308057747
1.14741946254
1.15369829264
1.15793634323
1.1614872699
1.17114758943
1.17701857283
1.17930735188
1.18376905648
1.18962064265
1.19568231602
1.203323027
1.21197750342
1.21524780153
1.22083501977
1.22943648434
1.23702491669
1.24198441663
1.24693329092
1.2540156894
1.26142479021
1.26824239967
1.2761809886
1.28252093387
1.28775567403
1.29163560121
1.29710280171
1.3075567589
1.31729592326
1.32425810358
1.33437103051
1.34197811685
1.34999877137
1.35879922952
1.36708334733
1.37231274199
1.38188304696
1.39591136445
1.40682656524
1.41569031103
1.4260588532
1.43914450836
1.4508165281
1.46000447228
1.47318822526
1.4813931152
1.49292196819
1.50641812471
1.51877154853
1.53180804752
1.5419426798
1.55815396391
1.56787030696
1.57981657537
1.59449758327
1.60596620926
1.62194283724
1.63050068813
1.64505890479
1.66042327806
1.66817544487
1.68625550925
1.70493744621
1.71626022066
1.73239537532
1.74372823842
1.75623283888
1.77988872208
1.79761295016
1.81155835707
1.83227557961
1.85801043264
1.87951251649
1.90544769574
1.92363519421
1.96088205237
2.00055514551
2.03378977963
2.04185163688
2.05930171312
2.08145415342
2.0870633921
2.09500583716
2.10486011963
2.14253723653
2.19823498291
2.22507189228
2.24580281405
2.30040800065
2.34601949226
2.40335098909
2.43754685006
2.45811618958
2.5183000037
2.54554187727
2.61024724934
2.65210566726
2.6892099974
2.75409613361
2.80063327355
2.85395336239
2.78388238054
2.76672024853
2.77418829165
2.70673900416
2.51080111977
2.45812015953
1.75396231964