0.254887135176
0.287526997763
0.298468308705
0.305835669433
0.31124104989
0.315859756079
0.319720523107
0.32303785444
0.326018511401
0.328655837652
0.330915078227
0.333079691361
0.335077481405
0.337046106864
0.338807994733
0.340432337959
0.342094091176
0.343561359333
0.344929216253
0.346295164948
0.347661067814
0.348865610796
0.350105794292
0.351231617124
0.352420441093
0.353542433166
0.354617117513
0.355603473063
0.356595440544
0.357590492713
0.358549125404
0.359395997204
0.360186488042
0.361089847356
0.361985778633
0.362926472482
0.363744410281
0.36455997587
0.365399800309
0.366189177148
0.367012133276
0.367800982441
0.368592513811
0.369390860681
0.370170922567
0.370997286537
0.371733838033
0.372479957
0.373221436005
0.373875470547
0.374597212912
0.375335221772
0.376012799758
0.376722702428
0.377393779176
0.37799182068
0.378725777685
0.379372223434
0.379969590152
0.380617966781
0.381277567241
0.381911527807
0.382594114217
0.383220217224
0.383845159999
0.384344521724
0.384984472734
0.385570594688
0.386180167745
0.386831878016
0.387460133576
0.388063800686
0.388777706845
0.389403629205
0.389972715908
0.39055721716
0.391152783559
0.391705389232
0.392116928088
0.392702679058
0.393266966419
0.393871780026
0.394516101478
0.39505426089
0.395540581585
0.396104437151
0.396645240569
0.397150206468
0.397633706577
0.398149888047
0.398736554952
0.399302323503
0.399883368047
0.400479205249
0.401032487409
0.401482655909
0.402099968394
0.40252808524
0.403034018909
0.403565129145
0.404020553837
0.404545014943
0.405103743429
0.405568676263
0.406079713716
0.40656127352
0.40712045234
0.407559411192
0.40802274611
0.408523834137
0.408983155366
0.409289012931
0.40979801435
0.410268186341
0.410566398367
0.411094136878
0.411579538749
0.412153916181
0.4126681061
0.412909140398
0.41343073244
0.413956574595
0.414490278438
0.414980671252
0.415485799496
0.415941920127
0.416425743008
0.416932296615
0.417339838545
0.417775346866
0.418215993566
0.418698697649
0.419214645803
0.419785862322
0.420302323052
0.42080593952
0.421315515959
0.421729187392
0.422219919466
0.422645690162
0.423052220984
0.423513094599
0.423909637315
0.424409088852
0.424890509601
0.42534859558
0.425727104984
0.426235915605
0.426715122758
0.427155607569
0.427606924474
0.428056094856
0.428532416765
0.429064430375
0.429523821963
0.430017506571
0.430481050012
0.431000464742
0.431410210199
0.431852938189
0.43241711303
0.432856517261
0.433225068296
0.433739542661
0.434172678678
0.434749673328
0.435230176862
0.435644179822
0.436002614844
0.436610487409
0.437052961231
0.437415810767
0.437806864191
0.43827715026
0.438766710171
0.439188391471
0.439656378955
0.440141773972
0.440585589405
0.441173351649
0.441482290886
0.441914493137
0.442318699993
0.44278018305
0.443212635789
0.443643348009
0.444008604547
0.44442980319
0.444798388313
0.445166770765
0.445621360286
0.445992164777
0.446437305174
0.446853378505
0.447360161817
0.447824593366
0.448205018801
0.448578704873
0.448968581326
0.44942686258
0.449894641462
0.450389581695
0.450837142336
0.451260443551
0.451533846197
0.451845512755
0.452290451808
0.45259222296
0.452988137281
0.453384625691
0.453848487879
0.454244014775
0.454657673077
0.454965398589
0.455233215951
0.455647682161
0.456084166341
0.456540255578
0.456970324027
0.457449342723
0.457589063911
0.457990720555
0.458485069736
0.458992737381
0.459396155007
0.459843232152
0.46023242701
0.460595993261
0.460964200785
0.461406732851
0.461902291484
0.462319152072
0.462758860219
0.463112812804
0.46350559638
0.463931113933
0.464265874231
0.464483462919
0.464995379768
0.46548293442
0.465951297691
0.466374038441
0.466850296724
0.467225695337
0.467698447138
0.468239122405
0.46854426822
0.469002825424
0.469440396828
0.469855333364
0.470317375364
0.470766108187
0.47117034391
0.471394329159
0.471844667653
0.47225669682
0.47263246686
0.472637979045
0.473132216526
0.473536550405
0.473947617473
0.474348923898
0.474694870852
0.475060978393
0.475364181099
0.475749962123
0.476047796678
0.476352883409
0.476862121618
0.477341925426
0.477595333307
0.478019025303
0.478416996337
0.478759342034
0.479120822643
0.479423385275
0.479854267036
0.480289268681
0.48070763854
0.480965711398
0.481405816465
0.48172304496
0.482103643915
0.482539250685
0.482838397338
0.483320355487
0.483655551347
0.484047066853
0.484463056476
0.484839582319
0.485296259113
0.485797006941
0.486308805544
0.486623309878
0.48705154512
0.487326116582
0.487708206004
0.488083753804
0.488587389033
0.489017335131
0.489506152542
0.489938296529
0.490443893908
0.490834930413
0.49118411259
0.491773348724
0.492026591969
0.492513929397
0.492983030163
0.493437238045
0.493836439807
0.494168688562
0.494562804564
0.494881144969
0.495388744207
0.495831276585
0.495961830852
0.496369693845
0.496804286874
0.49729088477
0.497719937561
0.497907413758
0.498259289906
0.498577829142
0.499012920364
0.499319475719
0.49967980177
0.500157970563
0.500556582906
0.500952188599
0.501108633144
0.501554615453
0.50188882169
0.502418691401
0.50301542017
0.503100304592
0.503626562205
0.503955567294
0.50432672029
0.504869201551
0.505270354609
0.505730809775
0.506172421975
0.506618528502
0.506916169248
0.507310187336
0.507943399508
0.508448153546
0.5086865566
0.50909651473
0.509468031959
0.509891998925
0.510183104362
0.510566774914
0.510883459451
0.511173681202
0.5114248827
0.51182203287
0.512374903844
0.512868209509
0.513289191844
0.513577157986
0.514117888377
0.51465844641
0.51519161884
0.515707556601
0.516105612596
0.516372373409
0.516843437512
0.517322118498
0.517716515633
0.517804703577
0.518261555886
0.518643322837
0.518874622458
0.519489263246
0.519840464148
0.52001494688
0.520487525601
0.520971757324
0.521321684049
0.521705646223
0.522033800356
0.522395136979
0.523003848407
0.523466366284
0.523978482374
0.524493656328
0.524765765397
0.525397372148
0.525799321042
0.526139401321
0.526605776019
0.527130854321
0.527760877772
0.52826869661
0.528673867906
0.52914624399
0.529599309911
0.530226649643
0.53087700764
0.531193812234
0.531373922358
0.53186351776
0.53223185477
0.532867849836
0.533488524075
0.534096228258
0.534490779238
0.535096843942
0.535573686102
0.536229831724
0.536783295085
0.537128840361
0.537607028619
0.538291054954
0.538964932995
0.539101552239
0.539616881577
0.540171296014
0.540800590179
0.541382882401
0.54163515878
0.542221255028
0.54281025311
0.543292061723
0.543943548265
0.544384057249
0.544821391535
0.545412964825
0.545978058706
0.546685969491
0.547159424984
0.547646700718
0.548326175953
0.548934603267
0.549492654732
0.550010179091
0.550729018904
0.551335862925
0.552022403778
0.552774206125
0.553352091961
0.55388525781
0.554152611282
0.554761000209
0.555584640547
0.556087452905
0.556606725482
0.557158901477
0.557658030598
0.558420325398
0.559089949594
0.559252386464
0.55977217123
0.560505378238
0.561280902151
0.561830447714
0.562519082571
0.563209455823
0.563896819492
0.564532550706
0.564926191418
0.565803461559
0.566451936006
0.567182564033
0.567997670223
0.56865658564
0.568653044305
0.569198343885
0.569759819649
0.570387684089
0.571219029695
0.57210225485
0.57297886402
0.573922725751
0.574627570108
0.575476992261
0.576205128069
0.576853862608
0.577657375198
0.578312375924
0.579001727647
0.579862638158
0.580651304773
0.581226528342
0.581961035352
0.582417912722
0.583149119318
0.584046459306
0.584946957297
0.585498140653
0.585995817137
0.586700825502
0.587609442691
0.588670432264
0.58921046583
0.589843692261
0.590357911383
0.591212473016
0.59204054392
0.59254066861
0.593161540856
0.593713315548
0.594640221685
0.595466445975
0.596265412127
0.596756126227
0.597757129592
0.598569920167
0.599148693815
0.600009877671
0.60083805923
0.601819134605
0.602552940487
0.603384542557
0.60420070939
0.605173486446
0.605821817859
0.606712265424
0.607715863691
0.608140800899
0.608644627192
0.609198698192
0.609930928874
0.610902536014
0.611479175556
0.612356582622
0.613099829777
0.613667192241
0.614518215252
0.61526859886
0.616448488167
0.617140575769
0.618037833331
0.618622335605
0.619379668818
0.620066139886
0.621106604249
0.621703762751
0.622166887049
0.623249138747
0.623361033228
0.624222502229
0.625041304413
0.625895414449
0.62667449273
0.627834521539
0.628714373997
0.629673536453
0.630177237872
0.631147136848
0.632031015003
0.632615578322
0.633213539726
0.634154194097
0.635368329076
0.635646374797
0.636802803413
0.637635061425
0.638336643425
0.639336650912
0.640119123326
0.640598200757
0.64159934682
0.642214184691
0.642917449648
0.643299285282
0.644152264715
0.645410964078
0.646279751632
0.647369011093
0.648421973096
0.649332991517
0.650486002816
0.651167829029
0.651768310604
0.652311359115
0.652939487178
0.653820253676
0.654276745127
0.654842268388
0.655603563023
0.656175605595
0.657043224633
0.657935613512
0.658607784784
0.659118836976
0.660219630972
0.661146179988
0.662367462436
0.663246130846
0.664409188314
0.665540065069
0.6663065811
0.666941214228
0.667718701787
0.668662179363
0.669574808895
0.670316395967
0.670889947613
0.671363688267
0.672084542944
0.672730500879
0.673627304289
0.674759947962
0.67555649072
0.676343598296
0.677276373207
0.677702966916
0.678616817123
0.679927593191
0.680605783844
0.681656792265
0.68261910542
0.683213174034
0.683036120271
0.684037860218
0.68502407048
0.686256561128
0.687456825954
0.688276992502
0.689456937787
0.690688770698
0.691978814342
0.693123105124
0.693883543506
0.694613328251
0.694974433685
0.696371267366
0.697793348726
0.699109508258
0.700281976548
0.701546238037
0.702395243144
0.703558334265
0.70503072183
0.705166141512
0.7062845776
0.707580436237
0.708791329347
0.709873089392
0.710815385959
0.712218569593
0.713597403423
0.714879343205
0.716101583905
0.716894208473
0.717921180746
0.719128541067
0.720159665685
0.721358188118
0.722522126106
0.723477576117
0.724186890569
0.72571161496
0.726552173365
0.727206355815
0.728075037901
0.728831760525
0.730109406742
0.731230343357
0.732312924305
0.733112820801
0.734366818749
0.733632144422
0.734969947988
0.735750152956
0.737396307024
0.738123468577
0.739405817864
0.740714648647
0.741873484265
0.742889423895
0.744329921731
0.745416456636
0.746392115332
0.747952965716
0.749452725246
0.749935320735
0.750812770546
0.752081589632
0.753021423542
0.754157539711
0.755161893857
0.756238523113
0.757249864588
0.758655431613
0.759727480485
0.760838802717
0.762253196564
0.76325997041
0.764303960706
0.765194464909
0.766362236235
0.76734023825
0.768137016556
0.769287835744
0.770799781211
0.771648592349
0.772839487668
0.773523282541
0.775042456867
0.776632562243
0.777310495048
0.778495931048
0.779870067587
0.782155037852
0.78327997824
0.783862015505
0.785343498852
0.787103623881
0.788184219564
0.789228157224
0.79085109353
0.792557931466
0.794214442184
0.796212811818
0.797061313801
0.798424430602
0.799771508954
0.801320245497
0.80273914591
0.804490427426
0.806312784937
0.807255581786
0.808909431929
0.810540678498
0.812367098576
0.814378740615
0.815115040259
0.816236952511
0.817934679967
0.819443329868
0.821386745051
0.823745607329
0.82528983673
0.826893110287
0.829135728177
0.830151346084
0.831529894052
0.833345950301
0.834736259079
0.837292155463
0.838656248427
0.839927381677
0.839065062171
0.840166056782
0.841757245328
0.84377917242
0.845511945361
0.847174974229
0.848910548937
0.850773508576
0.853262135008
0.855984768333
0.857573734898
0.858790155522
0.859943631134
0.861849460011
0.863200720214
0.864096654079
0.866313159365
0.867861500336
0.869878798051
0.872668851807
0.875065122106
0.876162030183
0.878054890566
0.879999707337
0.881997254801
0.883680576722
0.886113217343
0.888433045175
0.890309844526
0.892139287771
0.894609082681
0.897036069115
0.899450743074
0.900693839594
0.902307780511
0.904542872083
0.906948013831
0.910197565863
0.910845029451
0.911983311494
0.915011354317
0.91679474291
0.919361839965
0.921062418913
0.923908076851
0.926346390893
0.928295171532
0.931129664157
0.934548877104
0.936850764557
0.938332892405
0.939616180672
0.941568897888
0.943854578775
0.946921586315
0.949726870206
0.95281720481
0.955391811367
0.956846703527
0.959919109539
0.961848080804
0.964266033739
0.966151504157
0.967652686555
0.970886829743
0.972546504249
0.975428727662
0.978411319794
0.982071014178
0.984735300086
0.985784571934
0.989402287638
0.990948446925
0.992135103899
0.994774066654
0.995879362563
0.999328328402
1.00317438409
1.00745532804
1.01045263007
1.01244995126
1.01447452585
1.01779147334
1.02142243964
1.02369259679
1.02671806672
1.03060453092
1.03421539936
1.03623651815
1.04039183026
1.04435438764
1.04435846807
1.04591002035
1.04918059201
1.05313247526
1.05510650295
1.05600533654
1.05910486949
1.06266421287
1.06549287304
1.07029699306
1.07298001625
1.07697387473
1.08106746155
1.08474400619
1.08961262876
1.09149504492
1.09480120768
1.09963542048
1.1024483685
1.10652122898
1.11012750718
1.11442018122
1.11799638056
1.12244280152
1.12557741691
1.12964767029
1.1339019607
1.13754636259
1.13951488697
1.14362457472
1.14902852157
1.15536059332
1.16067434103
1.16049220396
1.1619949427
1.16449010471
1.16890731854
1.17106481415
1.17480659027
1.17694999412
1.18400139381
1.18977270435
1.19451971979
1.19976393408
1.20662995938
1.21274826144
1.21962040753
1.22206924218
1.22612541357
1.23168910583
1.2369014704
1.2440530901
1.25047031769
1.25807671804
1.26141793496
1.26753199939
1.2762648772
1.2818468863
1.28745380173
1.2931107344
1.29793194773
1.30334265258
1.30815614859
1.30831542664
1.31493216683
1.32033506388
1.32658894166
1.33494820502
1.34062941036
1.34972480498
1.35826277558
1.36372885742
1.37585512303
1.38174961095
1.38634793326
1.39464793395
1.40269021633
1.40731485612
1.42048647435
1.42782663168
1.43451775906
1.44179312125
1.45066842404
1.45853058974
1.46857481907
1.48080493447
1.4887728363
1.49661381476
1.50490459732
1.51493877354
1.52403107366
1.53382144937
1.54698975257
1.55640870332
1.56480409143
1.5715325368
1.58558177566
1.59478386049
1.60524668029
1.61740895747
1.63217985714
1.63979028344
1.65639814894
1.67021504937
1.68141908944
1.69374868464
1.70279316527
1.72148672071
1.73333127501
1.74600211877
1.75913545603
1.77497051497
1.78303227959
1.79563592176
1.82236868426
1.83118735936
1.84177773442
1.85659374803
1.88474445032
1.89363362942
1.90989964948
1.9335811241
1.95428990909
1.98295015686
2.00139903044
2.03167767351
2.05629067546
2.07754891676
2.10275017211
2.13676134556
2.16835894802
2.176178545
2.19814099889
2.21466824314
2.21827323302
2.24652595632
2.27541143923
2.31611010836
2.32401061564
2.35862374424
2.39859736775
2.44195024822
2.43332340781
2.44828169767
2.4920614823
2.54582915029
2.60002852628
2.65412793154
2.68831897494
2.72890913589
2.7778801946
2.81333224903
2.84584739771
2.92051031153
2.87612487642
2.96753413014
2.91848287345
2.81431506596
2.8548396791
3.04100103619
3.05876296476
2.37404538596
1.18869898017